Time step 53:
        99	        99	        99	        99	        99	        99	        99	        99	        99	        99	        99	        99	        99	        99	        99	        99	        99	        99	        99	        99	        99	        99	        99	        99	        99	        99	        99	        99	        99	        99	        99	        99	        99	        99	        99	        99	        99	        99	        99	        99	        99	        99	        99	        99	        99	        99	        99	        99	        99	        99	        99	        99	        99	        99	        99	        99	        99	        99	        99	        99	        99	        99	        99	        99	        99	        99	        99	        99	        99	        99	        99	        99	        99	        99	        99	        99	        99	        99	        99	        99	        99	        99	        99	        99	        99	        99	        99	        99	        99	        99	        99	        99	        99	        99	        99	        99	        99	        99	        99	        99	        99	        99	        99	        99	        99	        99	        99	        99	        99	        99	        99	        99	        99	        99	        99	        99	        99	        99	        99	        99	        99	        99	        99	        99	        99	        99	        99	        99	        99	        99	        99	        99	        99	        99	        99	        99	        99	        99	        99	        99	        99	        99	        99	        99	        99	        99	        99	        99	        99	        99	        99	        99	        99	        99	        99	        99	        99	        99	        99	        99	        99	        99	        99	        99	        99	        99	        99	        99	        99	        99	        99	        99	        99	        99	        99	        99	        99	        99	        99	        99	        99	        99	        99	        99	        99	        99	        99	        99	        99	        99	        99	        99	        99	        99	        99	        99	        99	        99	        99	        99	
        99	  98.98802	 98.976042	  98.96407	 98.952107	 98.940155	 98.928218	 98.916297	 98.904396	 98.892518	 98.880666	 98.868841	 98.857048	 98.845288	 98.833565	 98.821881	 98.810238	 98.798639	 98.787088	 98.775586	 98.764136	  98.75274	 98.741401	 98.730122	 98.718904	  98.70775	 98.696662	 98.685643	 98.674694	 98.663818	 98.653017	 98.642293	 98.631648	 98.621084	 98.610602	 98.600205	 98.589895	 98.579672	 98.569539	 98.559498	 98.549549	 98.539695	 98.529936	 98.520275	 98.510712	 98.501249	 98.491886	 98.482626	 98.473469	 98.464416	 98.455468	 98.446626	 98.437891	 98.429263	 98.420744	 98.412333	 98.404032	 98.395841	  98.38776	 98.379791	 98.371932	 98.364185	  98.35655	 98.349027	 98.341616	 98.334317	  98.32713	 98.320055	 98.313093	 98.306242	 98.299503	 98.292875	 98.286358	 98.279953	 98.273658	 98.267472	 98.261397	  98.25543	 98.249572	 98.243821	 98.238178	 98.232642	 98.227211	 98.221885	 98.216664	 98.211546	  98.20653	 98.201617	 98.196804	 98.192091	 98.187477	  98.18296	 98.178541	 98.174217	 98.169989	 98.165853	 98.161811	  98.15786	 98.153999	 98.150227	 98.146543	 98.142946	 98.139434	 98.136007	 98.132663	 98.129401	 98.126219	 98.123117	 98.120093	 98.117145	 98.114274	 98.111476	 98.108752	 98.106099	 98.103517	 98.101004	  98.09856	 98.096182	 98.093869	  98.09162	 98.089435	 98.087311	 98.085248	 98.083244	 98.081297	 98.079408	 98.077574	 98.075795	 98.074069	 98.072394	 98.070771	 98.069197	 98.067672	 98.066195	 98.064763	 98.063377	 98.062035	 98.060736	 98.059479	 98.058264	 98.057088	 98.055951	 98.054852	  98.05379	 98.052764	 98.051773	 98.050816	 98.049892	 98.049001	 98.048141	 98.047312	 98.046513	 98.045743	 98.045001	 98.044286	 98.043598	 98.042936	 98.042298	 98.041686	 98.041097	 98.040531	 98.039988	 98.039466	 98.038965	 98.038485	 98.038025	 98.037584	 98.037162	 98.036759	 98.036373	 98.036004	 98.035653	 98.035317	 98.034998	 98.034693	 98.034404	  98.03413	  98.03387	 98.033623	 98.033391	 98.033171	 98.032964	  98.03277	 98.032589	 98.032419	 98.032261	 98.032115	  98.03198	 98.031856	 98.031743	 98.031641	  98.03155	 98.031469	 98.031398	 98.031338	 98.031288	 98.031248	 98.031218	 98.031198	 98.031188	
        99	 98.976042	  98.95209	 98.928149	 98.904226	 98.880325	 98.856453	 98.832614	 98.808816	 98.785063	  98.76136	 98.737714	  98.71413	 98.690613	 98.667169	 98.643803	 98.620521	 98.597327	 98.574227	 98.551225	 98.528328	 98.505539	 98.482864	 98.460307	 98.437874	 98.415569	 98.393396	  98.37136	 98.349466	 98.327717	 98.306117	 98.284672	 98.263384	 98.242258	 98.221298	 98.200506	 98.179887	 98.159444	 98.139181	   98.1191	 98.099205	 98.079499	 98.059984	 98.040664	  98.02154	 98.002616	 97.983894	 97.965375	 97.947063	 97.928959	 97.911065	 97.893384	 97.875915	 97.858662	 97.841625	 97.824806	 97.808206	 97.791826	 97.775666	 97.759729	 97.744014	 97.728522	 97.713254	 97.698209	 97.683388	 97.668792	  97.65442	 97.640272	 97.626349	 97.612649	 97.599172	 97.585918	 97.572887	 97.560077	 97.547488	 97.535119	 97.522969	 97.511037	 97.499322	 97.487823	 97.476538	 97.465466	 97.454606	 97.443956	 97.433514	 97.423279	  97.41325	 97.403423	 97.393799	 97.384374	 97.375147	 97.366115	 97.357278	 97.348631	 97.340175	 97.331905	 97.323821	  97.31592	 97.308199	 97.300656	 97.293289	 97.286096	 97.279074	  97.27222	 97.265532	 97.259009	 97.252646	 97.246442	 97.240395	 97.234501	 97.228758	 97.223164	 97.217716	 97.212411	 97.207248	 97.202223	 97.197334	 97.192578	 97.187954	 97.183457	 97.179087	  97.17484	 97.170713	 97.166705	 97.162814	 97.159035	 97.155368	  97.15181	 97.148358	  97.14501	 97.141763	 97.138616	 97.135567	 97.132612	 97.129749	 97.126978	 97.124294	 97.121696	 97.119183	 97.116752	   97.1144	 97.112126	 97.109928	 97.107805	 97.105753	 97.103771	 97.101858	 97.100011	 97.098229	  97.09651	 97.094852	 97.093253	 97.091713	 97.090229	   97.0888	 97.087423	 97.086099	 97.084825	   97.0836	 97.082422	 97.081291	 97.080204	  97.07916	 97.078159	 97.077199	 97.076279	 97.075398	 97.074554	 97.073747	 97.072976	 97.072238	 97.071535	 97.070864	 97.070225	 97.069617	 97.069039	  97.06849	  97.06797	 97.067477	 97.067011	 97.066572	 97.066159	 97.065771	 97.065408	 97.065068	 97.064753	  97.06446	  97.06419	 97.063943	 97.063717	 97.063513	  97.06333	 97.063168	 97.063027	 97.062907	 97.062807	 97.062727	 97.062667	 97.062627	 97.062607	
        99	  98.96407	 98.928149	 98.892245	 98.856367	 98.820523	 98.784722	 98.748971	 98.713281	 98.677658	 98.642111	 98.606649	  98.57128	 98.536012	 98.500853	 98.465811	 98.430894	  98.39611	 98.361467	 98.326971	 98.292632	 98.258456	  98.22445	 98.190622	 98.156979	 98.123528	 98.090275	 98.057228	 98.024392	 97.991775	 97.959383	 97.927221	 97.895295	 97.863613	 97.832178	 97.800997	 97.770075	 97.739417	 97.709028	 97.678913	 97.649076	 97.619523	 97.590256	 97.561281	 97.532602	 97.504221	 97.476143	 97.448371	 97.420908	 97.393758	 97.366922	 97.340405	 97.314207	 97.288333	 97.262782	 97.237559	 97.212664	 97.188098	 97.163864	 97.139963	 97.116395	 97.093162	 97.070263	 97.047701	 97.025475	 97.003585	 96.982031	 96.960814	 96.939932	 96.919386	 96.899175	 96.879299	 96.859755	 96.840544	 96.821665	 96.803115	 96.784894	 96.766999	  96.74943	 96.732185	 96.715261	 96.698656	 96.682369	 96.666397	 96.650737	 96.635388	 96.620347	  96.60561	 96.591176	 96.577042	 96.563204	 96.549659	 96.536405	 96.523439	 96.510756	 96.498355	 96.486231	 96.474381	 96.462802	  96.45149	 96.440442	 96.429654	 96.419123	 96.408844	 96.398815	 96.389031	 96.379489	 96.370185	 96.361116	 96.352277	 96.343664	 96.335275	 96.327104	 96.319149	 96.311406	  96.30387	 96.296538	 96.289406	  96.28247	 96.275727	 96.269172	 96.262803	 96.256615	 96.250604	 96.244767	 96.239101	 96.233601	 96.228265	 96.223088	 96.218067	 96.213198	 96.208479	 96.203905	 96.199474	 96.195181	 96.191024	 96.186999	 96.183104	 96.179334	 96.175688	 96.172161	 96.168751	 96.165455	  96.16227	 96.159193	 96.156221	 96.153352	 96.150582	 96.147909	 96.145331	 96.142845	 96.140448	 96.138138	 96.135912	 96.133768	 96.131705	 96.129719	 96.127808	  96.12597	 96.124204	 96.122507	 96.120877	 96.119313	 96.117811	 96.116372	 96.114992	  96.11367	 96.112405	 96.111194	 96.110037	 96.108932	 96.107877	 96.106871	 96.105912	    96.105	 96.104133	  96.10331	  96.10253	 96.101791	 96.101093	 96.100434	 96.099814	 96.099232	 96.098687	 96.098178	 96.097705	 96.097266	 96.096861	  96.09649	 96.096152	 96.095846	 96.095572	 96.095329	 96.095118	 96.094937	 96.094787	 96.094667	 96.094577	 96.094518	 96.094488	
        99	 98.952107	 98.904226	 98.856367	 98.808543	 98.760764	 98.713042	 98.665388	 98.617814	  98.57033	 98.522948	 98.475678	 98.428533	 98.381522	 98.334656	 98.287946	 98.241403	 98.195037	 98.148859	 98.102878	 98.057104	 98.011549	  97.96622	 97.921129	 97.876284	 97.831695	  97.78737	 97.743319	 97.699551	 97.656074	 97.612895	 97.570025	  97.52747	 97.485238	 97.443337	 97.401774	 97.360556	  97.31969	 97.279182	  97.23904	 97.199269	 97.159875	 97.120864	 97.082241	 97.044012	 97.006182	 96.968755	 96.931736	 96.895129	 96.858939	 96.823168	 96.787821	 96.752901	 96.718411	 96.684353	 96.650731	 96.617547	 96.584802	 96.552499	 96.520639	 96.489224	 96.458255	 96.427733	 96.397658	 96.368031	 96.338852	 96.310122	  96.28184	 96.254006	 96.226619	 96.199679	 96.173184	 96.147133	 96.121526	  96.09636	 96.071634	 96.047345	 96.023493	 96.000074	 95.977086	 95.954527	 95.932394	 95.910684	 95.889393	  95.86852	  95.84806	 95.828011	 95.808368	 95.789127	 95.770287	 95.751841	 95.733787	  95.71612	 95.698836	 95.681931	   95.6654	 95.649239	 95.633444	 95.618009	 95.602931	 95.588204	 95.573824	 95.559786	 95.546086	 95.532717	 95.519676	 95.506956	 95.494555	 95.482465	 95.470683	 95.459203	  95.44802	 95.437129	 95.426525	 95.416203	 95.406158	 95.396385	 95.386878	 95.377633	 95.368645	 95.359908	 95.351417	 95.343169	 95.335157	 95.327377	 95.319824	 95.312493	  95.30538	 95.298479	 95.291786	 95.285297	 95.279006	 95.272909	 95.267002	  95.26128	 95.255739	 95.250374	 95.245182	 95.240157	 95.235297	 95.230596	 95.226051	 95.221657	 95.217411	  95.21331	 95.209348	 95.205523	 95.201832	 95.198269	 95.194832	 95.191518	 95.188323	 95.185243	 95.182277	 95.179419	 95.176669	 95.174021	 95.171474	 95.169025	 95.166671	 95.164409	 95.162236	  95.16015	 95.158149	  95.15623	 95.154391	 95.152629	 95.150942	 95.149329	 95.147786	 95.146313	 95.144907	 95.143566	 95.142288	 95.141072	 95.139917	 95.138819	 95.137779	 95.136795	 95.135864	 95.134986	  95.13416	 95.133384	 95.132658	  95.13198	 95.131348	 95.130763	 95.130224	 95.129729	 95.129278	  95.12887	 95.128505	 95.128181	   95.1279	 95.127659	 95.127459	 95.127299	 95.127179	   95.1271	  95.12706	
        99	 98.940155	 98.880325	 98.820523	 98.760764	 98.701062	  98.64143	 98.581884	 98.522438	 98.463104	 98.403897	 98.344832	 98.285921	 98.227178	 98.168617	 98.110251	 98.052092	 97.994156	 97.936453	 97.878998	 97.821801	 97.764877	 97.708237	 97.651893	 97.595857	  97.54014	 97.484754	  97.42971	 97.375019	 97.320692	 97.266738	 97.213169	 97.159995	 97.107224	 97.054866	  97.00293	 96.951426	 96.900362	 96.849746	 96.799586	  96.74989	 96.700665	 96.651919	 96.603658	 96.555888	 96.508617	  96.46185	 96.415593	 96.369851	 96.324629	 96.279932	 96.235764	 96.192129	 96.149032	 96.106475	 96.064463	 96.022997	 95.982081	 95.941716	 95.901906	 95.862651	 95.823953	 95.785814	 95.748234	 95.711213	 95.674753	 95.638853	 95.603513	 95.568733	 95.534512	 95.500848	 95.467741	  95.43519	 95.403192	 95.371746	 95.340849	   95.3105	 95.280695	 95.251432	 95.222707	 95.194518	 95.166862	 95.139733	  95.11313	 95.087048	 95.061482	 95.036429	 95.011884	 94.987843	   94.9643	 94.941251	 94.918691	 94.896615	 94.875018	 94.853894	 94.833238	 94.813044	 94.793307	 94.774021	  94.75518	 94.736778	  94.71881	 94.701268	 94.684149	 94.667444	 94.651148	 94.635255	 94.619758	 94.604652	 94.589929	 94.575584	 94.561611	 94.548002	 94.534752	 94.521854	 94.509302	 94.497089	  94.48521	 94.473658	 94.462426	 94.451509	   94.4409	 94.430593	 94.420582	 94.410861	 94.401423	 94.392263	 94.383374	 94.374751	 94.366388	 94.358279	 94.350418	   94.3428	 94.335419	 94.328269	 94.321345	 94.314642	 94.308153	 94.301875	 94.295801	 94.289927	 94.284248	 94.278758	 94.273453	 94.268327	 94.263377	 94.258598	 94.253985	 94.249533	 94.245239	 94.241097	 94.237105	 94.233257	  94.22955	  94.22598	 94.222542	 94.219234	 94.216052	 94.212991	 94.210049	 94.207223	 94.204508	 94.201902	 94.199401	 94.197003	 94.194705	 94.192504	 94.190396	  94.18838	 94.186452	 94.184611	 94.182854	 94.181178	 94.179582	 94.178063	 94.176619	 94.175248	 94.173948	 94.172718	 94.171555	 94.170458	 94.169426	 94.168456	 94.167548	 94.166701	 94.165912	 94.165181	 94.164507	 94.163889	 94.163325	 94.162815	 94.162359	 94.161955	 94.161603	 94.161302	 94.161052	 94.160852	 94.160703	 94.160603	 94.160554	
        99	 98.928218	 98.856453	 98.784722	 98.713042	  98.64143	 98.569904	  98.49848	 98.427175	 98.356006	 98.284989	 98.214141	 98.143479	 98.073018	 98.002775	 97.932766	 97.863007	 97.793513	 97.724301	 97.655384	 97.586778	 97.518499	  97.45056	 97.382977	 97.315763	 97.248932	 97.182498	 97.116474	 97.050874	 96.985709	 96.920994	 96.856739	 96.792957	 96.729659	 96.666857	 96.604562	 96.542784	 96.481533	 96.420821	 96.360655	 96.301046	 96.242002	 96.183531	 96.125644	 96.068346	 96.011645	 95.955549	 95.900065	 95.845198	 95.790955	 95.737342	 95.684364	 95.632025	 95.580331	 95.529285	 95.478892	 95.429155	 95.380077	 95.331661	 95.283909	 95.236824	 95.190407	 95.144659	 95.099583	 95.055178	 95.011445	 94.968383	 94.925994	 94.884276	 94.843228	  94.80285	 94.763139	 94.724094	 94.685713	 94.647994	 94.610935	 94.574531	 94.538781	  94.50368	 94.469226	 94.435414	 94.402241	 94.369701	 94.337791	 94.306506	  94.27584	  94.24579	 94.216349	 94.187511	 94.159273	 94.131626	 94.104566	 94.078087	 94.052181	 94.026844	 94.002067	 93.977845	 93.954171	 93.931037	 93.908438	 93.886366	 93.864813	 93.843773	 93.823238	 93.803201	 93.783654	 93.764591	 93.746003	 93.727883	 93.710224	 93.693017	 93.676256	 93.659933	  93.64404	 93.628569	 93.613513	 93.598865	 93.584616	 93.570759	 93.557287	 93.544192	 93.531467	 93.519104	 93.507096	 93.495435	 93.484115	 93.473127	 93.462466	 93.452123	 93.442091	 93.432365	 93.422936	 93.413798	 93.404944	 93.396368	 93.388063	 93.380023	  93.37224	  93.36471	 93.357424	 93.350378	 93.343566	 93.336981	 93.330618	  93.32447	 93.318533	   93.3128	 93.307266	 93.301927	 93.296776	 93.291808	 93.287019	 93.282404	 93.277957	 93.273675	 93.269552	 93.265584	 93.261766	 93.258096	 93.254567	 93.251176	  93.24792	 93.244794	 93.241795	 93.238918	 93.236162	 93.233521	 93.230993	 93.228575	 93.226263	 93.224055	 93.221947	 93.219937	 93.218022	   93.2162	 93.214468	 93.212823	 93.211264	 93.209788	 93.208393	 93.207078	  93.20584	 93.204677	 93.203588	 93.202571	 93.201625	 93.200749	  93.19994	 93.199198	 93.198522	 93.197911	 93.197363	 93.196879	 93.196456	 93.196095	 93.195795	 93.195556	 93.195377	 93.195257	 93.195198	
        99	 98.916297	 98.832614	 98.748971	 98.665388	 98.581884	  98.49848	 98.415195	 98.332049	 98.249061	  98.16625	 98.083637	  98.00124	 97.919078	 97.837171	 97.755536	 97.674192	 97.593158	 97.512451	  97.43209	 97.352091	 97.272473	 97.193252	 97.114445	 97.036069	  96.95814	 96.880674	 96.803686	 96.727191	 96.651205	 96.575743	 96.500817	 96.426443	 96.352634	 96.279403	 96.206763	 96.134725	 96.063303	 95.992508	 95.922351	 95.852843	 95.783993	 95.715813	 95.648312	 95.581499	 95.515383	 95.449971	 95.385273	 95.321295	 95.258044	 95.195527	 95.133751	 95.072721	 95.012442	 94.952919	 94.894158	 94.836161	 94.778933	 94.722476	 94.666795	  94.61189	 94.557765	 94.504421	 94.451858	 94.400079	 94.349083	 94.298871	 94.249443	 94.200796	 94.152932	 94.105848	 94.059543	 94.014014	  93.96926	 93.925277	 93.882063	 93.839614	 93.797927	 93.756997	 93.716821	 93.677394	 93.638712	 93.600769	 93.563559	 93.527079	 93.491321	  93.45628	  93.42195	 93.388324	 93.355395	 93.323158	 93.291604	 93.260727	  93.23052	 93.200974	 93.172083	 93.143839	 93.116233	 93.089258	 93.062906	 93.037168	 93.012036	 92.987502	 92.963556	 92.940192	 92.917399	  92.89517	 92.873496	 92.852367	 92.831775	 92.811711	 92.792167	 92.773133	   92.7546	  92.73656	 92.719004	 92.701923	 92.685308	  92.66915	 92.653441	 92.638171	 92.623333	 92.608917	 92.594915	 92.581317	 92.568117	 92.555305	 92.542873	 92.530812	 92.519115	 92.507773	 92.496778	 92.486123	 92.475799	 92.465799	 92.456115	 92.446739	 92.437664	 92.428883	 92.420388	 92.412172	 92.404228	 92.396549	 92.389129	 92.381961	 92.375037	 92.368353	   92.3619	 92.355674	 92.349667	 92.343875	 92.338291	 92.332909	 92.327724	  92.32273	 92.317923	 92.313296	 92.308844	 92.304564	 92.300449	 92.296496	 92.292698	 92.289053	 92.285556	 92.282202	 92.278988	 92.275908	 92.272961	 92.270141	 92.267445	  92.26487	 92.262412	 92.260068	 92.257836	 92.255711	 92.253691	 92.251773	 92.249955	 92.248234	 92.246608	 92.245074	  92.24363	 92.242274	 92.241004	 92.239819	 92.238716	 92.237694	 92.236751	 92.235886	 92.235098	 92.234385	 92.233746	 92.233181	 92.232688	 92.232267	 92.231918	 92.231639	  92.23143	  92.23129	 92.231221	
        99	 98.904396	 98.808816	 98.713281	 98.617814	 98.522438	 98.427175	 98.332049	 98.237081	 98.142294	  98.04771	 97.953351	 97.859239	 97.765395	 97.671842	 97.578601	 97.485692	 97.393136	 97.300955	 97.209168	 97.117795	 97.026857	 96.936373	 96.846361	 96.756842	 96.667833	 96.579352	 96.491418	 96.404048	 96.317259	 96.231067	 96.145489	  96.06054	 95.976237	 95.892594	 95.809626	 95.727347	  95.64577	 95.564909	 95.484777	 95.405386	 95.326748	 95.248875	 95.171777	 95.095464	 95.019947	 94.945236	 94.871339	 94.798264	 94.726021	 94.654616	 94.584056	 94.514349	 94.445499	 94.377514	 94.310398	 94.244155	  94.17879	 94.114307	 94.050709	 93.987998	 93.926177	 93.865249	 93.805213	 93.746072	 93.687826	 93.630475	 93.574018	 93.518456	 93.463786	 93.410008	 93.357119	 93.305117	    93.254	 93.203764	 93.154405	 93.105921	 93.058307	 93.011558	  92.96567	 92.920638	 92.876455	 92.833117	 92.790618	  92.74895	 92.708109	 92.668086	 92.628874	 92.590467	 92.552857	 92.516036	 92.479996	  92.44473	 92.410227	 92.376481	 92.343482	 92.311222	 92.279692	 92.248881	 92.218782	 92.189385	  92.16068	 92.132657	 92.105308	 92.078621	 92.052588	 92.027199	 92.002442	 91.978309	  91.95479	 91.931873	  91.90955	  91.88781	 91.866642	 91.846038	 91.825986	 91.806476	 91.787499	 91.769043	 91.751101	  91.73366	 91.716712	 91.700246	 91.684253	 91.668723	 91.653646	 91.639012	 91.624812	 91.611037	 91.597677	 91.584722	 91.572164	 91.559994	 91.548202	  91.53678	 91.525719	  91.51501	 91.504645	 91.494615	 91.484912	 91.475528	 91.466455	 91.457685	  91.44921	 91.441022	 91.433114	 91.425479	 91.418109	 91.410998	 91.404137	 91.397521	 91.391143	 91.384996	 91.379074	  91.37337	 91.367879	 91.362594	  91.35751	 91.352621	 91.347921	 91.343406	 91.339069	 91.334905	 91.330911	  91.32708	 91.323408	 91.319891	 91.316525	 91.313304	 91.310225	 91.307283	 91.304476	 91.301799	 91.299249	 91.296822	 91.294515	 91.292325	 91.290248	 91.288283	 91.286425	 91.284673	 91.283024	 91.281475	 91.280025	 91.278671	 91.277411	 91.276243	 91.275166	 91.274179	 91.273278	 91.272464	 91.271735	 91.271089	 91.270526	 91.270046	 91.269646	 91.269327	 91.269089	  91.26893	  91.26885	
        99	 98.892518	 98.785063	 98.677658	  98.57033	 98.463104	 98.356006	 98.249061	 98.142294	  98.03573	 97.929395	 97.823312	 97.717508	 97.612005	 97.506828	 97.402002	  97.29755	 97.193495	 97.089861	  96.98667	 96.883945	 96.781709	 96.679982	 96.578788	 96.478146	 96.378078	 96.278605	 96.179746	  96.08152	 95.983948	 95.887047	 95.790837	 95.695334	 95.600557	 95.506522	 95.413246	 95.320744	 95.229032	 95.138125	 95.048037	 94.958782	 94.870374	 94.782825	 94.696148	 94.610354	 94.525455	 94.441461	 94.358383	  94.27623	  94.19501	 94.114734	 94.035408	  93.95704	 93.879636	 93.803204	 93.727749	 93.653276	 93.579791	 93.507296	 93.435796	 93.365294	 93.295793	 93.227294	 93.159799	 93.093311	 93.027828	 92.963351	  92.89988	 92.837415	 92.775953	 92.715493	 92.656033	  92.59757	 92.540102	 92.483624	 92.428133	 92.373625	 92.320095	 92.267539	 92.215949	 92.165322	  92.11565	 92.066928	 92.019148	 91.972304	 91.926388	 91.881392	 91.837309	  91.79413	 91.751848	 91.710452	 91.669934	 91.630286	 91.591497	 91.553558	 91.516459	 91.480191	 91.444743	 91.410105	 91.376266	 91.343217	 91.310945	 91.279441	 91.248693	 91.218691	 91.189424	  91.16088	 91.133047	 91.105916	 91.079474	 91.053711	 91.028614	 91.004173	 90.980375	 90.957211	 90.934667	 90.912734	 90.891399	 90.870651	 90.850479	 90.830871	 90.811817	 90.793306	 90.775326	 90.757866	 90.740915	 90.724464	   90.7085	 90.693013	 90.677993	 90.663429	 90.649311	 90.635628	 90.622372	  90.60953	 90.597095	 90.585056	 90.573403	 90.562127	 90.551218	 90.540669	 90.530468	 90.520608	  90.51108	 90.501875	 90.492985	 90.484401	 90.476115	  90.46812	 90.460407	 90.452969	 90.445799	 90.438888	  90.43223	 90.425818	 90.419644	 90.413703	 90.407987	 90.402491	 90.397207	  90.39213	 90.387255	 90.382574	 90.378083	 90.373776	 90.369649	 90.365695	  90.36191	 90.358289	 90.354827	  90.35152	 90.348364	 90.345355	 90.342488	 90.339759	 90.337166	 90.334703	 90.332369	 90.330159	  90.32807	 90.326101	 90.324247	 90.322506	 90.320875	 90.319353	 90.317936	 90.316624	 90.315413	 90.314302	  90.31329	 90.312375	 90.311555	 90.310829	 90.310196	 90.309656	 90.309207	 90.308849	  90.30858	 90.308402	 90.308312	
        99	 98.880666	  98.76136	 98.642111	 98.522948	 98.403897	 98.284989	  98.16625	  98.04771	 97.929395	 97.811333	 97.693552	  97.57608	 97.458943	 97.342168	 97.225782	 97.109811	 96.994282	 96.879219	 96.764649	 96.650596	 96.537085	 96.424141	 96.311787	 96.200047	 96.088944	 95.978501	  95.86874	 95.759683	 95.651351	 95.543765	 95.436945	  95.33091	 95.225682	 95.121277	 95.017714	 94.915012	 94.813186	 94.712254	 94.612232	 94.513135	 94.414977	 94.317774	 94.221538	 94.126284	 94.032022	 93.938766	 93.846526	 93.755313	 93.665138	 93.576008	 93.487935	 93.400924	 93.314985	 93.230125	 93.146349	 93.063663	 92.982074	 92.901585	   92.8222	 92.743923	 92.666758	 92.590705	 92.515768	 92.441947	 92.369243	 92.297656	 92.227186	 92.157832	 92.089592	 92.022465	 91.956448	 91.891539	 91.827733	 91.765027	 91.703417	 91.642898	 91.583465	 91.525112	 91.467834	 91.411624	 91.356474	 91.302379	 91.249331	 91.197321	 91.146341	 91.096384	 91.047439	 90.999499	 90.952553	 90.906593	 90.861607	 90.817586	  90.77452	 90.732397	 90.691208	  90.65094	 90.611583	 90.573125	 90.535555	  90.49886	  90.46303	 90.428052	 90.393914	 90.360603	 90.328108	 90.296416	 90.265515	 90.235392	 90.206034	 90.177429	 90.149565	 90.122428	 90.096007	 90.070288	 90.045258	 90.020906	 89.997218	 89.974182	 89.951786	 89.930016	 89.908861	 89.888308	 89.868345	  89.84896	  89.83014	 89.811874	  89.79415	 89.776955	 89.760279	 89.744109	 89.728434	 89.713243	 89.698524	 89.684267	  89.67046	 89.657093	 89.644155	 89.631635	 89.619524	 89.607811	 89.596486	 89.585538	 89.574959	 89.564739	 89.554869	 89.545338	 89.536139	 89.527262	 89.518699	 89.510441	 89.502479	 89.494807	 89.487414	 89.480295	 89.473441	 89.466844	 89.460498	 89.454396	 89.448529	 89.442893	 89.437479	 89.432283	 89.427296	 89.422515	 89.417932	 89.413542	 89.409339	 89.405319	 89.401476	 89.397804	   89.3943	 89.390959	 89.387776	 89.384746	 89.381867	 89.379133	 89.376541	 89.374087	 89.371769	 89.369582	 89.367523	  89.36559	  89.36378	  89.36209	 89.360517	  89.35906	 89.357715	 89.356482	 89.355358	 89.354342	 89.353432	 89.352626	 89.351923	 89.351323	 89.350825	 89.350427	 89.350129	 89.349931	 89.349831	
        99	 98.868841	 98.737714	 98.606649	 98.475678	 98.344832	 98.214141	 98.083637	 97.953351	 97.823312	 97.693552	 97.564101	 97.434989	 97.306245	   97.1779	 97.049981	 96.922519	 96.795542	 96.669079	 96.543156	 96.417802	 96.293044	 96.168908	 96.045422	  95.92261	 95.800499	 95.679112	 95.558475	 95.438612	 95.319546	 95.201299	 95.083894	 94.967354	 94.851698	 94.736948	 94.623124	 94.510245	  94.39833	 94.287397	 94.177464	 94.068548	 93.960664	 93.853829	 93.748058	 93.643365	 93.539763	 93.437267	 93.335887	 93.235636	 93.136525	 93.038565	 92.941764	 92.846132	 92.751678	 92.658409	 92.566332	 92.475454	  92.38578	 92.297315	 92.210064	 92.124032	  92.03922	 91.955632	 91.873269	 91.792133	 91.712225	 91.633545	 91.556093	 91.479866	 91.404865	 91.331087	 91.258528	 91.187187	 91.117059	  91.04814	 90.980425	  90.91391	 90.848588	 90.784453	 90.721499	 90.659719	 90.599105	  90.53965	 90.481345	 90.424182	 90.368151	 90.313243	 90.259449	 90.206759	 90.155161	 90.104647	 90.055203	 90.006821	 89.959487	 89.913191	  89.86792	 89.823662	 89.780405	 89.738137	 89.696844	 89.656513	 89.617133	 89.578689	 89.541168	 89.504557	 89.468842	  89.43401	 89.400047	 89.366939	 89.334672	 89.303233	 89.272608	 89.242782	 89.213743	 89.185475	 89.157965	   89.1312	 89.105165	 89.079847	 89.055231	 89.031304	 89.008053	 88.985464	 88.963523	 88.942217	 88.921532	 88.901456	 88.881975	 88.863077	 88.844748	 88.826976	 88.809748	 88.793052	 88.776875	 88.761205	  88.74603	 88.731338	 88.717118	 88.703358	 88.690047	 88.677173	 88.664726	 88.652694	 88.641067	 88.629834	 88.618985	  88.60851	   88.5984	 88.588643	 88.579231	 88.570155	 88.561405	 88.552972	 88.544847	 88.537022	 88.529489	 88.522239	 88.515264	 88.508556	 88.502109	 88.495914	 88.489964	 88.484252	 88.478772	 88.473517	  88.46848	 88.463655	 88.459036	 88.454617	 88.450393	 88.446358	 88.442507	 88.438834	 88.435335	 88.432006	 88.428841	 88.425836	 88.422987	 88.420291	 88.417742	 88.415338	 88.413076	 88.410951	 88.408962	 88.407104	 88.405376	 88.403774	 88.402296	 88.400941	 88.399706	 88.398589	 88.397588	 88.396703	 88.395931	 88.395271	 88.394723	 88.394286	 88.393958	  88.39374	 88.393631	
        99	 98.857048	  98.71413	  98.57128	 98.428533	 98.285921	 98.143479	  98.00124	 97.859239	 97.717508	  97.57608	 97.434989	 97.294267	 97.153947	 97.014061	 96.874641	 96.735718	 96.597323	 96.459488	 96.322243	 96.185617	 96.049641	 95.914344	 95.779754	 95.645899	 95.512808	 95.380506	 95.249022	 95.118381	 94.988609	 94.859729	 94.731768	 94.604748	 94.478693	 94.353625	 94.229567	 94.106538	  93.98456	 93.863652	 93.743834	 93.625124	  93.50754	 93.391099	 93.275817	  93.16171	 93.048793	  92.93708	 92.826585	  92.71732	 92.609297	 92.502528	 92.397023	 92.292792	 92.189845	 92.088189	 91.987833	 91.888783	 91.791046	 91.694627	 91.599531	 91.505762	 91.413324	  91.32222	 91.232452	 91.144021	 91.056927	 90.971173	 90.886756	 90.803675	  90.72193	 90.641518	 90.562435	 90.484679	 90.408245	 90.333129	 90.259326	 90.186829	 90.115634	 90.045732	 89.977118	 89.909783	 89.843718	 89.778917	 89.715369	 89.653066	 89.591997	 89.532152	 89.473521	 89.416093	 89.359856	 89.304799	  89.25091	 89.198177	 89.146587	 89.096128	 89.046787	 88.998549	 88.951403	 88.905334	 88.860328	 88.816371	 88.773449	 88.731549	 88.690654	 88.650751	 88.611825	  88.57386	 88.536843	 88.500758	  88.46559	 88.431325	 88.397946	 88.365438	 88.333787	 88.302978	 88.272995	 88.243823	 88.215447	 88.187852	 88.161023	 88.134945	 88.109603	 88.084982	 88.061068	 88.037847	 88.015302	 87.993421	 87.972189	 87.951591	 87.931614	 87.912244	 87.893467	 87.875269	 87.857637	 87.840558	 87.824019	 87.808007	 87.792508	 87.777511	 87.763003	 87.748971	 87.735404	  87.72229	 87.709618	 87.697375	 87.685551	 87.674134	 87.663114	 87.652481	 87.642223	  87.63233	 87.622793	 87.613602	 87.604746	 87.596218	 87.588007	 87.580105	 87.572503	 87.565193	 87.558165	 87.551413	 87.544928	 87.538703	  87.53273	 87.527002	 87.521512	 87.516253	 87.511219	 87.506403	 87.501799	 87.497401	 87.493204	 87.489201	 87.485388	 87.481759	 87.478309	 87.475034	 87.471929	  87.46899	 87.466213	 87.463593	 87.461127	 87.458811	 87.456643	 87.454618	 87.452734	 87.450988	 87.449378	 87.447901	 87.446555	 87.445337	 87.444247	 87.443281	  87.44244	 87.441721	 87.441124	 87.440647	  87.44029	 87.440053	 87.439934	
        99	 98.845288	 98.690613	 98.536012	 98.381522	 98.227178	 98.073018	 97.919078	 97.765395	 97.612005	 97.458943	 97.306245	 97.153947	 97.002084	  96.85069	   96.6998	 96.549449	  96.39967	 96.250496	  96.10196	 95.954096	 95.806934	 95.660506	 95.514844	 95.369978	 95.225938	 95.082753	 94.940453	 94.799064	 94.658616	 94.519135	 94.380647	 94.243178	 94.106754	 93.971397	 93.837133	 93.703983	  93.57197	 93.441116	 93.311442	 93.182966	 93.055709	 92.929689	 92.804924	  92.68143	 92.559224	 92.438321	 92.318736	 92.200482	 92.083573	 91.968021	 91.853837	 91.741032	 91.629616	 91.519598	 91.410986	 91.303787	  91.19801	 91.093659	  90.99074	 90.889258	 90.789216	 90.690617	 90.593464	 90.497758	   90.4035	 90.310691	 90.219329	 90.129415	 90.040945	 89.953917	 89.868329	 89.784176	 89.701455	 89.620159	 89.540285	 89.461824	 89.384772	  89.30912	 89.234861	 89.161987	 89.090488	 89.020356	  88.95158	 88.884152	 88.818059	 88.753291	 88.689837	 88.627684	 88.566821	 88.507235	 88.448913	 88.391842	 88.336008	 88.281398	 88.227998	 88.175792	 88.124767	 88.074908	   88.0262	 87.978627	 87.932175	 87.886827	 87.842568	 87.799382	 87.757254	 87.716167	 87.676104	 87.637051	  87.59899	 87.561905	  87.52578	 87.490599	 87.456344	    87.423	 87.390551	 87.358979	 87.328269	 87.298404	 87.269367	 87.241144	 87.213718	 87.187072	  87.16119	 87.136058	 87.111659	 87.087978	 87.064999	 87.042707	 87.021087	 87.000123	 86.979801	 86.960106	 86.941024	  86.92254	 86.904641	 86.887311	 86.870537	 86.854306	 86.838605	 86.823419	 86.808736	 86.794543	 86.780828	 86.767578	 86.754781	 86.742426	 86.730499	 86.718991	 86.707889	 86.697182	 86.686861	 86.676913	  86.66733	   86.6581	 86.649214	 86.640661	 86.632434	 86.624522	 86.616917	 86.609609	 86.602591	 86.595854	 86.589389	  86.58319	 86.577248	 86.571557	 86.566108	 86.560896	 86.555914	 86.551154	 86.546611	 86.542279	 86.538152	 86.534225	 86.530491	 86.526947	 86.523587	 86.520406	   86.5174	 86.514564	 86.511895	 86.509389	 86.507042	 86.504851	 86.502812	 86.500923	  86.49918	 86.497581	 86.496124	 86.494807	 86.493626	 86.492582	 86.491671	 86.490893	 86.490247	 86.489731	 86.489345	 86.489088	 86.488959	
        99	 98.833565	 98.667169	 98.500853	 98.334656	 98.168617	 98.002775	 97.837171	 97.671842	 97.506828	 97.342168	   97.1779	 97.014061	  96.85069	 96.687824	 96.525501	 96.363757	 96.202628	  96.04215	 95.882359	  95.72329	 95.564977	 95.407453	 95.250754	  95.09491	 94.939955	 94.785921	 94.632837	 94.480735	 94.329644	 94.179594	 94.030612	 93.882726	 93.735964	 93.590351	 93.445912	 93.302673	 93.160657	 93.019888	 92.880387	 92.742176	 92.605276	 92.469707	 92.335487	 92.202636	 92.071169	 91.941105	 91.812458	 91.685244	 91.559476	 91.435167	 91.312331	 91.190978	 91.071119	 90.952764	 90.835922	 90.720601	 90.606808	  90.49455	 90.383832	  90.27466	 90.167037	 90.060967	 89.956452	 89.853494	 89.752094	 89.652252	 89.553967	 89.457239	 89.362065	 89.268443	 89.176369	  89.08584	  88.99685	 88.909394	 88.823467	 88.739062	  88.65617	 88.574786	   88.4949	 88.416503	 88.339587	  88.26414	 88.190153	 88.117615	 88.046514	 87.976839	 87.908576	 87.841714	 87.776239	 87.712138	 87.649396	    87.588	 87.527936	 87.469188	  87.41174	 87.355579	 87.300688	 87.247051	 87.194651	 87.143474	 87.093501	 87.044717	 86.997105	 86.950647	 86.905326	 86.861125	 86.818027	 86.776014	 86.735069	 86.695175	 86.656312	 86.618465	 86.581615	 86.545744	 86.510836	 86.476871	 86.443834	 86.411706	 86.380469	 86.350107	 86.320603	 86.291937	 86.264095	 86.237059	 86.210811	 86.185335	 86.160615	 86.136634	 86.113375	 86.090823	 86.068961	 86.047774	 86.027246	 86.007361	 85.988105	 85.969462	 85.951417	 85.933957	 85.917065	 85.900729	 85.884933	 85.869665	 85.854911	 85.840657	  85.82689	 85.813598	 85.800768	 85.788387	 85.776444	 85.764927	 85.753823	 85.743122	 85.732812	 85.722882	 85.713323	 85.704123	 85.695272	  85.68676	 85.678579	 85.670717	 85.663167	 85.655919	 85.648965	 85.642296	 85.635904	 85.629782	  85.62392	 85.618313	 85.612953	 85.607833	 85.602946	 85.598285	 85.593846	 85.589621	 85.585604	 85.581791	 85.578176	 85.574754	 85.571521	  85.56847	 85.565599	 85.562903	 85.560379	 85.558021	 85.555828	 85.553795	 85.551921	 85.550201	 85.548633	 85.547216	 85.545946	 85.544822	 85.543843	 85.543006	  85.54231	 85.541755	  85.54134	 85.541063	 85.540925	
        99	 98.821881	 98.643803	 98.465811	 98.287946	 98.110251	 97.932766	 97.755536	 97.578601	 97.402002	 97.225782	 97.049981	 96.874641	   96.6998	 96.525501	 96.351782	 96.178683	 96.006242	 95.834498	 95.663489	 95.493252	 95.323825	 95.155243	 94.987543	 94.820758	 94.654925	 94.490077	 94.326246	 94.163466	 94.001768	 93.841183	 93.681742	 93.523475	 93.366409	 93.210573	 93.055994	 92.902699	 92.750713	 92.600061	 92.450767	 92.302853	 92.156342	 92.011256	 91.867613	 91.725435	 91.584739	 91.445544	 91.307866	  91.17172	 91.037123	 90.904088	 90.772628	 90.642755	 90.514482	 90.387818	 90.262773	 90.139356	 90.017574	 89.897435	 89.778945	 89.662108	  89.54693	 89.433413	 89.321561	 89.211375	 89.102856	 88.996005	  88.89082	 88.787301	 88.685446	 88.585251	 88.486714	 88.389829	 88.294592	 88.200996	 88.109037	 88.018705	 87.929995	 87.842897	 87.757403	 87.673502	 87.591186	 87.510443	 87.431262	 87.353631	 87.277539	 87.202971	 87.129917	  87.05836	 86.988289	 86.919687	 86.852541	 86.786835	 86.722554	 86.659681	 86.598201	 86.538097	 86.479352	  86.42195	 86.365872	 86.311101	 86.257621	 86.205412	 86.154457	 86.104737	 86.056235	 86.008931	 85.962807	 85.917845	 85.874025	  85.83133	 85.789739	 85.749235	 85.709798	 85.671409	 85.634049	 85.597701	 85.562344	  85.52796	 85.494531	 85.462038	 85.430461	 85.399784	 85.369987	 85.341052	 85.312962	 85.285698	 85.259242	 85.233577	 85.208686	  85.18455	 85.161154	 85.138479	  85.11651	 85.095229	 85.074621	  85.05467	 85.035358	 85.016672	 84.998594	 84.981111	 84.964206	 84.947866	 84.932076	 84.916822	 84.902089	 84.887863	 84.874133	 84.860883	 84.848101	 84.835775	 84.823892	 84.812439	 84.801406	 84.790779	 84.780548	 84.770702	  84.76123	 84.752121	 84.743365	 84.734952	 84.726872	 84.719115	 84.711673	 84.704535	 84.697695	 84.691142	  84.68487	 84.678869	 84.673132	 84.667652	 84.662422	 84.657435	 84.652684	 84.648162	 84.643864	 84.639783	 84.635914	 84.632252	 84.628791	 84.625527	 84.622454	 84.619569	 84.616867	 84.614344	 84.611997	 84.609822	 84.607815	 84.605974	 84.604297	  84.60278	 84.601421	 84.600218	  84.59917	 84.598275	  84.59753	 84.596936	 84.596492	 84.596196	 84.596048	
        99	 98.810238	 98.620521	 98.430894	 98.241403	 98.052092	 97.863007	 97.674192	 97.485692	  97.29755	 97.109811	 96.922519	 96.735718	 96.549449	 96.363757	 96.178683	 95.994269	 95.810556	 95.627587	   95.4454	 95.264036	 95.083534	 94.903933	  94.72527	 94.547584	 94.370912	 94.195288	 94.020749	 93.847328	 93.675061	  93.50398	 93.334117	 93.165504	 92.998172	  92.83215	 92.667468	 92.504153	 92.342232	 92.181733	  92.02268	 91.865098	  91.70901	  91.55444	 91.401409	 91.249937	 91.100045	 90.951751	 90.805073	 90.660029	 90.516634	 90.374903	  90.23485	 90.096488	 89.959831	 89.824887	 89.691669	 89.560185	 89.430443	 89.302451	 89.176215	 89.051742	 88.929035	 88.808098	 88.688935	 88.571546	 88.455934	 88.342099	 88.230039	 88.119754	 88.011241	 87.904497	 87.799518	 87.696301	 87.594838	 87.495125	 87.397154	 87.300919	  87.20641	 87.113619	 87.022536	 86.933152	 86.845455	 86.759434	 86.675077	 86.592372	 86.511306	 86.431865	 86.354035	 86.277801	  86.20315	 86.130064	 86.058529	 85.988528	 85.920045	 85.853063	 85.787564	 85.723531	 85.660947	 85.599792	 85.540049	 85.481698	 85.424722	   85.3691	 85.314814	 85.261845	 85.210172	 85.159776	 85.110638	 85.062737	 85.016053	 84.970567	 84.926257	 84.883105	  84.84109	 84.800192	 84.760391	 84.721667	 84.683999	 84.647368	 84.611753	 84.577136	 84.543496	 84.510813	 84.479068	 84.448242	 84.418316	  84.38927	 84.361085	 84.333742	 84.307224	  84.28151	 84.256585	 84.232428	 84.209023	 84.186351	 84.164396	  84.14314	 84.122567	 84.102659	   84.0834	 84.064773	 84.046764	 84.029356	 84.012534	 83.996282	 83.980586	 83.965431	 83.950803	 83.936687	  83.92307	 83.909938	 83.897278	 83.885077	 83.873322	 83.862001	 83.851101	 83.840612	  83.83052	 83.820816	 83.811488	 83.802525	 83.793916	 83.785652	 83.777724	  83.77012	 83.762832	 83.755851	 83.749169	 83.742776	 83.736664	 83.730826	 83.725254	 83.719941	 83.714879	 83.710061	 83.705482	 83.701135	 83.697013	 83.693112	 83.689425	 83.685947	 83.682673	   83.6796	 83.676721	 83.674033	 83.671533	 83.669215	 83.667077	 83.665117	 83.663329	 83.661713	 83.660266	 83.658984	 83.657867	 83.656913	  83.65612	 83.655488	 83.655014	 83.654698	 83.654541	
        99	 98.798639	 98.597327	  98.39611	 98.195037	 97.994156	 97.793513	 97.593158	 97.393136	 97.193495	 96.994282	 96.795542	 96.597323	  96.39967	 96.202628	 96.006242	 95.810556	 95.615615	 95.421462	  95.22814	 95.035691	 94.844157	 94.653578	 94.463996	  94.27545	 94.087979	 93.901621	 93.716413	 93.532394	 93.349597	  93.16806	 92.987815	 92.808896	 92.631336	 92.455167	 92.280419	 92.107122	 91.935305	 91.764996	 91.596221	 91.429008	  91.26338	 91.099362	 90.936978	 90.776248	 90.617194	 90.459837	 90.304194	 90.150284	 89.998125	 89.847731	 89.699118	   89.5523	 89.407289	 89.264098	 89.122737	 88.983217	 88.845545	  88.70973	 88.575779	 88.443698	 88.313491	 88.185162	 88.058716	 87.934152	 87.811474	 87.690681	 87.571772	 87.454746	   87.3396	 87.226332	 87.114937	 87.005411	 86.897747	 86.791939	 86.687981	 86.585863	 86.485578	 86.387115	 86.290466	 86.195618	 86.102561	 86.011282	  85.92177	  85.83401	 85.747989	 85.663692	 85.581105	 85.500212	 85.420997	 85.343445	 85.267538	 85.193258	  85.12059	 85.049513	 84.980011	 84.912065	 84.845655	 84.780762	 84.717367	  84.65545	 84.594992	  84.53597	 84.478367	  84.42216	 84.367329	 84.313853	 84.261711	 84.210882	 84.161345	 84.113078	 84.066061	 84.020271	 83.975688	 83.932291	 83.890057	 83.848965	 83.808995	 83.770125	 83.732334	 83.695601	 83.659904	 83.625224	 83.591539	 83.558829	 83.527073	 83.496252	 83.466344	 83.437331	 83.409191	 83.381906	 83.355457	 83.329824	 83.304988	 83.280931	 83.257634	 83.235079	 83.213248	 83.192123	 83.171687	 83.151922	 83.132812	  83.11434	  83.09649	 83.079245	 83.062589	 83.046508	 83.030986	 83.016007	 83.001558	 82.987623	 82.974189	 82.961242	 82.948769	 82.936756	 82.925191	  82.91406	 82.903352	 82.893054	 82.883156	 82.873645	  82.86451	 82.855741	 82.847328	 82.839259	 82.831526	 82.824119	 82.817028	 82.810244	 82.803759	 82.797564	 82.791651	 82.786013	 82.780642	  82.77553	 82.770671	 82.766058	 82.761684	 82.757544	 82.753632	 82.749942	 82.746468	 82.743206	 82.740152	   82.7373	 82.734646	 82.732187	 82.729919	 82.727838	 82.725942	 82.724227	 82.722691	 82.721331	 82.720146	 82.719134	 82.718292	 82.717621	 82.717118	 82.716783	 82.716616	
