Time step 36:
        99	        99	        99	        99	        99	        99	        99	        99	        99	        99	        99	        99	        99	        99	        99	        99	        99	        99	        99	        99	        99	        99	        99	        99	        99	        99	        99	        99	        99	        99	        99	        99	        99	        99	        99	        99	        99	        99	        99	        99	        99	        99	        99	        99	        99	        99	        99	        99	        99	        99	        99	        99	        99	        99	        99	        99	        99	        99	        99	        99	        99	        99	        99	        99	        99	        99	        99	        99	        99	        99	        99	        99	        99	        99	        99	        99	        99	        99	        99	        99	        99	        99	        99	        99	        99	        99	        99	        99	        99	        99	        99	        99	        99	        99	        99	        99	        99	        99	        99	        99	        99	        99	        99	        99	        99	        99	        99	        99	        99	        99	        99	        99	        99	        99	        99	        99	        99	        99	        99	        99	        99	        99	        99	        99	        99	        99	        99	        99	        99	        99	        99	        99	        99	        99	        99	        99	        99	        99	        99	        99	        99	        99	        99	        99	        99	        99	        99	        99	        99	        99	        99	        99	        99	        99	        99	        99	        99	        99	        99	        99	        99	        99	        99	        99	        99	        99	        99	        99	        99	        99	        99	        99	        99	        99	        99	        99	        99	        99	        99	        99	        99	        99	        99	        99	        99	        99	        99	        99	        99	        99	        99	        99	        99	        99	        99	        99	        99	        99	        99	        99	
        99	 98.982363	 98.964732	 98.947113	 98.929513	 98.911937	 98.894393	 98.876885	  98.85942	 98.842004	 98.824643	 98.807343	 98.790109	 98.772948	 98.755865	 98.738865	 98.721955	  98.70514	 98.688424	 98.671813	 98.655313	 98.638928	 98.622664	 98.606524	 98.590514	 98.574639	 98.558902	 98.543308	  98.52786	 98.512564	 98.497423	  98.48244	 98.467619	 98.452963	 98.438476	 98.424161	 98.410021	 98.396058	 98.382275	 98.368674	 98.355258	 98.342029	  98.32899	  98.31614	 98.303483	  98.29102	 98.278752	 98.266681	 98.254806	  98.24313	 98.231653	 98.220376	 98.209298	  98.19842	 98.187743	 98.177267	  98.16699	 98.156913	 98.147036	 98.137357	 98.127877	 98.118595	 98.109508	 98.100617	 98.091921	 98.083417	 98.075105	 98.066984	 98.059051	 98.051305	 98.043744	 98.036366	  98.02917	 98.022153	 98.015314	  98.00865	 98.002159	 97.995839	 97.989687	 97.983701	 97.977878	 97.972217	 97.966714	 97.961368	 97.956174	 97.951132	 97.946237	 97.941488	 97.936882	 97.932415	 97.928086	 97.923891	 97.919829	 97.915895	 97.912087	 97.908403	 97.904839	 97.901394	 97.898064	 97.894846	 97.891738	 97.888737	 97.885841	 97.883046	  97.88035	 97.877751	 97.875246	 97.872833	 97.870508	  97.86827	 97.866115	 97.864042	 97.862049	 97.860132	 97.858289	 97.856519	 97.854819	 97.853186	 97.851619	 97.850116	 97.848674	 97.847291	 97.845966	 97.844697	  97.84348	 97.842316	 97.841202	 97.840136	 97.839116	 97.838141	 97.837209	 97.836319	 97.835469	 97.834657	 97.833882	 97.833142	 97.832437	 97.831765	 97.831124	 97.830514	 97.829933	 97.829379	 97.828852	 97.828351	 97.827874	 97.827421	 97.826991	 97.826581	 97.826193	 97.825824	 97.825474	 97.825142	 97.824827	 97.824528	 97.824246	 97.823978	 97.823724	 97.823484	 97.823257	 97.823042	 97.822839	 97.822647	 97.822466	 97.822295	 97.822133	 97.821981	 97.821837	 97.821702	 97.821574	 97.821455	 97.821342	 97.821236	 97.821136	 97.821043	 97.820955	 97.820873	 97.820796	 97.820724	 97.820657	 97.820594	 97.820536	 97.820482	 97.820431	 97.820385	 97.820342	 97.820302	 97.820266	 97.820233	 97.820202	 97.820175	 97.820151	 97.820129	  97.82011	 97.820093	 97.820079	 97.820067	 97.820058	 97.820051	 97.820046	 97.820044	
        99	 98.964732	 98.929476	 98.894245	 98.859051	 98.823906	 98.788823	 98.753813	  98.71889	 98.684064	 98.649348	 98.614753	 98.580292	 98.545976	 98.511815	 98.477822	 98.444008	 98.410382	 98.376957	 98.343742	 98.310747	 98.277983	  98.24546	 98.213187	 98.181173	 98.149427	 98.117958	 98.086775	 98.055886	 98.025299	 97.995021	 97.965061	 97.935424	 97.906118	  97.87715	 97.848524	 97.820248	 97.792327	 97.764766	  97.73757	 97.710743	  97.68429	 97.658214	  97.63252	 97.607211	 97.582289	 97.557757	 97.533618	 97.509874	 97.486526	 97.463576	 97.441025	 97.418873	 97.397122	 97.375772	 97.354822	 97.334272	 97.314122	 97.294371	 97.275018	  97.25606	 97.237498	 97.219329	  97.20155	  97.18416	 97.167156	 97.150535	 97.134295	 97.118431	 97.102942	 97.087823	  97.07307	 97.058681	  97.04465	 97.030974	 97.017648	 97.004668	 96.992029	 96.979728	 96.967758	 96.956115	 96.944794	 96.933791	 96.923099	 96.912714	 96.902631	 96.892844	 96.883347	 96.874136	 96.865205	 96.856548	  96.84816	 96.840036	  96.83217	 96.824556	 96.817188	 96.810063	 96.803173	 96.796514	 96.790079	 96.783864	 96.777864	 96.772072	 96.766484	 96.761093	 96.755896	 96.750887	 96.746061	 96.741412	 96.736936	 96.732628	 96.728483	 96.724496	 96.720663	 96.716979	 96.713439	 96.710039	 96.706774	 96.703641	 96.700635	 96.697751	 96.694987	 96.692337	 96.689798	 96.687367	 96.685038	  96.68281	 96.680678	 96.678639	 96.676689	 96.674826	 96.673046	 96.671345	 96.669722	 96.668173	 96.666694	 96.665284	  96.66394	 96.662659	 96.661438	 96.660276	 96.659169	 96.658115	 96.657113	  96.65616	 96.655254	 96.654393	 96.653574	 96.652797	  96.65206	  96.65136	 96.650696	 96.650066	 96.649469	 96.648904	 96.648368	  96.64786	  96.64738	 96.646926	 96.646496	  96.64609	 96.645707	 96.645344	 96.645002	 96.644679	 96.644375	 96.644087	 96.643817	 96.643562	 96.643322	 96.643097	 96.642885	 96.642686	 96.642499	 96.642323	 96.642159	 96.642005	 96.641862	 96.641727	 96.641602	 96.641486	 96.641377	 96.641276	 96.641183	 96.641097	 96.641018	 96.640945	 96.640879	 96.640819	 96.640764	 96.640715	 96.640671	 96.640633	   96.6406	 96.640572	 96.640548	  96.64053	 96.640516	 96.640507	 96.640502	
        99	 98.947113	 98.894245	 98.841413	 98.788638	 98.735936	 98.683326	 98.630828	 98.578458	 98.526234	 98.474175	 98.422299	 98.370622	 98.319163	 98.267937	 98.216963	 98.166255	 98.115832	 98.065708	   98.0159	 97.966423	 97.917292	 97.868521	 97.820125	 97.772118	 97.724513	 97.677324	 97.630563	 97.584243	 97.538376	 97.492973	 97.448045	 97.403603	 97.359657	 97.316216	 97.273291	  97.23089	  97.18902	  97.14769	 97.106908	 97.066679	 97.027011	  96.98791	  96.94938	 96.911427	 96.874055	 96.837268	  96.80107	 96.765464	 96.730452	 96.696037	  96.66222	 96.629003	 96.596386	 96.564369	 96.532954	 96.502138	 96.471922	 96.442304	 96.413282	 96.384855	  96.35702	 96.329774	 96.303113	 96.277036	 96.251537	 96.226613	  96.20226	 96.178472	 96.155244	 96.132572	  96.11045	 96.088872	 96.067832	 96.047323	  96.02734	 96.007876	 95.988924	 95.970477	 95.952527	 95.935068	 95.918092	 95.901592	 95.885559	 95.869986	 95.854866	 95.840189	 95.825948	 95.812136	 95.798743	 95.785762	 95.773184	 95.761001	 95.749204	 95.737787	 95.726739	 95.716054	 95.705722	 95.695736	 95.686087	 95.676768	 95.667769	 95.659084	 95.650704	 95.642621	 95.634828	 95.627316	 95.620079	 95.613108	 95.606396	 95.599936	  95.59372	 95.587742	 95.581993	 95.576469	  95.57116	 95.566062	 95.561166	 95.556468	  95.55196	 95.547636	  95.54349	 95.539517	  95.53571	 95.532063	 95.528572	 95.525231	 95.522034	 95.518976	 95.516052	 95.513258	 95.510589	 95.508039	 95.505604	 95.503281	 95.501064	  95.49895	 95.496934	 95.495012	 95.493182	 95.491439	 95.489779	 95.488199	 95.486696	 95.485267	 95.483908	 95.482617	  95.48139	 95.480225	 95.479119	 95.478069	 95.477073	 95.476129	 95.475234	 95.474386	 95.473582	 95.472822	 95.472102	  95.47142	 95.470776	 95.470167	 95.469592	 95.469048	 95.468535	 95.468051	 95.467594	 95.467164	 95.466758	 95.466376	 95.466016	 95.465678	  95.46536	 95.465062	 95.464781	 95.464518	 95.464272	 95.464042	 95.463826	 95.463625	 95.463437	 95.463262	 95.463099	 95.462948	 95.462809	  95.46268	 95.462561	 95.462452	 95.462352	 95.462262	  95.46218	 95.462107	 95.462041	 95.461984	 95.461934	 95.461892	 95.461856	 95.461829	 95.461808	 95.461794	 95.461787	
        99	 98.929513	 98.859051	 98.788638	 98.718299	 98.648058	 98.577941	 98.507971	 98.438173	 98.368571	 98.299187	 98.230047	 98.161173	 98.092588	 98.024315	 97.956377	 97.888795	 97.821591	 97.754787	 97.688404	 97.622461	 97.556979	 97.491978	 97.427476	 97.363493	 97.300046	 97.237153	 97.174831	 97.113096	 97.051965	 96.991452	 96.931572	 96.872341	  96.81377	 96.755873	 96.698663	 96.642151	 96.586347	 96.531263	 96.476909	 96.423293	 96.370424	  96.31831	 96.266958	 96.216374	 96.166565	 96.117536	 96.069292	 96.021837	 95.975173	 95.929305	 95.884235	 95.839963	 95.796491	  95.75382	  95.71195	 95.670879	 95.630608	 95.591133	 95.552453	 95.514566	 95.477467	 95.441154	 95.405622	 95.370866	 95.336882	 95.303663	 95.271205	 95.239501	 95.208543	 95.178326	 95.148842	 95.120083	 95.092041	 95.064708	 95.038075	 95.012133	 94.986874	 94.962287	 94.938365	 94.915096	  94.89247	 94.870479	  94.84911	 94.828355	 94.808202	 94.788641	 94.769662	 94.751252	 94.733402	 94.716101	 94.699337	   94.6831	 94.667378	 94.652161	 94.637437	 94.623196	 94.609426	 94.596116	 94.583257	 94.570836	 94.558843	 94.547267	 94.536098	 94.525326	 94.514939	 94.504927	 94.495281	  94.48599	 94.477045	 94.468435	 94.460151	 94.452183	 94.444521	 94.437158	 94.430083	 94.423288	 94.416763	 94.410501	 94.404493	  94.39873	 94.393205	 94.387909	 94.382835	 94.377975	 94.373322	 94.368869	 94.364608	 94.360532	 94.356636	 94.352912	 94.349354	 94.345955	 94.342711	 94.339614	 94.336659	 94.333841	 94.331155	 94.328594	 94.326155	 94.323831	 94.321619	 94.319514	 94.317511	 94.315606	 94.313795	 94.312073	 94.310438	 94.308885	 94.307411	 94.306012	 94.304685	 94.303426	 94.302233	 94.301103	 94.300032	 94.299018	 94.298059	 94.297151	 94.296292	 94.295481	 94.294714	 94.293989	 94.293305	  94.29266	 94.292051	 94.291478	 94.290937	 94.290428	 94.289949	 94.289498	 94.289074	 94.288676	 94.288302	 94.287952	 94.287624	 94.287317	 94.287029	 94.286761	 94.286511	 94.286277	 94.286061	  94.28586	 94.285673	 94.285502	 94.285343	 94.285198	 94.285065	 94.284945	 94.284835	 94.284738	  94.28465	 94.284574	 94.284507	 94.284451	 94.284404	 94.284367	 94.284339	 94.284321	 94.284312	
        99	 98.911937	 98.823906	 98.735936	 98.648058	 98.560304	 98.472704	 98.385287	 98.298086	 98.211128	 98.124444	 98.038064	 97.952017	 97.866331	 97.781035	 97.696157	 97.611724	 97.527763	 97.444302	 97.361366	 97.278981	 97.197172	 97.115963	 97.035378	 96.955441	 96.876174	 96.797599	 96.719737	 96.642609	 96.566235	 96.490634	 96.415824	 96.341823	 96.268648	 96.196316	  96.12484	 96.054237	  95.98452	 95.915701	 95.847794	 95.780809	 95.714757	 95.649649	 95.585492	 95.522296	 95.460068	 95.398814	  95.33854	 95.279252	 95.220954	 95.163649	  95.10734	 95.052029	 94.997718	 94.944408	 94.892097	 94.840786	 94.790473	 94.741155	 94.692831	 94.645497	 94.599148	  94.55378	 94.509388	 94.465966	 94.423508	 94.382007	 94.341456	 94.301846	  94.26317	 94.225418	 94.188582	 94.152652	 94.117618	 94.083469	 94.050196	 94.017786	 93.986228	 93.955512	 93.925624	 93.896553	 93.868286	 93.840811	 93.814114	 93.788184	 93.763006	 93.738568	 93.714856	 93.691856	 93.669556	  93.64794	 93.626997	 93.606711	 93.587069	 93.568057	 93.549662	  93.53187	 93.514666	 93.498038	 93.481972	 93.466454	 93.451471	 93.437009	 93.423055	 93.409596	 93.396619	 93.384112	 93.372061	 93.360453	 93.349277	  93.33852	  93.32817	 93.318216	 93.308644	 93.299445	 93.290606	 93.282116	 93.273965	 93.266141	 93.258635	 93.251435	 93.244532	 93.237916	 93.231577	 93.225505	 93.219692	 93.214128	 93.208805	 93.203713	 93.198845	 93.194192	 93.189747	 93.185501	 93.181448	 93.177579	 93.173887	 93.170367	  93.16701	 93.163811	 93.160763	  93.15786	 93.155097	 93.152466	 93.149964	 93.147584	 93.145321	 93.143171	 93.141128	 93.139188	 93.137346	 93.135599	  93.13394	 93.132368	 93.130878	 93.129465	 93.128128	 93.126861	 93.125662	 93.124528	 93.123455	 93.122441	 93.121483	 93.120578	 93.119724	 93.118917	 93.118157	  93.11744	 93.116764	 93.116128	  93.11553	 93.114966	 93.114437	  93.11394	 93.113473	 93.113035	 93.112625	 93.112241	 93.111882	 93.111547	 93.111234	 93.110943	 93.110672	 93.110421	 93.110189	 93.109974	 93.109776	 93.109594	 93.109429	 93.109278	 93.109142	 93.109019	  93.10891	 93.108815	 93.108732	 93.108661	 93.108603	 93.108556	 93.108522	 93.108499	 93.108487	
        99	 98.894393	 98.788823	 98.683326	 98.577941	 98.472704	 98.367651	 98.262818	 98.158243	 98.053961	 97.950008	 97.846418	 97.743228	 97.640471	 97.538181	 97.436392	 97.335138	  97.23445	 97.134361	 97.034902	 96.936103	 96.837995	 96.740607	 96.643967	 96.548104	 96.453045	 96.358815	 96.265441	 96.172947	 96.081357	 95.990694	  95.90098	 95.812236	 95.724482	 95.637739	 95.552023	 95.467354	 95.383746	 95.301217	 95.219781	  95.13945	 95.060239	 94.982159	 94.905221	 94.829434	 94.754808	 94.681351	 94.609069	 94.537969	 94.468056	 94.399334	 94.331806	 94.265476	 94.200345	 94.136413	 94.073681	 94.012147	  93.95181	 93.892667	 93.834715	  93.77795	 93.722367	 93.667961	 93.614725	 93.562652	 93.511735	 93.461966	 93.413335	 93.365834	 93.319453	  93.27418	 93.230005	 93.186917	 93.144903	 93.103951	 93.064048	 93.025181	 92.987336	   92.9505	 92.914658	 92.879795	 92.845896	 92.812947	 92.780932	 92.749836	 92.719642	 92.690335	 92.661898	 92.634317	 92.607573	 92.581651	 92.556535	 92.532207	 92.508652	 92.485853	 92.463793	 92.442456	 92.421825	 92.401884	 92.382617	 92.364007	 92.346039	 92.328696	 92.311962	 92.295822	  92.28026	  92.26526	 92.250808	 92.236888	 92.223485	 92.210585	 92.198174	 92.186236	 92.174757	 92.163725	 92.153125	 92.142944	 92.133169	 92.123786	 92.114784	  92.10615	 92.097872	 92.089938	 92.082336	 92.075054	 92.068083	 92.061411	 92.055027	 92.048921	 92.043083	 92.037503	 92.032172	 92.027081	 92.022219	  92.01758	 92.013153	 92.008931	 92.004906	 92.001069	 91.997414	 91.993933	 91.990619	 91.987464	 91.984463	 91.981609	 91.978896	 91.976317	 91.973867	 91.971541	 91.969332	 91.967236	 91.965247	 91.963362	 91.961574	 91.959881	 91.958276	 91.956757	  91.95532	 91.953959	 91.952673	 91.951457	 91.950308	 91.949223	 91.948198	 91.947231	 91.946319	 91.945459	 91.944649	 91.943886	 91.943168	 91.942493	 91.941858	 91.941262	 91.940702	 91.940177	 91.939686	 91.939225	 91.938795	 91.938393	 91.938017	 91.937668	 91.937344	 91.937042	 91.936763	 91.936506	 91.936269	 91.936051	 91.935852	 91.935671	 91.935508	 91.935361	 91.935231	 91.935116	 91.935016	 91.934932	 91.934862	 91.934806	 91.934765	 91.934737	 91.934723	
        99	 98.876885	 98.753813	 98.630828	 98.507971	 98.385287	 98.262818	 98.140607	 98.018695	 97.897125	 97.775938	 97.655175	 97.534877	 97.415085	 97.295838	 97.177174	 97.059134	 96.941754	 96.825071	 96.709123	 96.593946	 96.479573	  96.36604	 96.253379	 96.141624	 96.030805	 95.920954	   95.8121	 95.704272	 95.597498	 95.491805	 95.387218	 95.283761	  95.18146	 95.080336	  94.98041	 94.881704	 94.784236	 94.688025	 94.593088	  94.49944	 94.407098	 94.316073	  94.22638	 94.138029	 94.051031	 93.965396	 93.881131	 93.798244	  93.71674	 93.636625	 93.557903	 93.480577	 93.404648	 93.330118	 93.256985	  93.18525	  93.11491	 93.045963	 92.978404	 92.912228	  92.84743	 92.784004	 92.721943	 92.661237	 92.601879	 92.543859	 92.487166	  92.43179	 92.377719	 92.324941	 92.273443	 92.223211	 92.174232	 92.126491	 92.079973	 92.034663	 91.990544	 91.947601	 91.905817	 91.865174	 91.825656	 91.787244	 91.749922	  91.71367	 91.678471	 91.644305	 91.611155	    91.579	 91.547823	 91.517604	 91.488324	 91.459963	 91.432503	 91.405924	 91.380207	 91.355332	 91.331281	 91.308035	 91.285573	 91.263878	 91.242931	 91.222713	 91.203205	 91.184389	 91.166247	 91.148761	 91.131913	 91.115685	 91.100061	 91.085022	 91.070552	 91.056635	 91.043254	 91.030393	 91.018035	 91.006167	 90.994771	 90.983833	 90.973339	 90.963273	 90.953623	 90.944373	 90.935511	 90.927022	 90.918895	 90.911117	 90.903674	 90.896556	 90.889751	 90.883246	 90.877031	 90.871095	 90.865428	 90.860019	 90.854859	 90.849937	 90.845244	 90.840772	 90.836511	 90.832452	 90.828589	 90.824911	 90.821413	 90.818086	 90.814922	 90.811916	  90.80906	 90.806348	 90.803773	 90.801329	 90.799011	 90.796813	 90.794729	 90.792755	 90.790885	 90.789114	 90.787438	 90.785852	 90.784352	 90.782935	 90.781595	  90.78033	 90.779135	 90.778008	 90.776945	 90.775943	 90.774998	 90.774109	 90.773272	 90.772485	 90.771745	 90.771049	 90.770397	 90.769785	 90.769212	 90.768675	 90.768173	 90.767704	 90.767267	  90.76686	 90.766481	  90.76613	 90.765805	 90.765505	 90.765228	 90.764974	 90.764743	 90.764532	 90.764341	  90.76417	 90.764018	 90.763884	 90.763768	  90.76367	 90.763588	 90.763523	 90.763475	 90.763443	 90.763427	
        99	  98.85942	  98.71889	 98.578458	 98.438173	 98.298086	 98.158243	 98.018695	 97.879489	 97.740673	 97.602295	 97.464401	 97.327038	 97.190252	 97.054088	 96.918592	 96.783806	 96.649775	  96.51654	 96.384144	 96.252628	  96.12203	 95.992391	 95.863749	  95.73614	 95.609601	 95.484167	 95.359871	 95.236747	 95.114826	 94.994139	 94.874715	 94.756583	 94.639769	   94.5243	 94.410199	 94.297491	 94.186196	 94.076337	 93.967932	    93.861	 93.755557	  93.65162	 93.549203	 93.448319	  93.34898	 93.251197	 93.154978	 93.060333	 92.967267	 92.875788	 92.785898	 92.697602	 92.610902	 92.525799	 92.442292	 92.360381	 92.280063	 92.201335	 92.124192	 92.048628	 91.974639	 91.902215	  91.83135	 91.762033	 91.694254	 91.628003	 91.563268	 91.500037	 91.438296	 91.378031	 91.319227	 91.261869	 91.205942	 91.151429	 91.098312	 91.046574	 90.996196	 90.947161	  90.89945	 90.853041	 90.807917	 90.764057	  90.72144	 90.680046	 90.639853	 90.600841	 90.562987	 90.526272	 90.490672	 90.456166	 90.422732	 90.390348	 90.358992	 90.328643	 90.299278	 90.270875	 90.243412	 90.216867	  90.19122	 90.166447	 90.142528	 90.119442	 90.097167	 90.075682	 90.054966	 90.034999	 90.015761	 89.997232	 89.979391	 89.962219	 89.945696	 89.929805	 89.914526	  89.89984	  89.88573	 89.872177	 89.859165	 89.846675	 89.834692	 89.823199	 89.812179	 89.801617	 89.791498	 89.781805	 89.772525	 89.763643	 89.755145	 89.747017	 89.739246	 89.731819	 89.724723	 89.717945	 89.711474	 89.705298	 89.699405	 89.693785	 89.688426	 89.683319	 89.678454	  89.67382	 89.669408	 89.665209	 89.661214	 89.657415	 89.653803	  89.65037	 89.647109	 89.644012	 89.641072	 89.638282	 89.635635	 89.633125	 89.630746	 89.628491	 89.626355	 89.624333	  89.62242	 89.620609	 89.618897	 89.617278	 89.615748	 89.614303	  89.61294	 89.611652	 89.610438	 89.609294	 89.608216	   89.6072	 89.606244	 89.605345	   89.6045	 89.603707	 89.602962	 89.602263	 89.601608	 89.600995	 89.600422	 89.599887	 89.599388	 89.598923	  89.59849	 89.598089	 89.597718	 89.597375	 89.597059	  89.59677	 89.596505	 89.596264	 89.596047	 89.595852	 89.595678	 89.595525	 89.595393	  89.59528	 89.595187	 89.595113	 89.595057	 89.595021	 89.595002	
        99	 98.842004	 98.684064	 98.526234	 98.368571	 98.211128	 98.053961	 97.897125	 97.740673	  97.58466	 97.429138	 97.274161	 97.119781	 96.966049	 96.813017	 96.660734	  96.50925	 96.358614	 96.208874	 96.060075	 95.912266	 95.765489	  95.61979	  95.47521	 95.331793	 95.189577	 95.048603	 94.908909	 94.770532	 94.633506	 94.497868	 94.363649	 94.230882	 94.099597	 93.969822	 93.841586	 93.714914	 93.589832	 93.466362	 93.344528	 93.224348	 93.105843	 92.989029	 92.873924	 92.760542	 92.648896	 92.538999	  92.43086	 92.324489	 92.219894	 92.117082	 92.016056	 91.916822	 91.819381	 91.723734	 91.629882	 91.537823	 91.447555	 91.359073	 91.272373	 91.187449	 91.104293	 91.022897	 90.943252	 90.865348	 90.789172	 90.714714	 90.641959	 90.570894	 90.501504	 90.433773	 90.367684	 90.303221	 90.240365	 90.179098	 90.119401	 90.061253	 90.004635	 89.949525	 89.895902	 89.843745	 89.793031	 89.743737	  89.69584	 89.649317	 89.604145	   89.5603	 89.517757	 89.476493	 89.436483	 89.397702	 89.360126	  89.32373	  89.28849	 89.254381	 89.221377	 89.189456	  89.15859	 89.128758	 89.099933	 89.072091	 89.045209	 89.019263	 88.994228	 88.970081	 88.946799	 88.924359	 88.902737	 88.881912	 88.861861	 88.842561	 88.823992	 88.806132	  88.78896	 88.772455	 88.756596	 88.741365	  88.72674	 88.712704	 88.699236	 88.686319	 88.673934	 88.662064	 88.650691	 88.639797	 88.629368	 88.619386	 88.609835	   88.6007	 88.591966	 88.583618	 88.575643	 88.568025	 88.560753	 88.553811	 88.547189	 88.540872	  88.53485	 88.529111	 88.523642	 88.518434	 88.513476	 88.508757	 88.504267	 88.499997	 88.495937	 88.492079	 88.488414	 88.484934	 88.481629	 88.478493	 88.475518	 88.472698	 88.470023	  88.46749	 88.465089	 88.462817	 88.460666	 88.458631	 88.456706	 88.454887	 88.453168	 88.451544	 88.450011	 88.448565	 88.447201	 88.445914	 88.444702	 88.443561	 88.442487	 88.441476	 88.440527	 88.439635	 88.438797	 88.438012	 88.437276	 88.436587	 88.435943	 88.435342	 88.434781	 88.434258	 88.433772	 88.433322	 88.432904	 88.432519	 88.432164	 88.431839	 88.431541	 88.431271	 88.431026	 88.430807	 88.430611	  88.43044	 88.430291	 88.430164	  88.43006	 88.429976	 88.429914	 88.429873	 88.429852	
        99	 98.824643	 98.649348	 98.474175	 98.299187	 98.124444	 97.950008	 97.775938	 97.602295	 97.429138	 97.256528	 97.084521	 96.913177	 96.742553	 96.572705	 96.403689	 96.235559	 96.068371	 95.902177	 95.737028	 95.572977	 95.410072	 95.248363	 95.087897	  94.92872	 94.770877	 94.614413	 94.459368	 94.305786	 94.153704	 94.003161	 93.854194	 93.706838	 93.561126	 93.417092	 93.274764	 93.134174	 92.995347	 92.858311	 92.723088	 92.589703	 92.458176	 92.328527	 92.200774	 92.074933	 91.951019	 91.829046	 91.709024	 91.590965	 91.474877	 91.360767	 91.248641	 91.138502	 91.030354	 90.924198	 90.820033	 90.717858	 90.617671	 90.519467	  90.42324	 90.328984	  90.23669	  90.14635	 90.057954	 89.971489	 89.886943	 89.804303	 89.723554	  89.64468	 89.567665	 89.492492	 89.419141	 89.347594	 89.277832	 89.209832	 89.143575	 89.079038	 89.016199	 88.955033	 88.895518	  88.83763	 88.781343	 88.726632	 88.673472	 88.621838	 88.571702	 88.523039	 88.475821	 88.430023	 88.385616	 88.342574	 88.300869	 88.260474	 88.221362	 88.183504	 88.146875	 88.111445	 88.077188	 88.044077	 88.012085	 87.981184	 87.951348	 87.922551	 87.894765	 87.867965	 87.842125	 87.817219	 87.793221	 87.770108	 87.747853	 87.726433	 87.705824	 87.686001	 87.666942	 87.648623	 87.631022	 87.614117	 87.597885	 87.582307	 87.567359	 87.553023	 87.539277	 87.526102	 87.513479	 87.501389	 87.489813	 87.478734	 87.468134	 87.457995	 87.448302	 87.439037	 87.430185	  87.42173	 87.413658	 87.405954	 87.398604	 87.391594	  87.38491	 87.378539	  87.37247	  87.36669	 87.361187	 87.355949	 87.350966	 87.346227	 87.341721	 87.337439	 87.333371	 87.329508	 87.325841	  87.32236	 87.319058	 87.315928	  87.31296	 87.310147	 87.307483	 87.304961	 87.302574	 87.300315	 87.298179	  87.29616	 87.294252	  87.29245	 87.290749	 87.289143	 87.287629	 87.286201	 87.284856	 87.283589	 87.282397	 87.281276	 87.280222	 87.279232	 87.278302	 87.277431	 87.276614	 87.275849	 87.275135	 87.274467	 87.273844	 87.273264	 87.272725	 87.272225	 87.271762	 87.271334	  87.27094	 87.270579	 87.270249	 87.269948	 87.269677	 87.269433	 87.269217	 87.269026	 87.268861	 87.268721	 87.268604	 87.268512	 87.268443	 87.268397	 87.268374	
        99	 98.807343	 98.614753	 98.422299	 98.230047	 98.038064	 97.846418	 97.655175	 97.464401	 97.274161	 97.084521	 96.895545	 96.707297	 96.519839	 96.333234	 96.147543	 95.962827	 95.779144	 95.596554	 95.415112	 95.234876	 95.055899	 94.878236	 94.701939	 94.527058	 94.353643	 94.181742	 94.011402	 93.842667	 93.675581	 93.510186	 93.346522	 93.184628	 93.024541	 92.866297	 92.709928	 92.555467	 92.402944	 92.252388	 92.103825	  91.95728	 91.812777	 91.670337	  91.52998	 91.391724	 91.255585	 91.121578	 90.989716	 90.860009	 90.732468	   90.6071	 90.483912	 90.362907	  90.24409	  90.12746	 90.013019	 89.900764	 89.790692	 89.682799	 89.577079	 89.473524	 89.372125	 89.272873	 89.175755	  89.08076	 88.987873	  88.89708	 88.808364	 88.721709	 88.637096	 88.554506	 88.473919	 88.395314	 88.318668	  88.24396	 88.171167	 88.100262	 88.031223	 87.964023	 87.898637	 87.835037	 87.773197	 87.713089	 87.654684	 87.597956	 87.542874	  87.48941	 87.437534	 87.387217	 87.338429	  87.29114	 87.245321	 87.200941	  87.15797	 87.116377	 87.076134	 87.037209	 86.999573	 86.963195	 86.928046	 86.894097	 86.861318	 86.829679	 86.799152	 86.769708	 86.741318	 86.713955	  86.68759	 86.662196	 86.637746	 86.614213	  86.59157	 86.569792	 86.548852	 86.528726	 86.509389	 86.490816	 86.472983	 86.455867	 86.439445	 86.423694	 86.408592	 86.394118	 86.380249	 86.366966	 86.354249	 86.342076	  86.33043	 86.319291	 86.308642	 86.298463	 86.288737	 86.279449	 86.270581	 86.262116	 86.254041	 86.246339	 86.238996	 86.231997	 86.225329	 86.218978	 86.212932	 86.207178	 86.201703	 86.196496	 86.191546	 86.186842	 86.182373	 86.178128	 86.174099	 86.170275	 86.166648	 86.163208	 86.159947	 86.156857	 86.153931	  86.15116	 86.148537	 86.146055	 86.143709	  86.14149	 86.139394	 86.137414	 86.135545	 86.133781	 86.132117	 86.130549	 86.129071	 86.127679	  86.12637	 86.125138	 86.123979	 86.122892	 86.121871	 86.120913	 86.120016	 86.119176	  86.11839	 86.117657	 86.116973	 86.116336	 86.115743	 86.115194	 86.114685	 86.114215	 86.113782	 86.113385	 86.113022	 86.112693	 86.112394	 86.112127	 86.111889	 86.111679	 86.111498	 86.111344	 86.111216	 86.111114	 86.111038	 86.110988	 86.110963	
        99	 98.790109	 98.580292	 98.370622	 98.161173	 97.952017	 97.743228	 97.534877	 97.327038	 97.119781	 96.913177	 96.707297	 96.502209	 96.297983	 96.094686	 95.892384	 95.691145	 95.491031	 95.292107	 95.094435	 94.898077	  94.70309	 94.509535	 94.317467	 94.126943	 93.938016	 93.750738	  93.56516	 93.381331	 93.199299	 93.019109	 92.840805	  92.66443	 92.490023	 92.317623	 92.147266	 91.978988	 91.812822	 91.648798	 91.486946	 91.327292	 91.169863	 91.014682	 90.861769	 90.711146	 90.562829	 90.416835	 90.273177	 90.131868	 89.992918	 89.856336	 89.722128	 89.590299	 89.460853	 89.333791	 89.209113	 89.086816	 88.966899	 88.849354	 88.734177	 88.621359	 88.510889	 88.402759	 88.296954	 88.193461	 88.092265	  87.99335	 87.896699	 87.802292	  87.71011	 87.620132	 87.532336	   87.4467	 87.363198	 87.281808	 87.202502	 87.125256	 87.050041	  86.97683	 86.905594	 86.836305	 86.768933	 86.703448	  86.63982	 86.578016	 86.518007	 86.459761	 86.403244	 86.348426	 86.295275	 86.243756	 86.193838	 86.145488	 86.098673	  86.05336	 86.009516	  85.96711	 85.926107	 85.886475	 85.848182	 85.811196	 85.775484	 85.741016	 85.707758	  85.67568	 85.644751	  85.61494	 85.586217	 85.558551	 85.531914	 85.506276	 85.481607	 85.457881	 85.435068	 85.413142	 85.392075	  85.37184	 85.352412	 85.333765	 85.315874	 85.298714	 85.282262	 85.266492	 85.251383	 85.236912	 85.223057	 85.209796	 85.197108	 85.184973	  85.17337	 85.162281	 85.151686	 85.141566	 85.131905	 85.122683	 85.113885	 85.105494	 85.097494	 85.089869	 85.082605	 85.075686	 85.069099	  85.06283	 85.056866	 85.051193	   85.0458	 85.040675	 85.035806	 85.031182	 85.026792	 85.022626	 85.018675	 85.014927	 85.011375	 85.008009	  85.00482	 85.001801	 84.998944	  84.99624	 84.993684	 84.991267	 84.988983	 84.986826	  84.98479	 84.982868	 84.981055	 84.979347	 84.977737	 84.976221	 84.974794	 84.973451	  84.97219	 84.971004	 84.969892	 84.968849	 84.967871	 84.966956	 84.966101	 84.965301	 84.964556	 84.963862	 84.963217	 84.962618	 84.962064	 84.961552	  84.96108	 84.960648	 84.960252	 84.959893	 84.959568	 84.959277	 84.959017	 84.958789	 84.958592	 84.958423	 84.958284	 84.958174	 84.958091	 84.958036	 84.958009	
        99	 98.772948	 98.545976	 98.319163	 98.092588	 97.866331	 97.640471	 97.415085	 97.190252	 96.966049	 96.742553	 96.519839	 96.297983	 96.077059	 95.857139	 95.638297	 95.420604	 95.204128	  94.98894	 94.775106	 94.562692	 94.351763	 94.142382	 93.934611	 93.728508	 93.524134	 93.321544	 93.120793	 92.921934	 92.725018	 92.530095	 92.337213	 92.146416	 91.957749	 91.771253	 91.586968	 91.404931	 91.225179	 91.047744	 90.872658	 90.699951	  90.52965	  90.36178	 90.196365	 90.033427	 89.872983	 89.715052	 89.559648	 89.406786	 89.256475	 89.108725	 88.963544	 88.820937	 88.680907	 88.543455	 88.408583	 88.276287	 88.146565	  88.01941	 87.894815	 87.772772	 87.653271	 87.536299	 87.421843	 87.309889	 87.200419	 87.093417	 86.988863	 86.886737	 86.787018	 86.689683	 86.594709	  86.50207	 86.411742	 86.323696	 86.237907	 86.154344	 86.072979	 85.993782	 85.916722	 85.841768	 85.768888	 85.698049	 85.629217	 85.562361	 85.497445	 85.434436	 85.373299	 85.313999	 85.256501	  85.20077	 85.146771	 85.094468	 85.043825	 84.994807	 84.947379	 84.901505	 84.857149	 84.814277	 84.772854	 84.732843	 84.694212	 84.656925	 84.620948	 84.586247	 84.552789	 84.520541	 84.489469	 84.459541	 84.430726	 84.402992	 84.376307	  84.35064	 84.325962	 84.302243	 84.279454	 84.257565	 84.236548	 84.216377	 84.197023	  84.17846	 84.160662	 84.143603	 84.127259	 84.111605	 84.096616	 84.082271	 84.068546	 84.055418	 84.042867	 84.030871	  84.01941	 84.008463	 83.998011	 83.988036	 83.978519	 83.969442	 83.960787	 83.952539	 83.944681	 83.937196	 83.930071	 83.923289	 83.916837	 83.910701	 83.904867	 83.899323	 83.894055	 83.889053	 83.884305	 83.879798	 83.875523	 83.871469	 83.867626	 83.863985	 83.860536	  83.85727	 83.854179	 83.851255	 83.848489	 83.845874	 83.843404	 83.841071	 83.838868	 83.836789	 83.834828	  83.83298	 83.831238	 83.829598	 83.828054	 83.826602	 83.825237	 83.823955	 83.822752	 83.821624	 83.820566	 83.819576	 83.818651	 83.817786	  83.81698	 83.816229	 83.815531	 83.814883	 83.814283	  83.81373	  83.81322	 83.812752	 83.812324	 83.811936	 83.811584	 83.811269	 83.810988	 83.810741	 83.810528	 83.810346	 83.810195	 83.810075	 83.809986	 83.809927	 83.809897	
        99	 98.755865	 98.511815	 98.267937	 98.024315	 97.781035	 97.538181	 97.295838	 97.054088	 96.813017	 96.572705	 96.333234	 96.094686	 95.857139	 95.620674	 95.385366	 95.151293	 94.918531	 94.687152	 94.457229	 94.228833	 94.002034	   93.7769	 93.553496	 93.331887	 93.112135	 92.894302	 92.678447	 92.464626	 92.252895	 92.043306	 91.835911	 91.630759	 91.427897	 91.227369	 91.029219	 90.833486	 90.640209	 90.449424	 90.261165	 90.075463	 89.892349	 89.711849	 89.533989	  89.35879	 89.186275	 89.016462	 88.849366	 88.685002	 88.523382	 88.364515	 88.208411	 88.055074	 87.904508	 87.756715	 87.611695	 87.469446	 87.329963	 87.193241	 87.059272	 86.928047	 86.799554	 86.673782	 86.550714	 86.430336	  86.31263	 86.197577	 86.085157	 85.975347	 85.868125	 85.763467	 85.661347	 85.561738	 85.464614	 85.369944	 85.277699	 85.187849	 85.100363	 85.015207	 84.932349	 84.851756	 84.773392	 84.697223	 84.623213	 84.551326	 84.481526	 84.413777	  84.34804	 84.284278	 84.222454	  84.16253	 84.104468	 84.048229	 83.993776	  83.94107	 83.890074	 83.840748	 83.793055	 83.746957	 83.702417	 83.659396	 83.617858	 83.577766	 83.539082	  83.50177	 83.465795	  83.43112	 83.397711	 83.365532	 83.334548	 83.304727	 83.276034	 83.248437	 83.221902	 83.196398	 83.171894	 83.148358	 83.125761	 83.104071	 83.083261	 83.063302	 83.044164	 83.025822	 83.008248	 82.991416	   82.9753	 82.959876	 82.945118	 82.931003	 82.917507	 82.904608	 82.892285	 82.880514	 82.869276	  82.85855	 82.848317	 82.838557	 82.829252	 82.820383	 82.811933	 82.803886	 82.796224	 82.788932	 82.781994	 82.775396	 82.769124	 82.763162	 82.757499	 82.752121	 82.747015	 82.742169	 82.737572	 82.733213	 82.729081	 82.725166	 82.721457	 82.717946	 82.714622	 82.711478	 82.708504	 82.705693	 82.703037	 82.700528	 82.698159	 82.695924	 82.693816	 82.691828	 82.689955	 82.688192	 82.686532	 82.684971	 82.683503	 82.682125	 82.680831	 82.679617	  82.67848	 82.677416	 82.676421	 82.675491	 82.674624	 82.673817	 82.673066	  82.67237	 82.671725	  82.67113	 82.670581	 82.670078	 82.669618	   82.6692	 82.668823	 82.668483	 82.668182	 82.667917	 82.667687	 82.667491	 82.667329	   82.6672	 82.667104	 82.667041	 82.667009	
        99	 98.738865	 98.477822	 98.216963	 97.956377	 97.696157	 97.436392	 97.177174	 96.918592	 96.660734	 96.403689	 96.147543	 95.892384	 95.638297	 95.385366	 95.133674	 94.883302	 94.634332	 94.386842	 94.140909	  93.89661	 93.654019	 93.413208	 93.174248	 92.937208	 92.702155	 92.469154	 92.238268	 92.009558	 91.783084	 91.558901	 91.337065	 91.117628	 90.900641	  90.68615	 90.474202	  90.26484	 90.058104	 89.854035	 89.652667	 89.454035	  89.25817	 89.065102	 88.874856	 88.687459	 88.502931	 88.321293	 88.142562	 87.966753	 87.793879	 87.623951	 87.456977	 87.292963	 87.131913	 86.973829	 86.818711	 86.666556	 86.517361	 86.371119	 86.227822	 86.087459	 85.950019	 85.815489	 85.683852	 85.555092	  85.42919	 85.306126	 85.185877	 85.068421	 84.953734	 84.841788	 84.732557	 84.626013	 84.522125	 84.420863	 84.322195	 84.226089	 84.132511	 84.041426	 83.952798	 83.866593	 83.782772	 83.701299	 83.622136	 83.545244	 83.470584	 83.398117	 83.327802	 83.259601	 83.193472	 83.129375	  83.06727	 83.007115	 82.948871	 82.892495	 82.837947	 82.785187	 82.734173	 82.684866	 82.637224	 82.591208	 82.546777	 82.503893	 82.462516	 82.422606	 82.384126	 82.347036	 82.311301	 82.276881	  82.24374	 82.211842	 82.181152	 82.151632	  82.12325	  82.09597	  82.06976	 82.044585	 82.020414	 81.997215	 81.974955	 81.953606	 81.933136	 81.913517	 81.894719	 81.876715	 81.859477	 81.842978	 81.827193	 81.812095	  81.79766	 81.783863	 81.770681	 81.758091	  81.74607	 81.734598	 81.723652	 81.713212	 81.703259	 81.693772	 81.684734	 81.676127	 81.667931	 81.660132	 81.652711	 81.645654	 81.638944	 81.632568	  81.62651	 81.620757	 81.615295	 81.610113	 81.605196	 81.600533	 81.596114	 81.591926	 81.587959	 81.584203	 81.580648	 81.577284	 81.574103	 81.571097	 81.568255	 81.565572	 81.563038	 81.560647	 81.558392	 81.556266	 81.554263	 81.552377	 81.550601	 81.548931	 81.547362	 81.545887	 81.544503	 81.543205	 81.541989	 81.540851	 81.539786	 81.538792	 81.537865	 81.537001	 81.536198	 81.535453	 81.534763	 81.534126	  81.53354	 81.533002	  81.53251	 81.532063	 81.531659	 81.531296	 81.530973	  81.53069	 81.530444	 81.530235	 81.530061	 81.529924	 81.529821	 81.529753	 81.529719	
        99	 98.721955	 98.444008	 98.166255	 97.888795	 97.611724	 97.335138	 97.059134	 96.783806	  96.50925	 96.235559	 95.962827	 95.691145	 95.420604	 95.151293	 94.883302	 94.616718	 94.351625	 94.088108	 93.826249	  93.56613	 93.307829	 93.051424	  92.79699	   92.5446	 92.294325	 92.046236	 91.800399	 91.556879	 91.315738	 91.077038	 90.840837	  90.60719	 90.376151	  90.14777	 89.922097	 89.699177	 89.479054	  89.26177	 89.047362	 88.835867	 88.627319	 88.421748	 88.219183	  88.01965	 87.823173	 87.629773	 87.439468	 87.252274	 87.068205	 86.887273	 86.709486	 86.534851	 86.363372	 86.195051	 86.029888	  85.86788	 85.709024	 85.553311	 85.400734	 85.251282	 85.104942	   84.9617	 84.821539	 84.684441	 84.550386	 84.419352	 84.291317	 84.166255	  84.04414	 83.924945	 83.808641	 83.695197	 83.584582	 83.476762	 83.371705	 83.269376	 83.169737	 83.072754	 82.978387	   82.8866	 82.797351	 82.710602	 82.626313	 82.544441	 82.464946	 82.387786	 82.312918	   82.2403	 82.169889	 82.101642	 82.035515	 81.971465	 81.909449	 81.849422	 81.791342	 81.735165	 81.680848	 81.628347	  81.57762	 81.528624	 81.481317	 81.435655	 81.391599	 81.349104	 81.308132	 81.268641	 81.230591	 81.193943	 81.158656	 81.124692	 81.092014	 81.060583	 81.030363	 81.001317	 80.973409	 80.946604	 80.920868	 80.896166	 80.872465	 80.849733	 80.827938	 80.807048	 80.787033	 80.767863	 80.749509	 80.731942	 80.715134	 80.699058	 80.683688	 80.668998	 80.654963	 80.641557	 80.628758	 80.616543	 80.604888	 80.593772	 80.583175	 80.573074	 80.563451	 80.554285	 80.545559	 80.537254	 80.529353	 80.521839	 80.514695	 80.507906	 80.501456	  80.49533	 80.489515	 80.483996	 80.478761	 80.473797	 80.469091	 80.464632	 80.460408	 80.456409	 80.452623	 80.449042	 80.445655	 80.442454	 80.439429	 80.436571	 80.433873	 80.431328	 80.428927	 80.426663	  80.42453	 80.422522	 80.420631	 80.418853	 80.417182	 80.415612	 80.414138	 80.412756	 80.411461	 80.410249	 80.409116	 80.408057	  80.40707	  80.40615	 80.405295	 80.404502	 80.403768	  80.40309	 80.402465	 80.401892	 80.401369	 80.400893	 80.400462	 80.400076	 80.399733	  80.39943	 80.399168	 80.398946	 80.398761	 80.398615	 80.398505	 80.398433	 80.398396	
        99	  98.70514	 98.410382	 98.115832	 97.821591	 97.527763	  97.23445	 96.941754	 96.649775	 96.358614	 96.068371	 95.779144	 95.491031	 95.204128	 94.918531	 94.634332	 94.351625	 94.070499	 93.791045	  93.51335	   93.2375	 92.963577	 92.691665	 92.421843	 92.154189	 91.888778	 91.625685	  91.36498	 91.106732	 90.851008	 90.597872	 90.347386	 90.099608	 89.854596	 89.612403	 89.373082	  89.13668	 88.903245	 88.672819	 88.445445	 88.221159	 87.999998	 87.781994	 87.567179	 87.355579	 87.147219	 86.942122	 86.740308	 86.541793	 86.346592	 86.154717	 85.966178	 85.780981	 85.599131	 85.420631	 85.245479	 85.073674	  84.90521	  84.74008	 84.578276	 84.419785	 84.264595	 84.112689	 83.964052	 83.818662	 83.676499	 83.537541	 83.401762	 83.269137	 83.139637	 83.013233	 82.889895	  82.76959	 82.652285	 82.537945	 82.426535	 82.318016	 82.212352	 82.109503	  82.00943	  81.91209	 81.817444	 81.725449	 81.636062	 81.549239	 81.464936	  81.38311	 81.303714	 81.226704	 81.152035	  81.07966	 81.009534	  80.94161	 80.875843	 80.812186	 80.750594	 80.691019	 80.633417	 80.577742	 80.523947	 80.471988	 80.421819	 80.373396	 80.326675	 80.281611	  80.23816	 80.196281	  80.15593	 80.117065	 80.079644	 80.043626	 80.008972	  79.97564	 79.943592	  79.91279	 79.883194	 79.854768	 79.827475	 79.801279	 79.776145	 79.752038	 79.728925	 79.706772	 79.685546	 79.665217	 79.645753	 79.627123	 79.609299	 79.592251	 79.575951	 79.560373	 79.545488	 79.531272	 79.517699	 79.504745	 79.492385	 79.480597	 79.469359	 79.458647	 79.448442	 79.438722	 79.429468	 79.420661	 79.412282	 79.404314	 79.396738	 79.389538	 79.382697	 79.376201	 79.370035	 79.364182	 79.358631	 79.353366	 79.348375	 79.343647	 79.339167	 79.334926	 79.330912	 79.327114	 79.323523	 79.320127	 79.316919	 79.313889	 79.311028	 79.308328	 79.305782	 79.303382	  79.30112	  79.29899	 79.296985	   79.2951	 79.293327	 79.291662	 79.290099	 79.288634	 79.287261	 79.285975	 79.284773	  79.28365	 79.282603	 79.281628	 79.280722	 79.279881	 79.279102	 79.278382	  79.27772	 79.277113	 79.276557	 79.276053	 79.275596	 79.275187	 79.274822	 79.274502	 79.274224	 79.273988	 79.273793	 79.273637	 79.273521	 79.273444	 79.273405	
