Time step 28:
        99	        99	        99	        99	        99	        99	        99	        99	        99	        99	        99	        99	        99	        99	        99	        99	        99	        99	        99	        99	        99	        99	        99	        99	        99	        99	        99	        99	        99	        99	        99	        99	        99	        99	        99	        99	        99	        99	        99	        99	        99	        99	        99	        99	        99	        99	        99	        99	        99	        99	        99	        99	        99	        99	        99	        99	        99	        99	        99	        99	        99	        99	        99	        99	        99	        99	        99	        99	        99	        99	        99	        99	        99	        99	        99	        99	        99	        99	        99	        99	        99	        99	        99	        99	        99	        99	        99	        99	        99	        99	        99	        99	        99	        99	        99	        99	        99	        99	        99	        99	        99	        99	        99	        99	        99	        99	        99	        99	        99	        99	        99	        99	        99	        99	        99	        99	        99	        99	        99	        99	        99	        99	        99	        99	        99	        99	        99	        99	        99	        99	        99	        99	        99	        99	        99	        99	        99	        99	        99	        99	        99	        99	        99	        99	        99	        99	        99	        99	        99	        99	        99	        99	        99	        99	        99	        99	        99	        99	        99	        99	        99	        99	        99	        99	        99	        99	        99	        99	        99	        99	        99	        99	        99	        99	        99	        99	        99	        99	        99	        99	        99	        99	        99	        99	        99	        99	        99	        99	        99	        99	        99	        99	        99	        99	        99	        99	        99	        99	        99	        99	
        99	 98.977324	 98.954659	 98.932013	 98.909399	 98.886825	 98.864302	  98.84184	 98.819448	 98.797138	 98.774917	 98.752797	 98.730786	 98.708894	  98.68713	 98.665503	 98.644022	 98.622695	 98.601531	 98.580538	 98.559724	 98.539097	 98.518665	 98.498434	 98.478412	 98.458605	 98.439021	 98.419665	 98.400543	 98.381661	 98.363024	 98.344638	 98.326507	 98.308636	 98.291029	  98.27369	 98.256622	 98.239829	 98.223314	 98.207079	 98.191128	 98.175462	 98.160082	 98.144992	 98.130191	 98.115681	 98.101462	 98.087535	   98.0739	 98.060558	 98.047507	 98.034746	 98.022276	 98.010095	 97.998202	 97.986594	 97.975271	 97.964231	  97.95347	 97.942988	  97.93278	 97.922845	  97.91318	 97.903781	 97.894645	 97.885769	  97.87715	 97.868783	 97.860665	 97.852793	 97.845161	 97.837767	 97.830605	 97.823673	 97.816965	 97.810477	 97.804204	 97.798143	 97.792289	 97.786637	 97.781183	 97.775922	  97.77085	 97.765962	 97.761253	  97.75672	 97.752357	  97.74816	 97.744124	 97.740245	 97.736519	 97.732941	 97.729507	 97.726212	 97.723053	 97.720025	 97.717123	 97.714345	 97.711685	 97.709141	 97.706707	 97.704381	 97.702158	 97.700035	 97.698009	 97.696075	 97.694231	 97.692473	 97.690797	 97.689202	 97.687682	 97.686236	 97.684861	 97.683554	 97.682311	 97.681131	  97.68001	 97.678946	 97.677937	 97.676981	 97.676074	 97.675215	 97.674402	 97.673632	 97.672903	 97.672215	 97.671564	 97.670948	 97.670368	 97.669819	 97.669302	 97.668814	 97.668354	 97.667921	 97.667513	 97.667128	 97.666767	 97.666427	 97.666107	 97.665807	 97.665525	  97.66526	 97.665011	 97.664778	 97.664559	 97.664354	 97.664163	 97.663983	 97.663815	 97.663657	  97.66351	 97.663373	 97.663244	 97.663124	 97.663012	 97.662908	 97.662811	  97.66272	 97.662635	 97.662557	 97.662483	 97.662415	 97.662352	 97.662293	 97.662238	 97.662187	  97.66214	 97.662096	 97.662056	 97.662018	 97.661983	 97.661951	 97.661921	 97.661894	 97.661869	 97.661845	 97.661823	 97.661803	 97.661785	 97.661768	 97.661753	 97.661739	 97.661726	 97.661714	 97.661703	 97.661693	 97.661684	 97.661676	 97.661669	 97.661662	 97.661656	 97.661651	 97.661647	 97.661643	  97.66164	 97.661637	 97.661635	 97.661633	 97.661632	 97.661632	
        99	 98.954659	 98.909337	 98.864057	 98.818838	 98.773701	 98.728665	 98.683751	 98.638978	 98.594367	 98.549936	 98.505706	 98.461694	  98.41792	 98.374401	 98.331157	 98.288204	  98.24556	 98.203241	 98.161265	 98.119647	 98.078402	 98.037546	 97.997094	 97.957059	 97.917455	 97.878295	 97.839591	 97.801356	 97.763601	 97.726336	 97.689572	 97.653318	 97.617584	 97.582377	 97.547707	 97.513579	     97.48	 97.446978	 97.414516	 97.382621	 97.351295	 97.320543	 97.290369	 97.260774	  97.23176	 97.203329	 97.175482	 97.148218	 97.121539	 97.095442	 97.069928	 97.044993	 97.020637	 96.996855	 96.973646	 96.951005	 96.928929	 96.907413	 96.886452	 96.866042	 96.846176	  96.82685	 96.808056	 96.789789	 96.772041	 96.754806	 96.738076	 96.721844	 96.706102	 96.690843	 96.676058	 96.661738	 96.647876	 96.634463	  96.62149	 96.608948	 96.596829	 96.585123	 96.573822	 96.562916	 96.552397	 96.542254	  96.53248	 96.523065	    96.514	 96.505276	 96.496884	 96.488814	 96.481058	 96.473608	 96.466453	 96.459586	 96.452999	 96.446681	 96.440626	 96.434825	 96.429269	 96.423951	 96.418863	 96.413997	 96.409346	 96.404902	 96.400657	 96.396605	 96.392738	 96.389051	 96.385535	 96.382185	 96.378994	 96.375956	 96.373065	 96.370315	 96.367701	 96.365216	 96.362856	 96.360615	 96.358489	 96.356471	 96.354558	 96.352745	 96.351027	 96.349401	 96.347862	 96.346405	 96.345028	 96.343726	 96.342496	 96.341335	 96.340238	 96.339204	 96.338228	 96.337309	 96.336442	 96.335626	 96.334858	 96.334135	 96.333455	 96.332816	 96.332215	 96.331651	 96.331121	 96.330624	 96.330158	 96.329721	 96.329311	 96.328927	 96.328568	 96.328232	 96.327917	 96.327623	 96.327348	 96.327091	 96.326851	 96.326628	 96.326419	 96.326224	 96.326043	 96.325874	 96.325716	  96.32557	 96.325433	 96.325307	 96.325189	 96.325079	 96.324978	 96.324883	 96.324796	 96.324715	  96.32464	  96.32457	 96.324506	 96.324446	 96.324391	  96.32434	 96.324293	  96.32425	  96.32421	 96.324174	  96.32414	 96.324109	 96.324081	 96.324055	 96.324031	 96.324009	 96.323989	 96.323972	 96.323955	 96.323941	 96.323928	 96.323916	 96.323906	 96.323897	  96.32389	 96.323883	 96.323878	 96.323874	  96.32387	 96.323868	 96.323867	
        99	 98.932013	 98.864057	 98.796162	 98.728359	 98.660679	  98.59315	 98.525805	 98.458671	 98.391779	 98.325158	 98.258837	 98.192844	 98.127207	 98.061954	 97.997112	 97.932707	 97.868764	 97.805311	  97.74237	 97.679966	 97.618122	 97.556862	 97.496206	 97.436176	 97.376792	 97.318074	 97.260041	  97.20271	 97.146098	 97.090221	 97.035096	 96.980736	 96.927155	 96.874365	 96.822378	 96.771206	 96.720857	 96.671342	 96.622668	 96.574842	 96.527872	 96.481761	 96.436516	  96.39214	 96.348636	 96.306006	  96.26425	 96.223371	 96.183367	 96.144237	 96.105979	 96.068591	  96.03207	 95.996411	  95.96161	 95.927662	  95.89456	 95.862298	 95.830869	 95.800265	 95.770478	 95.741499	 95.713319	 95.685928	 95.659317	 95.633474	 95.608389	  95.58405	 95.560446	 95.537565	 95.515396	 95.493924	 95.473139	 95.453027	 95.433574	 95.414769	 95.396597	 95.379045	 95.362099	 95.345747	 95.329974	 95.314766	 95.300111	 95.285994	 95.272401	  95.25932	 95.246736	 95.234636	 95.223007	 95.211835	 95.201107	 95.190811	 95.180933	 95.171461	 95.162381	 95.153683	 95.145352	 95.137378	 95.129749	 95.122453	 95.115479	 95.108814	  95.10245	 95.096374	 95.090577	 95.085047	 95.079776	 95.074752	 95.069968	 95.065413	 95.061078	 95.056955	 95.053034	 95.049309	  95.04577	  95.04241	 95.039221	 95.036196	 95.033328	 95.030609	 95.028034	 95.025595	 95.023287	 95.021103	 95.019038	 95.017086	 95.015242	   95.0135	 95.011856	 95.010305	 95.008842	 95.007463	 95.006164	  95.00494	 95.003788	 95.002705	 95.001685	 95.000727	 94.999826	  94.99898	 94.998186	  94.99744	 94.996741	 94.996086	 94.995471	 94.994896	 94.994357	 94.993853	 94.993381	  94.99294	 94.992528	 94.992143	 94.991783	 94.991448	 94.991135	 94.990843	 94.990571	 94.990317	 94.990081	 94.989861	 94.989657	 94.989467	  94.98929	 94.989126	 94.988974	 94.988832	 94.988701	  94.98858	 94.988467	 94.988363	 94.988266	 94.988177	 94.988094	 94.988018	 94.987948	 94.987883	 94.987823	 94.987768	 94.987718	 94.987671	 94.987629	  94.98759	 94.987554	 94.987521	 94.987492	 94.987465	 94.987441	 94.987419	   94.9874	 94.987382	 94.987367	 94.987354	 94.987342	 94.987332	 94.987324	 94.987318	 94.987313	  94.98731	 94.987309	
        99	 98.909399	 98.818838	 98.728359	 98.638003	 98.547809	 98.457819	 98.368072	 98.278607	 98.189465	 98.100684	 98.012302	 97.924358	 97.836888	  97.74993	 97.663519	  97.57769	 97.492479	 97.407918	 97.324041	  97.24088	 97.158465	 97.076827	 96.995995	 96.915997	 96.836861	 96.758611	 96.681274	 96.604872	  96.52943	 96.454967	 96.381505	 96.309063	 96.237659	 96.167309	  96.09803	 96.029836	  95.96274	 95.896754	  95.83189	 95.768156	 95.705561	 95.644113	 95.583818	 95.524681	 95.466706	 95.409896	 95.354251	 95.299774	 95.246463	 95.194317	 95.143334	  95.09351	  95.04484	  94.99732	 94.950943	 94.905702	  94.86159	 94.818596	 94.776713	 94.735929	 94.696234	 94.657616	 94.620062	  94.58356	 94.548097	 94.513658	 94.480228	 94.447794	 94.416339	 94.385847	 94.356303	  94.32769	 94.299991	 94.273188	 94.247265	 94.222204	 94.197988	 94.174597	 94.152015	 94.130224	 94.109204	 94.088938	 94.069408	 94.050595	 94.032481	 94.015048	 93.998278	 93.982154	 93.966656	 93.951768	 93.937472	 93.923751	 93.910587	 93.897964	 93.885865	 93.874272	 93.863171	 93.852545	 93.842378	 93.832655	  93.82336	  93.81448	 93.805998	 93.797901	 93.790175	 93.782806	 93.775781	 93.769087	 93.762711	 93.756641	 93.750864	  93.74537	 93.740145	 93.735181	 93.730465	 93.725987	 93.721737	 93.717706	 93.713883	  93.71026	 93.706828	 93.703578	 93.700502	 93.697592	  93.69484	 93.692239	 93.689782	 93.687461	  93.68527	 93.683203	 93.681254	 93.679416	 93.677685	 93.676054	 93.674519	 93.673074	 93.671716	 93.670438	 93.669238	 93.668111	 93.667052	 93.666059	 93.665127	 93.664254	 93.663435	 93.662668	  93.66195	 93.661278	  93.66065	 93.660062	 93.659513	 93.658999	  93.65852	 93.658073	 93.657656	 93.657267	 93.656904	 93.656566	 93.656252	 93.655959	 93.655686	 93.655433	 93.655198	 93.654979	 93.654776	 93.654587	 93.654413	 93.654251	 93.654101	 93.653962	 93.653833	 93.653714	 93.653604	 93.653502	 93.653409	 93.653322	 93.653243	 93.653169	 93.653102	  93.65304	 93.652983	 93.652931	 93.652884	 93.652841	 93.652801	 93.652766	 93.652733	 93.652704	 93.652678	 93.652655	 93.652635	 93.652617	 93.652602	 93.652589	 93.652578	  93.65257	 93.652563	 93.652559	 93.652557	
        99	 98.886825	 98.773701	 98.660679	 98.547809	 98.435144	 98.322731	 98.210623	 98.098868	 97.987516	 97.876614	 97.766212	 97.656355	 97.547092	 97.438468	 97.330527	 97.223314	 97.116871	 97.011242	 96.906466	 96.802585	 96.699636	 96.597658	 96.496686	 96.396756	 96.297902	 96.200156	  96.10355	 96.008113	 95.913873	 95.820857	 95.729092	 95.638601	 95.549406	 95.461528	 95.374988	 95.289803	 95.205989	 95.123563	 95.042537	 94.962923	 94.884733	 94.807975	 94.732657	 94.658786	 94.586366	   94.5154	 94.445892	 94.377841	 94.311248	 94.246109	 94.182423	 94.120185	  94.05939	  94.00003	 93.942098	 93.885585	 93.830481	 93.776776	 93.724457	 93.673511	 93.623926	 93.575686	 93.528775	 93.483179	  93.43888	  93.39586	 93.354101	 93.313586	 93.274293	 93.236205	   93.1993	 93.163557	 93.128956	 93.095476	 93.063094	 93.031789	 93.001539	 92.972321	 92.944112	 92.916891	 92.890634	 92.865319	 92.840922	 92.817422	 92.794795	 92.773019	 92.752071	 92.731928	  92.71257	 92.693972	 92.676115	 92.658975	 92.642531	 92.626763	 92.611648	 92.597168	 92.583301	 92.570027	 92.557327	 92.545181	 92.533571	 92.522478	 92.511883	 92.501769	 92.492118	 92.482913	 92.474138	 92.465776	 92.457811	 92.450228	 92.443012	 92.436148	 92.429623	 92.423421	  92.41753	 92.411936	 92.406628	 92.401592	 92.396817	 92.392292	 92.388004	 92.383945	 92.380102	 92.376467	 92.373029	  92.36978	  92.36671	 92.363811	 92.361075	 92.358493	 92.356057	 92.353762	 92.351599	 92.349562	 92.347645	  92.34584	 92.344143	 92.342547	 92.341048	  92.33964	 92.338318	 92.337077	 92.335913	 92.334822	 92.333799	 92.332842	 92.331945	 92.331105	  92.33032	 92.329586	   92.3289	 92.328259	  92.32766	 92.327101	  92.32658	 92.326094	 92.325641	 92.325219	 92.324826	  92.32446	  92.32412	 92.323804	  92.32351	 92.323236	 92.322983	 92.322747	 92.322529	 92.322327	 92.322139	 92.321966	 92.321805	 92.321656	 92.321519	 92.321392	 92.321275	 92.321167	 92.321068	 92.320976	 92.320892	 92.320815	 92.320744	 92.320679	 92.320619	 92.320565	 92.320516	 92.320472	 92.320431	 92.320395	 92.320363	 92.320334	 92.320308	 92.320286	 92.320267	 92.320251	 92.320237	 92.320227	 92.320219	 92.320214	 92.320211	
        99	 98.864302	 98.728665	  98.59315	 98.457819	 98.322731	 98.187948	 98.053529	 97.919534	 97.786021	 97.653049	 97.520675	 97.388957	 97.257949	 97.127707	 96.998285	 96.869735	  96.74211	 96.615459	 96.489832	 96.365277	  96.24184	 96.119567	 95.998501	 95.878684	 95.760157	 95.642959	 95.527127	 95.412697	 95.299702	 95.188176	 95.078149	 94.969648	 94.862703	 94.757337	 94.653574	 94.551436	 94.450943	 94.352113	 94.254962	 94.159505	 94.065754	  93.97372	 93.883413	 93.794841	 93.708008	  93.62292	 93.539579	 93.457985	 93.378139	 93.300037	 93.223677	 93.149053	 93.076158	 93.004985	 92.935524	 92.867765	 92.801695	 92.737302	 92.674571	 92.613487	 92.554033	 92.496193	 92.439947	 92.385276	 92.332161	  92.28058	 92.230511	 92.181932	  92.13482	 92.089152	 92.044902	 92.002046	  91.96056	 91.920416	  91.88159	 91.844056	 91.807785	 91.772752	  91.73893	 91.706291	 91.674809	 91.644456	 91.615204	 91.587027	 91.559897	 91.533787	  91.50867	 91.484519	 91.461308	  91.43901	 91.417598	 91.397047	 91.377331	 91.358424	 91.340302	  91.32294	 91.306313	 91.290398	 91.275171	 91.260608	 91.246687	 91.233386	 91.220682	 91.208555	 91.196984	 91.185947	 91.175425	 91.165399	  91.15585	 91.146758	 91.138106	 91.129876	 91.122052	 91.114616	 91.107552	 91.100846	 91.094481	 91.088443	 91.082718	 91.077291	 91.072151	 91.067283	 91.062676	 91.058317	 91.054196	   91.0503	 91.046619	 91.043143	 91.039862	 91.036766	 91.033846	 91.031094	 91.028501	 91.026058	 91.023759	 91.021596	 91.019561	 91.017648	  91.01585	 91.014161	 91.012576	 91.011088	 91.009693	 91.008385	 91.007159	  91.00601	 91.004935	 91.003928	 91.002987	 91.002106	 91.001284	 91.000515	 90.999797	 90.999127	 90.998503	  90.99792	 90.997377	 90.996871	 90.996399	 90.995961	 90.995553	 90.995174	 90.994821	 90.994493	 90.994189	 90.993907	 90.993645	 90.993403	 90.993178	  90.99297	 90.992777	 90.992599	 90.992434	 90.992282	 90.992142	 90.992012	 90.991893	 90.991783	 90.991682	  90.99159	 90.991505	 90.991427	 90.991356	 90.991291	 90.991232	 90.991178	  90.99113	 90.991087	 90.991048	 90.991013	 90.990982	 90.990956	 90.990933	 90.990913	 90.990897	 90.990885	 90.990875	 90.990869	 90.990866	
        99	  98.84184	 98.683751	 98.525805	 98.368072	 98.210623	 98.053529	  97.89686	 97.740684	 97.585071	 97.430088	 97.275803	 97.122281	 96.969587	 96.817786	 96.666941	 96.517112	 96.368361	 96.220746	 96.074324	 95.929151	 95.785282	 95.642769	 95.501663	 95.362013	 95.223866	 95.087268	 94.952262	  94.81889	 94.687192	 94.557204	 94.428964	 94.302504	 94.177855	 94.055048	  93.93411	 93.815065	 93.697937	 93.582748	 93.469515	 93.358257	 93.248987	 93.141719	 93.036464	  92.93323	 92.832024	 92.732851	 92.635715	 92.540615	 92.447552	 92.356522	 92.267522	 92.180545	 92.095584	  92.01263	 91.931671	 91.852695	 91.775689	 91.700637	 91.627522	 91.556326	 91.487031	 91.419617	  91.35406	  91.29034	 91.228433	 91.168313	 91.109956	 91.053336	 90.998426	 90.945198	 90.893624	 90.843674	  90.79532	 90.748532	 90.703279	 90.659531	 90.617257	 90.576425	 90.537004	 90.498963	 90.462269	 90.426891	 90.392798	 90.359957	 90.328336	 90.297904	 90.268629	 90.240481	 90.213427	 90.187438	 90.162482	 90.138529	 90.115549	 90.093513	 90.072392	 90.052156	 90.032777	 90.014227	 89.996479	 89.979505	  89.96328	 89.947777	 89.932971	 89.918836	 89.905349	 89.892486	 89.880223	 89.868537	 89.857406	  89.84681	 89.836725	 89.827134	 89.818014	 89.809347	 89.801114	 89.793298	 89.785879	 89.778842	 89.772169	 89.765844	 89.759853	  89.75418	  89.74881	  89.74373	 89.738926	 89.734385	 89.730095	 89.726043	 89.722219	 89.718611	 89.715208	    89.712	 89.708977	 89.706131	 89.703451	 89.700929	 89.698558	 89.696328	 89.694233	 89.692265	 89.690417	 89.688683	 89.687057	 89.685532	 89.684103	 89.682764	 89.681511	 89.680338	  89.67924	 89.678214	 89.677255	 89.676359	 89.675523	 89.674742	 89.674014	 89.673334	 89.672701	 89.672112	 89.671562	 89.671051	 89.670576	 89.670134	 89.669723	 89.669341	 89.668987	 89.668658	 89.668352	  89.66807	 89.667808	 89.667565	  89.66734	 89.667133	 89.666941	 89.666763	   89.6666	 89.666449	  89.66631	 89.666182	 89.666064	 89.665956	 89.665857	 89.665767	 89.665684	 89.665608	  89.66554	 89.665477	 89.665421	  89.66537	 89.665325	 89.665284	 89.665249	 89.665218	 89.665191	 89.665168	  89.66515	 89.665135	 89.665124	 89.665117	 89.665113	
        99	 98.819448	 98.638978	 98.458671	 98.278607	 98.098868	 97.919534	 97.740684	 97.562398	 97.384754	  97.20783	 97.031702	 96.856445	 96.682134	 96.508842	 96.336641	 96.165601	  95.99579	 95.827276	 95.660125	   95.4944	 95.330162	 95.167473	  95.00639	 94.846969	 94.689265	 94.533328	 94.379209	 94.226955	 94.076612	 93.928222	 93.781826	 93.637462	 93.495167	 93.354973	 93.216913	 93.081015	 92.947305	 92.815807	 92.686544	 92.559534	 92.434795	 92.312341	 92.192184	 92.074335	 91.958801	 91.845588	 91.734699	 91.626136	 91.519897	  91.41598	  91.31438	  91.21509	 91.118101	 91.023402	 90.930982	 90.840825	 90.752917	 90.667239	 90.583773	 90.502498	 90.423393	 90.346434	 90.271596	 90.198855	 90.128183	 90.059552	 89.992934	 89.928298	 89.865614	  89.80485	 89.745974	 89.688953	 89.633754	 89.580341	 89.528682	  89.47874	 89.430481	 89.383868	 89.338867	  89.29544	 89.253551	 89.213165	 89.174245	 89.136754	 89.100656	 89.065916	 89.032497	 89.000363	  88.96948	 88.939811	 88.911322	 88.883978	 88.857745	 88.832589	 88.808477	 88.785376	 88.763254	 88.742078	 88.721817	 88.702441	 88.683918	 88.666221	 88.649318	 88.633183	 88.617786	 88.603102	 88.589102	 88.575762	 88.563056	 88.550959	 88.539447	 88.528497	 88.518086	 88.508192	 88.498794	 88.489871	 88.481402	 88.473368	 88.465751	 88.458531	 88.451691	 88.445215	 88.439085	 88.433286	 88.427801	 88.422618	  88.41772	 88.413095	 88.408729	  88.40461	 88.400726	 88.397064	 88.393613	 88.390363	 88.387304	 88.384426	 88.381718	 88.379173	 88.376781	 88.374534	 88.372425	 88.370446	 88.368589	 88.366848	 88.365217	 88.363689	 88.362258	 88.360919	 88.359666	 88.358495	   88.3574	 88.356377	 88.355422	 88.354531	 88.353699	 88.352924	 88.352201	 88.351528	 88.350901	 88.350318	 88.349775	  88.34927	 88.348801	 88.348365	 88.347961	 88.347585	 88.347237	 88.346914	 88.346615	 88.346338	 88.346081	 88.345844	 88.345625	 88.345423	 88.345236	 88.345064	 88.344905	 88.344759	 88.344625	 88.344501	 88.344388	 88.344285	  88.34419	 88.344104	 88.344026	 88.343954	  88.34389	 88.343832	  88.34378	 88.343734	 88.343694	 88.343658	 88.343628	 88.343602	 88.343581	 88.343564	 88.343551	 88.343543	 88.343539	
        99	 98.797138	 98.594367	 98.391779	 98.189465	 97.987516	 97.786021	 97.585071	 97.384754	 97.185159	 96.986372	  96.78848	 96.591567	 96.395716	 96.201011	 96.007531	 95.815355	 95.624561	 95.435224	 95.247418	 95.061214	 94.876682	 94.693889	 94.512901	 94.333781	 94.156589	 93.981383	 93.808219	 93.637152	  93.46823	 93.301504	 93.137018	 92.974815	 92.814936	 92.657419	 92.502299	 92.349608	 92.199375	 92.051629	 91.906393	 91.763688	 91.623535	  91.48595	 91.350945	 91.218533	 91.088723	  90.96152	 90.836929	  90.71495	 90.595584	 90.478826	 90.364671	 90.253111	 90.144137	 90.037737	 89.933896	 89.832599	 89.733828	 89.637563	 89.543783	 89.452465	 89.363585	 89.277116	 89.193031	 89.111301	 89.031896	 88.954785	 88.879934	 88.807311	 88.736881	 88.668609	 88.602458	 88.538391	  88.47637	 88.416358	 88.358315	 88.302202	 88.247979	 88.195607	 88.145044	 88.096251	 88.049186	 88.003809	  87.96008	 87.917956	 87.877398	 87.838365	 87.800816	 87.764712	 87.730012	 87.696677	 87.664668	 87.633945	  87.60447	 87.576206	 87.549115	 87.523159	 87.498303	  87.47451	 87.451746	 87.429975	 87.409164	 87.389279	 87.370288	 87.352159	  87.33486	 87.318361	 87.302631	 87.287643	 87.273366	 87.259775	  87.24684	 87.234537	  87.22284	 87.211724	 87.201164	 87.191138	 87.181623	 87.172596	 87.164037	 87.155926	 87.148241	 87.140964	 87.134077	 87.127561	 87.121399	 87.115575	 87.110072	 87.104875	  87.09997	 87.095342	 87.090977	 87.086863	 87.082986	 87.079335	 87.075897	 87.072663	 87.069621	 87.066761	 87.064074	 87.061549	 87.059179	 87.056955	 87.054869	 87.052913	 87.051081	 87.049364	 87.047756	 87.046251	 87.044844	 87.043528	 87.042298	 87.041149	 87.040076	 87.039074	  87.03814	 87.037269	 87.036457	   87.0357	 87.034996	  87.03434	 87.033731	 87.033163	 87.032636	 87.032147	 87.031692	  87.03127	 87.030879	 87.030516	  87.03018	 87.029869	 87.029581	 87.029314	 87.029068	 87.028841	 87.028631	 87.028437	 87.028259	 87.028095	 87.027944	 87.027805	 87.027678	 87.027562	 87.027456	 87.027359	 87.027271	 87.027191	 87.027119	 87.027054	 87.026995	 87.026944	 87.026898	 87.026858	 87.026824	 87.026795	 87.026771	 87.026752	 87.026738	 87.026729	 87.026724	
        99	 98.774917	 98.549936	 98.325158	 98.100684	 97.876614	 97.653049	 97.430088	  97.20783	 96.986372	 96.765811	 96.546243	 96.327761	 96.110459	 95.894426	 95.679753	 95.466528	 95.254835	  95.04476	 94.836382	 94.629783	 94.425038	 94.222224	 94.021411	 93.822671	  93.62607	 93.431674	 93.239543	 93.049737	 92.862313	 92.677325	 92.494822	 92.314852	 92.137461	 91.962691	  91.79058	 91.621164	 91.454476	 91.290546	 91.129401	 90.971066	 90.815561	 90.662905	 90.513113	 90.366198	 90.222169	 90.081033	 89.942795	 89.807456	 89.675014	 89.545467	 89.418809	  89.29503	 89.174119	 89.056064	 88.940849	 88.828456	 88.718866	 88.612057	 88.508005	 88.406685	 88.308069	 88.212129	 88.118834	 88.028152	  87.94005	 87.854492	 87.771443	 87.690865	 87.612721	  87.53697	 87.463573	 87.392488	 87.323675	 87.257089	 87.192688	 87.130429	 87.070267	 87.012158	 86.956057	 86.901919	 86.849699	 86.799352	 86.750833	 86.704095	 86.659095	 86.615786	 86.574125	 86.534066	 86.495565	 86.458579	 86.423063	 86.388975	 86.356272	 86.324912	 86.294853	 86.266054	 86.238476	 86.212077	 86.186819	 86.162664	 86.139573	  86.11751	 86.096439	 86.076324	  86.05713	 86.038824	 86.021372	 86.004741	 85.988901	  85.97382	 85.959469	 85.945819	  85.93284	 85.920506	  85.90879	 85.897666	 85.887108	 85.877093	 85.867597	 85.858597	  85.85007	 85.841996	 85.834354	 85.827125	 85.820288	 85.813826	  85.80772	 85.801954	 85.796512	 85.791377	 85.786534	 85.781969	 85.777667	 85.773616	 85.769802	 85.766214	 85.762839	 85.759665	 85.756684	 85.753883	 85.751253	 85.748786	 85.746471	 85.744301	 85.742267	 85.740362	 85.738578	 85.736909	 85.735347	 85.733887	 85.732522	 85.731248	 85.730057	 85.728946	 85.727909	 85.726943	 85.726042	 85.725203	 85.724421	 85.723694	 85.723017	 85.722388	 85.721803	  85.72126	 85.720755	 85.720287	 85.719853	  85.71945	 85.719077	 85.718732	 85.718412	 85.718117	 85.717844	 85.717591	 85.717359	 85.717144	 85.716946	 85.716764	 85.716597	 85.716443	 85.716302	 85.716173	 85.716055	 85.715947	  85.71585	 85.715761	 85.715681	 85.715609	 85.715544	 85.715487	 85.715436	 85.715392	 85.715354	 85.715321	 85.715295	 85.715274	 85.715258	 85.715248	 85.715243	
        99	 98.752797	 98.505706	 98.258837	 98.012302	 97.766212	 97.520675	 97.275803	 97.031702	  96.78848	 96.546243	 96.305096	 96.065143	 95.826484	 95.589221	 95.353451	  95.11927	 94.886774	 94.656052	 94.427196	 94.200293	 93.975427	  93.75268	 93.532133	 93.313861	 93.097939	 92.884438	 92.673425	 92.464966	 92.259123	 92.055954	 91.855515	 91.657859	 91.463035	 91.271089	 91.082063	 90.895997	 90.712928	 90.532887	 90.355906	  90.18201	 90.011223	 89.843565	 89.679052	 89.517698	 89.359514	 89.204508	 89.052684	 88.904044	 88.758587	 88.616309	 88.477202	 88.341259	 88.208466	 88.078809	 87.952271	 87.828832	 87.708472	 87.591166	 87.476888	 87.365611	 87.257303	 87.151935	 87.049471	 86.949877	 86.853116	  86.75915	 86.667939	 86.579442	 86.493618	 86.410423	 86.329813	 86.251742	 86.176166	 86.103036	 86.032306	 85.963929	 85.897854	 85.834034	  85.77242	 85.712962	  85.65561	 85.600315	 85.547027	 85.495696	 85.446273	 85.398708	 85.352953	 85.308957	 85.266673	 85.226051	 85.187045	 85.149607	  85.11369	 85.079248	 85.046235	 85.014606	 84.984317	 84.955324	 84.927584	 84.901055	 84.875695	 84.851464	 84.828322	  84.80623	  84.78515	 84.765044	 84.745877	 84.727612	 84.710215	 84.693653	 84.677891	 84.662899	 84.648645	 84.635099	 84.622231	 84.610014	 84.598419	 84.587419	  84.57699	 84.567105	  84.55774	 84.548873	  84.54048	  84.53254	 84.525031	 84.517934	 84.511229	 84.504896	 84.498919	 84.493279	  84.48796	 84.482947	 84.478222	 84.473773	 84.469584	 84.465643	 84.461936	 84.458451	 84.455176	   84.4521	 84.449212	 84.446502	  84.44396	 84.441577	 84.439343	 84.437251	 84.435292	 84.433458	 84.431743	  84.43014	 84.428641	 84.427241	 84.425933	 84.424713	 84.423574	 84.422513	 84.421523	 84.420601	 84.419743	 84.418944	 84.418201	  84.41751	 84.416868	 84.416271	 84.415717	 84.415203	 84.414726	 84.414284	 84.413874	 84.413495	 84.413144	 84.412819	 84.412519	 84.412242	 84.411987	 84.411751	 84.411533	 84.411333	  84.41115	 84.410981	 84.410826	 84.410684	 84.410555	 84.410437	 84.410329	 84.410232	 84.410144	 84.410065	 84.409994	 84.409931	 84.409875	 84.409826	 84.409785	 84.409749	  84.40972	 84.409697	  84.40968	 84.409669	 84.409663	
        99	 98.730786	 98.461694	 98.192844	 97.924358	 97.656355	 97.388957	 97.122281	 96.856445	 96.591567	 96.327761	 96.065143	 95.803824	 95.543915	 95.285526	 95.028763	 94.773731	 94.520533	 94.269269	 94.020035	 93.772929	 93.528041	 93.285461	 93.045276	 92.807569	 92.572421	  92.33991	 92.110109	 91.883089	 91.658917	 91.437658	 91.219372	 91.004117	 90.791946	 90.582909	 90.377052	 90.174419	 89.975049	 89.778978	 89.586239	 89.396859	 89.210865	 89.028278	 88.849117	 88.673396	 88.501128	  88.33232	 88.166978	 88.005103	 87.846695	 87.691748	 87.540256	 87.392207	  87.24759	 87.106389	 86.968584	 86.834155	 86.703078	 86.575327	 86.450874	 86.329688	 86.211737	 86.096986	 85.985399	 85.876937	 85.771561	 85.669228	 85.569896	  85.47352	 85.380054	 85.289451	 85.201663	 85.116641	 85.034335	 84.954694	 84.877667	 84.803201	 84.731243	 84.661741	  84.59464	 84.529888	 84.467429	 84.407211	 84.349178	 84.293277	 84.239453	 84.187653	 84.137824	  84.08991	 84.043861	 83.999623	 83.957144	 83.916372	 83.877257	 83.839749	 83.803796	 83.769351	 83.736365	  83.70479	  83.67458	 83.645689	 83.618071	 83.591682	  83.56648	 83.542421	 83.519464	 83.497568	 83.476694	 83.456803	 83.437857	  83.41982	 83.402655	 83.386328	 83.370805	 83.356052	 83.342039	 83.328734	 83.316106	 83.304127	 83.292769	 83.282004	 83.271806	 83.262149	 83.253009	 83.244361	 83.236184	 83.228455	 83.221153	 83.214256	 83.207747	 83.201605	 83.195813	 83.190352	 83.185207	 83.180362	   83.1758	 83.171508	 83.167471	 83.163676	 83.160109	  83.15676	 83.153614	 83.150663	 83.147895	 83.145299	 83.142867	 83.140588	 83.138455	 83.136458	  83.13459	 83.132843	 83.131211	 83.129686	 83.128262	 83.126933	 83.125694	 83.124538	  83.12346	 83.122456	 83.121521	 83.120651	 83.119842	 83.119089	  83.11839	  83.11774	 83.117137	 83.116577	 83.116057	 83.115576	  83.11513	 83.114717	 83.114335	 83.113981	 83.113654	 83.113353	 83.113074	 83.112817	 83.112581	 83.112363	 83.112163	 83.111979	  83.11181	 83.111656	 83.111515	 83.111386	 83.111269	 83.111163	 83.111067	 83.110981	 83.110904	 83.110835	 83.110774	 83.110722	 83.110676	 83.110638	 83.110606	 83.110581	 83.110562	  83.11055	 83.110544	
        99	 98.708894	  98.41792	 98.127207	 97.836888	 97.547092	 97.257949	 96.969587	 96.682134	 96.395716	 96.110459	 95.826484	 95.543915	 95.262872	 94.983471	 94.705828	 94.430057	 94.156269	 93.884572	 93.615072	 93.347871	 93.083069	 92.820763	 92.561046	 92.304009	  92.04974	 91.798321	 91.549833	 91.304351	 91.061951	 90.822699	 90.586663	 90.353903	 90.124479	 89.898443	 89.675846	 89.456735	 89.241153	 89.029138	 88.820725	 88.615945	 88.414827	 88.217392	 88.023662	 87.833652	 87.647375	  87.46484	 87.286052	 87.111014	 86.939724	 86.772177	 86.608365	 86.448278	 86.291901	 86.139217	 85.990206	 85.844846	  85.70311	  85.56497	 85.430397	 85.299356	 85.171814	 85.047732	  84.92707	 84.809789	 84.695843	 84.585189	 84.477779	 84.373566	 84.272499	 84.174528	 84.079602	 83.987666	 83.898667	  83.81255	 83.729259	 83.648737	 83.570928	 83.495774	 83.423217	 83.353199	 83.285662	 83.220546	 83.157794	 83.097347	 83.039147	 82.983135	 82.929253	 82.877443	 82.827649	 82.779814	  82.73388	 82.689793	 82.647498	 82.606939	 82.568063	 82.530816	 82.495148	 82.461005	 82.428339	 82.397098	 82.367234	   82.3387	 82.311448	 82.285432	 82.260609	 82.236932	 82.214361	 82.192852	 82.172366	 82.152862	 82.134301	 82.116646	 82.099861	 82.083909	 82.068756	 82.054369	 82.040714	 82.027762	  82.01548	 82.003839	 81.992812	 81.982369	 81.972486	 81.963135	 81.954293	 81.945936	 81.938039	 81.930582	 81.923543	 81.916902	 81.910639	 81.904734	 81.899171	 81.893932	 81.888999	 81.884358	 81.879993	 81.875889	 81.872032	  81.86841	 81.865009	 81.861818	 81.858824	 81.856017	 81.853387	 81.850923	 81.848616	 81.846457	 81.844437	 81.842549	 81.840784	 81.839135	 81.837595	 81.836158	 81.834818	 81.833568	 81.832402	 81.831317	 81.830306	 81.829365	  81.82849	 81.827676	  81.82692	 81.826217	 81.825565	 81.824959	 81.824398	 81.823877	 81.823395	 81.822948	 81.822535	 81.822153	 81.821799	 81.821473	 81.821172	 81.820894	 81.820638	 81.820403	 81.820186	 81.819988	 81.819805	 81.819638	 81.819486	 81.819347	  81.81922	 81.819106	 81.819002	 81.818909	 81.818825	 81.818751	 81.818685	 81.818628	 81.818579	 81.818537	 81.818503	 81.818476	 81.818456	 81.818442	 81.818436	
        99	  98.68713	 98.374401	 98.061954	  97.74993	 97.438468	 97.127707	 96.817786	 96.508842	 96.201011	 95.894426	 95.589221	 95.285526	 94.983471	 94.683181	 94.384781	 94.088392	 93.794135	 93.502125	 93.212475	 92.925297	 92.640698	 92.358781	 92.079647	 91.803393	 91.530114	 91.259898	 90.992831	 90.728997	 90.468474	 90.211335	 89.957652	  89.70749	 89.460913	 89.217978	 88.978739	 88.743247	 88.511547	 88.283681	 88.059686	 87.839597	 87.623441	 87.411246	 87.203032	 86.998816	 86.798612	  86.60243	 86.410276	 86.222151	 86.038055	 85.857981	 85.681923	 85.509867	 85.341799	   85.1777	 85.017548	  84.86132	 84.708987	  84.56052	 84.415885	 84.275048	 84.137969	  84.00461	 83.874928	 83.748878	 83.626413	 83.507486	 83.392046	 83.280041	 83.171419	 83.066123	   82.9641	 82.865291	 82.769638	 82.677082	 82.587564	 82.501022	 82.417396	 82.336623	 82.258641	 82.183388	 82.110802	 82.040818	 81.973375	 81.908408	 81.845857	 81.785657	 81.727746	 81.672064	 81.618547	 81.567135	 81.517767	 81.470384	 81.424926	 81.381335	 81.339552	 81.299522	 81.261186	 81.224491	 81.189382	 81.155806	  81.12371	 81.093042	 81.063752	 81.035792	 81.009112	 80.983666	 80.959407	  80.93629	 80.914272	  80.89331	 80.873361	 80.854387	 80.836346	 80.819202	 80.802916	 80.787453	 80.772778	 80.758857	 80.745656	 80.733146	 80.721294	 80.710071	 80.699448	 80.689399	 80.679896	 80.670913	 80.662426	 80.654412	 80.646847	 80.639709	 80.632977	 80.626632	 80.620652	 80.615021	  80.60972	 80.604732	  80.60004	 80.595629	 80.591484	 80.587591	 80.583936	 80.580506	 80.577289	 80.574272	 80.571445	 80.568797	 80.566318	 80.563997	 80.561827	 80.559797	   80.5579	 80.556128	 80.554473	 80.552928	 80.551488	 80.550144	 80.548892	 80.547725	 80.546639	 80.545628	 80.544687	 80.543812	 80.542999	 80.542244	 80.541543	 80.540892	 80.540289	 80.539729	 80.539211	 80.538731	 80.538287	 80.537876	 80.537496	 80.537145	 80.536822	 80.536523	 80.536248	 80.535995	 80.535762	 80.535549	 80.535353	 80.535174	  80.53501	  80.53486	 80.534724	 80.534601	 80.534489	 80.534389	 80.534299	  80.53422	 80.534149	 80.534088	 80.534035	  80.53399	 80.533953	 80.533924	 80.533902	 80.533888	 80.533881	
        99	 98.665503	 98.331157	 97.997112	 97.663519	 97.330527	 96.998285	 96.666941	 96.336641	 96.007531	 95.679753	 95.353451	 95.028763	 94.705828	 94.384781	 94.065754	 93.748877	 93.434279	 93.122084	 92.812413	 92.505384	 92.201111	 91.899707	 91.601278	 91.305928	 91.013758	 90.724863	 90.439336	 90.157264	 89.878732	 89.603819	   89.3326	 89.065146	 88.801524	 88.541796	  88.28602	 88.034249	 87.786533	 87.542915	 87.303437	 87.068134	 86.837037	 86.610173	 86.387566	 86.169234	 85.955191	 85.745448	 85.540011	 85.338882	  85.14206	  84.94954	 84.761311	 84.577362	 84.397676	 84.222233	 84.051011	 83.883983	 83.721121	 83.562391	 83.407758	 83.257185	 83.110632	 82.968054	 82.829408	 82.694644	 82.563714	 82.436566	 82.313146	 82.193399	 82.077268	 81.964695	 81.855619	 81.749979	 81.647714	 81.548761	 81.453054	 81.360531	 81.271123	 81.184767	 81.101395	  81.02094	 80.943336	 80.868515	 80.796409	 80.726952	 80.660077	 80.595716	 80.533802	  80.47427	 80.417054	 80.362088	 80.309308	  80.25865	  80.21005	 80.163445	 80.118774	 80.075976	 80.034991	  79.99576	 79.958224	 79.922326	 79.888011	 79.855224	  79.82391	 79.794016	 79.765492	 79.738287	 79.712351	 79.687636	 79.664096	 79.641685	 79.620358	 79.600072	 79.580784	 79.562454	 79.545043	 79.528511	 79.512821	 79.497938	 79.483825	  79.47045	 79.457778	  79.44578	 79.434423	 79.423679	 79.413519	 79.403915	 79.394842	 79.386273	 79.378185	 79.370554	 79.363357	 79.356573	  79.35018	  79.34416	 79.338492	 79.333159	 79.328143	 79.323427	 79.318996	 79.314834	 79.310926	 79.307259	 79.303819	 79.300594	 79.297572	 79.294741	  79.29209	 79.289609	 79.287288	 79.285118	  79.28309	 79.281195	 79.279426	 79.277775	 79.276234	 79.274798	 79.273459	 79.272212	  79.27105	 79.269969	 79.268964	 79.268029	 79.267159	 79.266352	 79.265602	 79.264907	 79.264261	 79.263663	 79.263109	 79.262596	 79.262121	 79.261682	 79.261276	 79.260901	 79.260555	 79.260236	 79.259942	 79.259671	 79.259422	 79.259194	 79.258984	 79.258793	 79.258617	 79.258458	 79.258312	  79.25818	 79.258061	 79.257954	 79.257858	 79.257773	 79.257697	 79.257632	 79.257575	 79.257527	 79.257488	 79.257457	 79.257434	 79.257418	 79.257411	
        99	 98.644022	 98.288204	 97.932707	  97.57769	 97.223314	 96.869735	 96.517112	 96.165601	 95.815355	 95.466528	  95.11927	 94.773731	 94.430057	 94.088392	 93.748877	 93.411651	  93.07685	 92.744606	 92.415047	 92.088301	 91.764488	 91.443727	 91.126133	 90.811817	 90.500883	 90.193436	 89.889572	 89.589386	 89.292966	 89.000398	 88.711761	 88.427132	  88.14658	 87.870172	  87.59797	 87.330031	 87.066406	 86.807144	 86.552287	 86.301872	 86.055934	 85.814502	 85.577599	 85.345245	 85.117457	 84.894244	 84.675614	 84.461569	 84.252107	 84.047222	 83.846906	 83.651143	 83.459918	 83.273208	 83.090991	 82.913236	 82.739915	 82.570991	 82.406428	 82.246186	  82.09022	 81.938487	 81.790936	 81.647518	  81.50818	 81.372866	 81.241521	 81.114083	 80.990494	 80.870691	  80.75461	 80.642187	 80.533355	 80.428046	 80.326194	 80.227728	 80.132579	 80.040677	 79.951951	 79.866329	 79.783741	 79.704115	 79.627379	 79.553461	 79.482291	 79.413797	 79.347907	 79.284552	 79.223662	 79.165166	 79.108996	 79.055085	 79.003363	 78.953766	 78.906226	  78.86068	 78.817063	 78.775312	 78.735365	 78.697163	 78.660644	 78.625751	 78.592426	 78.560613	 78.530257	 78.501304	 78.473703	 78.447401	 78.422349	 78.398498	 78.375802	 78.354213	 78.333686	  78.31418	  78.29565	 78.278057	 78.261359	  78.24552	 78.230501	 78.216266	 78.202781	 78.190012	 78.177926	 78.166492	 78.155679	 78.145459	 78.135803	 78.126684	 78.118077	 78.109956	 78.102296	 78.095076	 78.088273	 78.081866	 78.075835	 78.070159	 78.064821	 78.059802	 78.055086	 78.050657	 78.046498	 78.042596	 78.038935	 78.035503	 78.032286	 78.029273	 78.026452	 78.023812	 78.021342	 78.019033	 78.016875	 78.014858	 78.012975	 78.011218	 78.009579	  78.00805	 78.006625	 78.005298	 78.004062	 78.002911	 78.001841	 78.000846	 77.999921	 77.999062	 77.998264	 77.997524	 77.996837	   77.9962	  77.99561	 77.995064	 77.994559	 77.994091	 77.993659	  77.99326	 77.992892	 77.992553	  77.99224	 77.991952	 77.991687	 77.991444	 77.991221	 77.991017	  77.99083	  77.99066	 77.990506	 77.990365	 77.990239	 77.990124	 77.990022	 77.989931	 77.989851	 77.989781	 77.989721	  77.98967	 77.989628	 77.989595	 77.989571	 77.989554	 77.989546	
        99	 98.622695	  98.24556	 97.868764	 97.492479	 97.116871	  96.74211	 96.368361	  95.99579	 95.624561	 95.254835	 94.886774	 94.520533	 94.156269	 93.794135	 93.434279	  93.07685	 92.721991	 92.369841	 92.020539	 91.674217	 91.331004	 90.991026	 90.654405	 90.321257	 89.991696	 89.665829	 89.343761	  89.02559	 88.711412	 88.401316	 88.095387	 87.793705	 87.496345	 87.203378	 86.914868	 86.630876	 86.351458	 86.076663	 85.806536	  85.54112	 85.280447	  85.02455	 84.773454	 84.527181	 84.285745	  84.04916	 83.817431	 83.590562	 83.368551	 83.151392	 82.939074	 82.731584	 82.528902	 82.331007	 82.137872	 81.949469	 81.765763	 81.586719	 81.412297	 81.242454	 81.077145	 80.916321	 80.759931	  80.60792	 80.460234	 80.316814	 80.177599	 80.042527	 79.911534	 79.784553	 79.661518	 79.542359	 79.427007	 79.315389	 79.207435	  79.10307	  79.00222	 78.904812	 78.810771	  78.72002	 78.632484	 78.548087	 78.466753	 78.388408	 78.312973	 78.240375	 78.170538	 78.103388	 78.038849	 77.976849	 77.917314	 77.860173	 77.805353	 77.752784	 77.702396	 77.654121	 77.607891	 77.563638	 77.521299	 77.480807	 77.442101	 77.405117	 77.369795	 77.336076	 77.303902	 77.273215	  77.24396	 77.216082	  77.18953	  77.16425	 77.140193	 77.117311	 77.095555	  77.07488	  77.05524	 77.036592	 77.018895	 77.002106	 76.986188	   76.9711	 76.956807	 76.943273	 76.930463	 76.918344	 76.906883	 76.896051	 76.885816	 76.876151	 76.867028	  76.85842	 76.850302	  76.84265	 76.835439	 76.828648	 76.822255	 76.816239	 76.810581	 76.805262	 76.800264	 76.795569	 76.791161	 76.787025	 76.783145	 76.779507	 76.776098	 76.772904	 76.769914	 76.767116	 76.764498	  76.76205	 76.759763	 76.757626	  76.75563	 76.753767	  76.75203	  76.75041	 76.748899	 76.747492	 76.746182	 76.744963	 76.743829	 76.742774	 76.741793	 76.740883	 76.740037	 76.739252	 76.738525	  76.73785	 76.737225	 76.736646	  76.73611	 76.735615	 76.735157	 76.734734	 76.734343	 76.733984	 76.733652	 76.733347	 76.733066	 76.732808	 76.732572	 76.732356	 76.732158	 76.731978	 76.731814	 76.731665	 76.731531	  76.73141	 76.731302	 76.731205	 76.731121	 76.731046	 76.730983	 76.730929	 76.730884	 76.730849	 76.730823	 76.730806	 76.730797	
