Time step 16:
        99	        99	        99	        99	        99	        99	        99	        99	        99	        99	        99	        99	        99	        99	        99	        99	        99	        99	        99	        99	        99	        99	        99	        99	        99	        99	        99	        99	        99	        99	        99	        99	        99	        99	        99	        99	        99	        99	        99	        99	        99	        99	        99	        99	        99	        99	        99	        99	        99	        99	        99	        99	        99	        99	        99	        99	        99	        99	        99	        99	        99	        99	        99	        99	        99	        99	        99	        99	        99	        99	        99	        99	        99	        99	        99	        99	        99	        99	        99	        99	        99	        99	        99	        99	        99	        99	        99	        99	        99	        99	        99	        99	        99	        99	        99	        99	        99	        99	        99	        99	        99	        99	        99	        99	        99	        99	        99	        99	        99	        99	        99	        99	        99	        99	        99	        99	        99	        99	        99	        99	        99	        99	        99	        99	        99	        99	        99	        99	        99	        99	        99	        99	        99	        99	        99	        99	        99	        99	        99	        99	        99	        99	        99	        99	        99	        99	        99	        99	        99	        99	        99	        99	        99	        99	        99	        99	        99	        99	        99	        99	        99	        99	        99	        99	        99	        99	        99	        99	        99	        99	        99	        99	        99	        99	        99	        99	        99	        99	        99	        99	        99	        99	        99	        99	        99	        99	        99	        99	        99	        99	        99	        99	        99	        99	        99	        99	        99	        99	        99	        99	
        99	 98.960321	 98.920673	 98.881087	 98.841595	 98.802228	 98.763015	 98.723988	 98.685176	 98.646608	 98.608313	  98.57032	 98.532654	 98.495344	 98.458415	 98.421891	 98.385797	 98.350157	 98.314991	 98.280321	 98.246167	 98.212548	 98.179482	 98.146985	 98.115073	 98.083759	 98.053057	 98.022979	 97.993534	 97.964734	 97.936585	 97.909094	 97.882268	 97.856111	 97.830627	 97.805817	 97.781683	 97.758225	 97.735442	 97.713332	 97.691892	 97.671119	 97.651007	  97.63155	 97.612743	 97.594577	 97.577045	 97.560138	 97.543847	 97.528161	  97.51307	 97.498563	 97.484628	 97.471254	 97.458427	 97.446135	 97.434365	 97.423104	 97.412338	 97.402054	 97.392237	 97.382875	 97.373952	 97.365455	  97.35737	 97.349684	 97.342381	 97.335449	 97.328874	 97.322642	 97.316741	 97.311156	 97.305876	 97.300887	 97.296178	 97.291735	 97.287548	 97.283604	 97.279893	 97.276403	 97.273124	 97.270046	 97.267158	 97.264451	 97.261915	 97.259542	 97.257323	  97.25525	 97.253313	 97.251507	 97.249823	 97.248255	 97.246795	 97.245437	 97.244175	 97.243004	 97.241917	 97.240909	 97.239976	 97.239111	 97.238312	 97.237573	 97.236891	 97.236262	 97.235682	 97.235147	 97.234655	 97.234202	 97.233786	 97.233404	 97.233053	 97.232732	 97.232437	 97.232167	 97.231921	 97.231695	 97.231489	 97.231301	  97.23113	 97.230974	 97.230831	 97.230702	 97.230584	 97.230478	 97.230381	 97.230293	 97.230213	 97.230141	 97.230076	 97.230017	 97.229963	 97.229915	 97.229872	 97.229833	 97.229797	 97.229766	 97.229737	 97.229712	 97.229689	 97.229668	  97.22965	 97.229633	 97.229618	 97.229605	 97.229593	 97.229583	 97.229573	 97.229565	 97.229557	 97.229551	 97.229545	 97.229539	 97.229535	 97.229531	 97.229527	 97.229524	 97.229521	 97.229518	 97.229516	 97.229514	 97.229512	 97.229511	 97.229509	 97.229508	 97.229507	 97.229506	 97.229505	 97.229505	 97.229504	 97.229503	 97.229503	 97.229503	 97.229502	 97.229502	 97.229502	 97.229501	 97.229501	 97.229501	 97.229501	 97.229501	   97.2295	   97.2295	   97.2295	   97.2295	   97.2295	   97.2295	   97.2295	   97.2295	   97.2295	   97.2295	   97.2295	   97.2295	   97.2295	   97.2295	   97.2295	   97.2295	   97.2295	   97.2295	   97.2295	   97.2295	
        99	 98.920673	 98.841408	 98.762268	 98.683315	 98.604611	 98.526218	 98.448194	 98.370601	 98.293495	 98.216936	 98.140978	 98.065678	 97.991086	 97.917257	 97.844238	 97.772079	 97.700826	 97.630522	  97.56121	 97.492929	 97.425718	 97.359612	 97.294643	 97.230843	 97.168241	 97.106861	 97.046728	 96.987863	 96.930284	 96.874008	 96.819049	 96.765418	 96.713125	 96.662176	 96.612576	 96.564327	  96.51743	 96.471882	 96.427679	 96.384817	 96.343286	 96.303078	  96.26418	  96.22658	 96.190263	 96.155213	 96.121413	 96.088843	 96.057484	 96.027314	 95.998311	 95.970452	 95.943714	  95.91807	 95.893496	 95.869965	 95.847452	 95.825929	 95.805368	 95.785743	 95.767025	 95.749187	   95.7322	 95.716037	 95.700669	  95.68607	 95.672212	 95.659067	 95.646608	  95.63481	 95.623645	 95.613089	 95.603116	   95.5937	 95.584819	 95.576447	 95.568563	 95.561143	 95.554167	 95.547611	 95.541457	 95.535683	 95.530271	 95.525202	 95.520458	 95.516021	 95.511876	 95.508005	 95.504394	 95.501027	 95.497892	 95.494973	 95.492259	 95.489736	 95.487394	 95.485221	 95.483206	  95.48134	 95.479612	 95.478014	 95.476537	 95.475174	 95.473915	 95.472755	 95.471686	 95.470703	 95.469798	 95.468966	 95.468202	 95.467501	 95.466858	 95.466269	  95.46573	 95.465236	 95.464786	 95.464374	 95.463998	 95.463655	 95.463343	 95.463059	   95.4628	 95.462565	 95.462351	 95.462158	 95.461982	 95.461822	 95.461678	 95.461548	  95.46143	 95.461323	 95.461227	  95.46114	 95.461062	 95.460991	 95.460928	 95.460871	  95.46082	 95.460774	 95.460733	 95.460696	 95.460663	 95.460633	 95.460607	 95.460583	 95.460562	 95.460543	 95.460526	 95.460511	 95.460498	 95.460486	 95.460476	 95.460466	 95.460458	 95.460451	 95.460444	 95.460438	 95.460433	 95.460429	 95.460425	 95.460421	 95.460418	 95.460415	 95.460413	 95.460411	 95.460409	 95.460407	 95.460406	 95.460405	 95.460404	 95.460403	 95.460402	 95.460401	 95.460401	   95.4604	 95.460399	 95.460399	 95.460399	 95.460398	 95.460398	 95.460398	 95.460398	 95.460397	 95.460397	 95.460397	 95.460397	 95.460397	 95.460397	 95.460397	 95.460397	 95.460397	 95.460397	 95.460397	 95.460397	 95.460396	 95.460396	 95.460396	 95.460396	 95.460396	 95.460396	
        99	 98.881087	 98.762268	 98.643636	 98.525285	 98.407307	 98.289793	 98.172835	 98.056521	 97.940939	 97.826176	 97.712314	 97.599437	 97.487624	 97.376952	 97.267497	 97.159329	 97.052519	 96.947133	 96.843233	 96.740879	 96.640129	 96.541034	 96.443646	 96.348009	 96.254166	 96.162157	 96.072017	 95.983777	 95.897466	 95.813108	 95.730724	  95.65033	 95.571942	 95.495568	 95.421217	 95.348891	 95.278591	 95.210314	 95.144055	 95.079803	 95.017548	 94.957275	 94.898967	 94.842604	 94.788164	 94.735624	 94.684957	 94.636134	 94.589126	 94.543901	 94.500426	 94.458665	 94.418583	 94.380143	 94.343306	 94.308033	 94.274286	 94.242022	 94.211201	 94.181783	 94.153724	 94.126984	 94.101521	 94.077292	 94.054256	 94.032371	 94.011597	 93.991893	 93.973218	 93.955532	 93.938796	 93.922972	 93.908021	 93.893908	 93.880594	 93.868045	 93.856227	 93.845105	 93.834646	  93.82482	 93.815594	 93.806939	 93.798826	 93.791228	 93.784116	 93.777466	 93.771251	 93.765449	 93.760036	  93.75499	 93.750289	 93.745914	 93.741845	 93.738064	 93.734553	 93.731296	 93.728275	 93.725478	 93.722888	 93.720493	 93.718279	 93.716235	 93.714349	  93.71261	 93.711007	 93.709533	 93.708176	 93.706929	 93.705784	 93.704733	 93.703769	 93.702886	 93.702078	 93.701339	 93.700663	 93.700046	 93.699482	 93.698969	 93.698501	 93.698074	 93.697687	 93.697334	 93.697014	 93.696723	  93.69646	 93.696221	 93.696005	 93.695809	 93.695632	 93.695473	 93.695328	 93.695198	 93.695081	 93.694975	  93.69488	 93.694795	 93.694718	 93.694649	 93.694588	 93.694532	 93.694483	 93.694438	 93.694399	 93.694363	 93.694331	 93.694303	 93.694278	 93.694256	 93.694236	 93.694218	 93.694202	 93.694188	 93.694176	 93.694165	 93.694155	 93.694146	 93.694139	 93.694132	 93.694126	 93.694121	 93.694116	 93.694112	 93.694108	 93.694105	 93.694102	   93.6941	 93.694098	 93.694096	 93.694094	 93.694093	 93.694092	 93.694091	  93.69409	 93.694089	 93.694088	 93.694087	 93.694087	 93.694086	 93.694086	 93.694086	 93.694085	 93.694085	 93.694085	 93.694085	 93.694084	 93.694084	 93.694084	 93.694084	 93.694084	 93.694084	 93.694084	 93.694084	 93.694084	 93.694084	 93.694084	 93.694084	 93.694084	 93.694084	 93.694083	
        99	 98.841595	 98.683315	 98.525285	 98.367628	 98.210469	 98.053928	 97.898127	 97.743185	 97.589217	  97.43634	 97.284664	   97.1343	 96.985352	 96.837926	 96.692119	 96.548028	 96.405746	  96.26536	 96.126954	 95.990608	 95.856397	 95.724393	 95.594661	 95.467262	 95.342254	 95.219688	 95.099612	 94.982067	 94.867091	 94.754717	 94.644972	 94.537879	 94.433457	  94.33172	 94.232676	  94.13633	 94.042683	 93.951731	 93.863466	 93.777875	 93.694945	 93.614655	 93.536982	   93.4619	 93.389381	 93.319392	 93.251898	 93.186861	 93.124241	 93.063996	 93.006082	 92.950453	 92.897059	 92.845853	 92.796782	 92.749795	  92.70484	 92.661861	 92.620805	 92.581616	 92.544239	 92.508618	 92.474698	 92.442422	 92.411736	 92.382584	 92.354911	 92.328662	 92.303785	 92.280225	 92.257931	 92.236852	 92.216936	 92.198135	   92.1804	 92.163684	  92.14794	 92.133124	 92.119193	 92.106103	 92.093813	 92.082284	 92.071477	 92.061355	 92.051881	 92.043022	 92.034744	 92.027015	 92.019804	 92.013082	  92.00682	 92.000992	 91.995572	 91.990535	 91.985858	 91.981518	 91.977495	 91.973768	 91.970319	 91.967128	 91.964179	 91.961456	 91.958943	 91.956627	 91.954492	 91.952528	  91.95072	 91.949059	 91.947534	 91.946134	  91.94485	 91.943674	 91.942598	 91.941613	 91.940713	  91.93989	  91.93914	 91.938455	 91.937832	 91.937264	 91.936748	 91.936278	 91.935852	 91.935465	 91.935114	 91.934795	 91.934507	 91.934247	 91.934011	 91.933798	 91.933606	 91.933433	 91.933277	 91.933136	  91.93301	 91.932896	 91.932794	 91.932702	  91.93262	 91.932546	  91.93248	 91.932421	 91.932368	  91.93232	 91.932278	 91.932241	 91.932207	 91.932177	 91.932151	 91.932127	 91.932106	 91.932087	 91.932071	 91.932056	 91.932043	 91.932032	 91.932021	 91.932012	 91.932005	 91.931998	 91.931991	 91.931986	 91.931981	 91.931977	 91.931973	  91.93197	 91.931967	 91.931965	 91.931962	 91.931961	 91.931959	 91.931957	 91.931956	 91.931955	 91.931954	 91.931953	 91.931952	 91.931952	 91.931951	 91.931951	  91.93195	  91.93195	  91.93195	 91.931949	 91.931949	 91.931949	 91.931949	 91.931949	 91.931948	 91.931948	 91.931948	 91.931948	 91.931948	 91.931948	 91.931948	 91.931948	 91.931948	 91.931948	 91.931948	
        99	 98.802228	 98.604611	 98.407307	 98.210469	 98.014251	 97.818807	 97.624285	 97.430836	 97.238604	 97.047733	 96.858362	 96.670628	 96.484664	 96.300598	 96.118555	 95.938655	 95.761011	 95.585736	 95.412933	 95.242702	 95.075137	 94.910326	 94.748352	 94.589292	 94.433216	  94.28019	 94.130271	 93.983514	 93.839964	 93.699662	 93.562642	 93.428935	 93.298561	  93.17154	 93.047881	 92.927591	  92.81067	 92.697114	 92.586913	 92.480052	 92.376511	 92.276267	  92.17929	 92.085549	 91.995007	 91.907624	 91.823356	 91.742156	 91.663974	 91.588757	  91.51645	 91.446994	 91.380331	 91.316399	 91.255133	 91.196469	 91.140341	 91.086681	 91.035421	 90.986493	 90.939827	 90.895353	 90.853003	 90.812707	 90.774394	 90.737997	 90.703446	 90.670674	 90.639614	 90.610199	 90.582365	 90.556047	 90.531182	 90.507708	 90.485565	 90.464695	 90.445038	 90.426541	 90.409146	 90.392803	 90.377459	 90.363065	 90.349572	 90.336934	 90.325106	 90.314046	  90.30371	  90.29406	 90.285057	 90.276664	 90.268846	  90.26157	 90.254803	 90.248514	 90.242675	 90.237257	 90.232234	 90.227581	 90.223274	  90.21929	 90.215608	 90.212208	 90.209071	 90.206179	 90.203514	 90.201061	 90.198805	 90.196731	 90.194826	 90.193079	 90.191476	 90.190008	 90.188663	 90.187434	  90.18631	 90.185283	 90.184346	 90.183492	 90.182713	 90.182004	 90.181359	 90.180773	 90.180241	 90.179758	 90.179319	 90.178922	 90.178562	 90.178237	 90.177943	 90.177677	 90.177437	 90.177221	 90.177026	  90.17685	 90.176692	  90.17655	 90.176423	 90.176308	 90.176205	 90.176113	 90.176031	 90.175957	 90.175891	 90.175832	 90.175779	 90.175732	  90.17569	 90.175653	  90.17562	  90.17559	 90.175564	 90.175541	  90.17552	 90.175502	 90.175486	 90.175471	 90.175459	 90.175447	 90.175438	 90.175429	 90.175421	 90.175414	 90.175408	 90.175403	 90.175398	 90.175394	 90.175391	 90.175388	 90.175385	 90.175383	  90.17538	 90.175379	 90.175377	 90.175376	 90.175374	 90.175373	 90.175372	 90.175372	 90.175371	  90.17537	  90.17537	 90.175369	 90.175369	 90.175369	 90.175368	 90.175368	 90.175368	 90.175368	 90.175367	 90.175367	 90.175367	 90.175367	 90.175367	 90.175367	 90.175367	 90.175367	 90.175367	 90.175367	 90.175367	
        99	 98.763015	 98.526218	 98.289793	 98.053928	 97.818807	 97.584611	 97.351522	 97.119717	 96.889371	 96.660656	 96.433739	 96.208783	 95.985948	 95.765387	  95.54725	 95.331681	 95.118816	 94.908789	 94.701724	 94.497741	 94.296953	 94.099465	 93.905376	 93.714779	 93.527758	 93.344391	 93.164749	 92.988893	 92.816882	 92.648762	 92.484576	 92.324358	 92.168136	 92.015929	 91.867752	 91.723613	  91.58351	 91.447439	 91.315388	  91.18734	  91.06327	  90.94315	 90.826946	 90.714619	 90.606125	 90.501417	 90.400441	 90.303141	 90.209457	 90.119327	 90.032684	 89.949458	 89.869577	 89.792969	 89.719556	 89.649261	 89.582004	 89.517704	 89.456281	 89.397652	 89.341734	 89.288443	 89.237696	 89.189409	 89.143501	 89.099887	 89.058486	 89.019216	 88.981998	 88.946751	 88.913398	 88.881862	 88.852067	 88.823939	 88.797406	 88.772397	 88.748844	 88.726678	 88.705835	 88.686252	 88.667865	 88.650617	 88.634449	 88.619305	 88.605133	 88.591879	 88.579494	 88.567931	 88.557143	 88.547086	 88.537718	 88.528999	  88.52089	 88.513354	 88.506357	 88.499865	 88.493846	 88.488271	 88.483109	 88.478336	 88.473924	  88.46985	 88.466091	 88.462625	 88.459432	 88.456493	 88.453789	 88.451304	 88.449022	 88.446928	 88.445007	 88.443248	 88.441637	 88.440163	 88.438817	 88.437586	 88.436464	  88.43544	 88.434507	 88.433658	 88.432885	 88.432183	 88.431545	 88.430965	  88.43044	 88.429964	 88.429533	 88.429143	 88.428791	 88.428473	 88.428185	 88.427926	 88.427692	 88.427482	 88.427292	 88.427122	 88.426969	 88.426832	 88.426709	 88.426599	   88.4265	 88.426411	 88.426332	 88.426261	 88.426198	 88.426142	 88.426092	 88.426047	 88.426007	 88.425972	 88.425941	 88.425913	 88.425888	 88.425866	 88.425847	 88.425829	 88.425814	 88.425801	 88.425789	 88.425778	 88.425769	 88.425761	 88.425754	 88.425748	 88.425742	 88.425737	 88.425733	 88.425729	 88.425726	 88.425723	 88.425721	 88.425718	 88.425716	 88.425715	 88.425713	 88.425712	 88.425711	  88.42571	 88.425709	 88.425708	 88.425708	 88.425707	 88.425707	 88.425706	 88.425706	 88.425706	 88.425705	 88.425705	 88.425705	 88.425705	 88.425705	 88.425705	 88.425704	 88.425704	 88.425704	 88.425704	 88.425704	 88.425704	 88.425704	
        99	 98.723988	 98.448194	 98.172835	 97.898127	 97.624285	 97.351522	 97.080047	 96.810068	 96.541789	 96.275408	 96.011121	  95.74912	 95.489587	 95.232704	 94.978644	 94.727574	 94.479655	  94.23504	 93.993875	   93.7563	 93.522445	 93.292435	 93.066383	 92.844398	 92.626579	 92.413014	 92.203788	 91.998972	 91.798633	 91.602827	 91.411603	    91.225	  91.04305	 90.865778	 90.693199	 90.525322	 90.362147	 90.203668	 90.049871	 89.900735	 89.756233	 89.616332	 89.480991	 89.350166	 89.223805	 89.101853	 88.984248	 88.870924	 88.761813	  88.65684	 88.555928	 88.458996	 88.365961	 88.276736	 88.191233	 88.109362	 88.031029	 87.956141	 87.884603	 87.816318	 87.751191	 87.689124	  87.63002	 87.573782	 87.520312	 87.469516	 87.421297	 87.375561	 87.332213	 87.291162	 87.252316	 87.215586	 87.180884	 87.148124	 87.117222	 87.088095	 87.060662	 87.034847	 87.010571	 86.987763	 86.966348	  86.94626	 86.927429	 86.909792	 86.893285	 86.877848	 86.863424	 86.849957	 86.837392	 86.825679	 86.814768	 86.804613	 86.795169	 86.786392	 86.778243	 86.770682	 86.763671	 86.757178	 86.751167	 86.745607	 86.740469	 86.735724	 86.731346	 86.727309	  86.72359	 86.720167	 86.717018	 86.714124	 86.711465	 86.709026	  86.70679	  86.70474	 86.702864	 86.701148	  86.69958	 86.698147	 86.696839	 86.695647	  86.69456	 86.693571	 86.692671	 86.691853	  86.69111	 86.690435	 86.689824	 86.689269	 86.688767	 86.688313	 86.687903	 86.687532	 86.687197	 86.686895	 86.686623	 86.686378	 86.686158	 86.685959	 86.685781	 86.685621	 86.685478	 86.685349	 86.685234	 86.685131	 86.685039	 86.684957	 86.684883	 86.684818	 86.684759	 86.684707	 86.684661	  86.68462	 86.684583	 86.684551	 86.684522	 86.684496	 86.684474	 86.684454	 86.684436	  86.68442	 86.684406	 86.684394	 86.684383	 86.684374	 86.684366	 86.684358	 86.684352	 86.684346	 86.684341	 86.684337	 86.684333	  86.68433	 86.684327	 86.684324	 86.684322	  86.68432	 86.684318	 86.684317	 86.684316	 86.684314	 86.684313	 86.684313	 86.684312	 86.684311	 86.684311	  86.68431	  86.68431	 86.684309	 86.684309	 86.684309	 86.684309	 86.684308	 86.684308	 86.684308	 86.684308	 86.684308	 86.684308	 86.684308	 86.684308	 86.684308	 86.684308	
        99	 98.685176	 98.370601	 98.056521	 97.743185	 97.430836	 97.119717	 96.810068	 96.502126	 96.196121	 95.892283	 95.590833	 95.291989	 94.995962	 94.702957	 94.413171	 94.126797	 93.844015	 93.565003	 93.289926	 93.018944	 92.752205	 92.489851	 92.232013	 91.978813	 91.730364	 91.486769	 91.248121	 91.014505	 90.785995	 90.562655	 90.344541	 90.131699	 89.924164	 89.721964	 89.525118	 89.333634	 89.147514	  88.96675	 88.791326	 88.621219	 88.456398	 88.296824	 88.142452	  87.99323	 87.849101	     87.71	 87.575858	 87.446599	 87.322145	 87.202411	 87.087309	 86.976746	 86.870629	 86.768858	 86.671332	 86.577947	 86.488599	 86.403181	 86.321583	 86.243697	 86.169411	 86.098617	 86.031201	 85.967055	 85.906067	 85.848128	 85.793129	 85.740961	 85.691518	 85.644694	 85.600386	 85.558491	  85.51891	 85.481543	 85.446295	 85.413072	 85.381783	 85.352337	 85.324648	 85.298632	 85.274206	 85.251293	 85.229814	 85.209697	 85.190869	 85.173262	 85.156809	 85.141448	 85.127116	 85.113756	 85.101311	 85.089728	 85.078956	 85.068945	  85.05965	 85.051025	 85.043029	 85.035622	 85.028766	 85.022425	 85.016564	 85.011152	 85.006158	 85.001554	 84.997312	 84.993407	 84.989815	 84.986514	 84.983482	   84.9807	 84.978149	 84.975812	 84.973672	 84.971714	 84.969925	 84.968291	 84.966799	 84.965439	   84.9642	 84.963072	 84.962045	 84.961112	 84.960264	 84.959495	 84.958797	 84.958165	 84.957593	 84.957075	 84.956606	 84.956183	 84.955802	 84.955457	 84.955147	 84.954867	 84.954616	  84.95439	 84.954186	 84.954004	 84.953841	 84.953694	 84.953563	 84.953445	  84.95334	 84.953246	 84.953162	 84.953088	 84.953021	 84.952962	 84.952909	 84.952862	  84.95282	 84.952783	  84.95275	 84.952721	 84.952695	 84.952672	 84.952652	 84.952634	 84.952618	 84.952604	 84.952592	 84.952581	 84.952572	 84.952563	 84.952556	  84.95255	 84.952544	 84.952539	 84.952535	 84.952531	 84.952527	 84.952525	 84.952522	  84.95252	 84.952518	 84.952516	 84.952515	 84.952513	 84.952512	 84.952511	  84.95251	  84.95251	 84.952509	 84.952509	 84.952508	 84.952508	 84.952507	 84.952507	 84.952507	 84.952507	 84.952506	 84.952506	 84.952506	 84.952506	 84.952506	 84.952506	 84.952506	 84.952506	 84.952506	
        99	 98.646608	 98.293495	 97.940939	 97.589217	 97.238604	 96.889371	 96.541789	 96.196121	 95.852629	 95.511569	  95.17319	 94.837735	 94.505443	 94.176543	 93.851258	   93.5298	 93.212377	 92.899183	 92.590408	 92.286229	 91.986813	 91.692319	 91.402894	 91.118676	  90.83979	 90.566353	  90.29847	 90.036235	  89.77973	  89.52903	 89.284196	 89.045279	  88.81232	  88.58535	 88.364388	 88.149447	 87.940526	 87.737617	 87.540703	 87.349757	 87.164744	 86.985621	 86.812338	 86.644836	  86.48305	 86.326908	 86.176332	 86.031239	 85.891538	 85.757136	 85.627933	 85.503826	 85.384709	  85.27047	 85.160997	 85.056172	 84.955879	 84.859996	 84.768402	 84.680974	 84.597588	  84.51812	 84.442447	 84.370442	 84.301983	 84.236946	 84.175209	  84.11665	  84.06115	  84.00859	 83.958854	 83.911827	 83.867396	 83.825452	 83.785886	 83.748593	  83.71347	 83.680417	 83.649336	 83.620133	 83.592715	 83.566994	 83.542885	 83.520303	 83.499168	 83.479404	 83.460936	 83.443693	 83.427606	 83.412609	 83.398639	 83.385637	 83.373545	 83.362308	 83.351874	 83.342193	 83.333218	 83.324903	 83.317207	 83.310089	  83.30351	 83.297435	  83.29183	 83.286661	   83.2819	 83.277516	 83.273485	 83.269779	 83.266376	 83.263253	 83.260389	 83.257765	 83.255363	 83.253166	 83.251158	 83.249323	 83.247649	 83.246122	 83.244731	 83.243465	 83.242312	 83.241265	 83.240313	  83.23945	 83.238667	 83.237957	 83.237314	 83.236733	 83.236207	 83.235732	 83.235304	 83.234917	 83.234569	 83.234255	 83.233973	 83.233719	 83.233491	 83.233286	 83.233103	 83.232938	 83.232791	 83.232659	 83.232541	 83.232435	 83.232341	 83.232257	 83.232183	 83.232116	 83.232057	 83.232004	 83.231957	 83.231915	 83.231878	 83.231846	 83.231817	 83.231791	 83.231768	 83.231748	 83.231731	 83.231715	 83.231701	 83.231689	 83.231678	 83.231669	 83.231661	 83.231653	 83.231647	 83.231642	 83.231637	 83.231632	 83.231629	 83.231625	 83.231622	  83.23162	 83.231618	 83.231616	 83.231614	 83.231613	 83.231612	 83.231611	  83.23161	 83.231609	 83.231608	 83.231607	 83.231607	 83.231606	 83.231606	 83.231606	 83.231605	 83.231605	 83.231605	 83.231605	 83.231605	 83.231605	 83.231604	 83.231604	 83.231604	 83.231604	 83.231604	
        99	 98.608313	 98.216936	 97.826176	  97.43634	 97.047733	 96.660656	 96.275408	 95.892283	 95.511569	  95.13355	 94.758502	 94.386697	 94.018397	 93.653856	 93.293321	 92.937029	 92.585209	 92.238077	 91.895842	   91.5587	 91.226839	 90.900432	 90.579644	 90.264627	  89.95552	 89.652453	 89.355541	 89.064888	 88.780589	 88.502722	 88.231356	 87.966549	 87.708346	  87.45678	 87.211875	 86.973642	 86.742081	 86.517185	 86.298932	 86.087294	 85.882232	 85.683699	 85.491638	 85.305985	 85.126668	 84.953606	 84.786713	 84.625897	 84.471058	 84.322091	 84.178887	 84.041332	 83.909307	 83.782688	 83.661352	 83.545168	 83.434007	 83.327734	 83.226214	 83.129312	  83.03689	 82.948812	 82.864937	  82.78513	 82.709252	 82.637168	  82.56874	 82.503836	 82.442322	 82.384066	  82.32894	 82.276817	 82.227572	 82.181083	  82.13723	 82.095895	 82.056966	 82.020331	 81.985882	 81.953514	 81.923126	 81.894618	 81.867896	 81.842867	 81.819442	 81.797536	 81.777067	 81.757955	 81.740124	 81.723502	 81.708019	 81.693608	 81.680206	 81.667751	 81.656186	 81.645456	 81.635508	 81.626293	 81.617763	 81.609873	 81.602582	 81.595848	 81.589635	 81.583907	 81.578629	 81.573771	 81.569302	 81.565195	 81.561423	 81.557962	 81.554788	  81.55188	 81.549217	 81.546782	 81.544556	 81.542523	 81.540667	 81.538975	 81.537433	 81.536029	 81.534752	 81.533591	 81.532537	 81.531579	 81.530711	 81.529925	 81.529213	 81.528568	 81.527986	 81.527459	 81.526984	 81.526556	  81.52617	 81.525822	 81.525509	 81.525228	 81.524975	 81.524748	 81.524544	 81.524362	 81.524199	 81.524052	 81.523922	 81.523805	 81.523701	 81.523608	 81.523525	 81.523451	 81.523385	 81.523327	 81.523275	 81.523229	 81.523188	 81.523151	 81.523119	 81.523091	 81.523066	 81.523043	 81.523024	 81.523006	 81.522991	 81.522978	 81.522966	 81.522955	 81.522946	 81.522938	 81.522931	 81.522925	  81.52292	 81.522915	 81.522911	 81.522907	 81.522904	 81.522901	 81.522899	 81.522897	 81.522895	 81.522893	 81.522892	 81.522891	  81.52289	 81.522889	 81.522888	 81.522887	 81.522887	 81.522886	 81.522886	 81.522885	 81.522885	 81.522885	 81.522885	 81.522884	 81.522884	 81.522884	 81.522884	 81.522884	 81.522884	 81.522884	 81.522884	
        99	  98.57032	 98.140978	 97.712314	 97.284664	 96.858362	 96.433739	 96.011121	 95.590833	  95.17319	 94.758502	 94.347076	 93.939205	 93.535179	 93.135278	 92.739771	 92.348919	 91.962971	 91.582168	 91.206736	 90.836891	 90.472839	 90.114771	 89.762867	 89.417292	 89.078202	 88.745737	 88.420024	 88.101179	 87.789302	 87.484481	 87.186794	   86.8963	 86.613051	 86.337083	 86.068422	  85.80708	 85.553058	 85.306347	 85.066923	 84.834756	 84.609804	 84.392013	 84.181322	  83.97766	 83.780949	   83.5911	 83.408019	 83.231603	 83.061744	 82.898328	 82.741234	 82.590335	 82.445503	 82.306603	 82.173497	 82.046044	 81.924099	 81.807517	 81.696151	 81.589849	 81.488463	  81.39184	  81.29983	 81.212281	 81.129043	 81.049967	 80.974902	 80.903701	  80.83622	 80.772314	 80.711841	 80.654662	  80.60064	 80.549641	 80.501534	  80.45619	 80.413485	 80.373297	 80.335506	 80.299999	 80.266662	 80.235389	 80.206075	 80.178618	 80.152921	  80.12889	 80.106435	  80.08547	  80.06591	 80.047675	  80.03069	 80.014882	 80.000179	 79.986516	  79.97383	 79.962059	 79.951146	 79.941036	 79.931679	 79.923024	 79.915025	 79.907639	 79.900823	 79.894539	 79.888749	  79.88342	 79.878518	 79.874012	 79.869874	 79.866077	 79.862595	 79.859405	 79.856485	 79.853813	 79.851371	  79.84914	 79.847105	 79.845249	 79.843557	 79.842017	 79.840616	 79.839343	 79.838186	 79.837136	 79.836183	 79.835321	 79.834539	 79.833832	 79.833193	 79.832616	 79.832095	 79.831625	 79.831201	  79.83082	 79.830476	 79.830168	  79.82989	 79.829641	 79.829418	 79.829218	 79.829039	 79.828879	 79.828735	 79.828607	 79.828493	 79.828391	   79.8283	 79.828219	 79.828146	 79.828082	 79.828025	 79.827975	  79.82793	  79.82789	 79.827855	 79.827824	 79.827796	 79.827772	  79.82775	 79.827731	 79.827714	   79.8277	 79.827687	 79.827675	 79.827665	 79.827656	 79.827649	 79.827642	 79.827636	 79.827631	 79.827626	 79.827622	 79.827619	 79.827616	 79.827613	 79.827611	 79.827609	 79.827607	 79.827605	 79.827604	 79.827603	 79.827602	 79.827601	   79.8276	   79.8276	 79.827599	 79.827599	 79.827598	 79.827598	 79.827598	 79.827597	 79.827597	 79.827597	 79.827597	 79.827597	 79.827597	 79.827597	 79.827597	 79.827597	
        99	 98.532654	 98.065678	 97.599437	   97.1343	 96.670628	 96.208783	  95.74912	 95.291989	 94.837735	 94.386697	 93.939205	 93.495581	 93.056139	 92.621183	 92.191006	 91.765892	 91.346113	 90.931928	 90.523586	 90.121322	 89.725357	 89.335901	 88.953149	 88.577282	 88.208468	 87.846859	 87.492595	   87.1458	 86.806584	 86.475043	  86.15126	 85.835303	 85.527224	 85.227066	 84.934854	 84.650603	 84.374314	 84.105975	 83.845565	 83.593046	 83.348374	 83.111492	 82.882332	 82.660818	 82.446863	 82.240372	 82.041242	 81.849362	 81.664614	 81.486873	 81.316007	 81.151882	 80.994354	 80.843278	 80.698504	 80.559878	 80.427244	 80.300443	 80.179313	 80.063694	  79.95342	 79.848327	 79.748252	 79.653029	 79.562494	 79.476486	 79.394841	 79.317399	 79.244002	 79.174494	  79.10872	 79.046529	 78.987772	 78.932302	 78.879978	  78.83066	 78.784211	   78.7405	 78.699396	 78.660776	 78.624518	 78.590503	 78.558619	 78.528755	 78.500806	 78.474669	 78.450246	 78.427442	 78.406167	 78.386335	 78.367861	 78.350666	 78.334675	 78.319815	 78.306016	 78.293213	 78.281343	 78.270348	  78.26017	 78.250756	 78.242056	 78.234023	 78.226609	 78.219774	 78.213478	 78.207681	 78.202349	 78.197448	 78.192948	 78.188818	 78.185031	 78.181561	 78.178384	 78.175478	 78.172822	 78.170396	 78.168182	 78.166163	 78.164324	 78.162649	 78.161125	  78.15974	 78.158481	 78.157339	 78.156304	 78.155365	 78.154515	 78.153746	 78.153051	 78.152423	 78.151856	 78.151345	 78.150884	 78.150469	 78.150096	  78.14976	 78.149459	 78.149188	 78.148945	 78.148728	 78.148533	 78.148358	 78.148202	 78.148063	 78.147939	 78.147828	 78.147729	 78.147641	 78.147562	 78.147492	  78.14743	 78.147375	 78.147327	 78.147283	 78.147245	 78.147211	 78.147181	 78.147154	 78.147131	  78.14711	 78.147092	 78.147076	 78.147062	  78.14705	 78.147039	 78.147029	 78.147021	 78.147013	 78.147007	 78.147001	 78.146996	 78.146992	 78.146988	 78.146985	 78.146982	 78.146979	 78.146977	 78.146975	 78.146974	 78.146972	 78.146971	  78.14697	 78.146969	 78.146968	 78.146967	 78.146967	 78.146966	 78.146966	 78.146966	 78.146965	 78.146965	 78.146965	 78.146964	 78.146964	 78.146964	 78.146964	 78.146964	 78.146964	 78.146964	
        99	 98.495344	 97.991086	 97.487624	 96.985352	 96.484664	 95.985948	 95.489587	 94.995962	 94.505443	 94.018397	 93.535179	 93.056139	 92.581614	 92.111934	 91.647414	 91.188361	 90.735069	 90.287818	 89.846877	 89.412498	 88.984921	 88.564374	 88.151065	 87.745191	 87.346932	 86.956454	 86.573908	 86.199426	 85.833129	 85.475121	 85.125489	 84.784307	 84.451633	 84.127511	 83.811971	 83.505027	  83.20668	 82.916919	 82.635719	 82.363041	 82.098836	 81.843042	 81.595588	 81.356389	 81.125353	 80.902377	 80.687349	 80.480151	 80.280653	 80.088722	 79.904216	 79.726987	 79.556883	 79.393746	 79.237414	 79.087721	 78.944498	 78.807574	 78.676775	 78.551925	 78.432847	 78.319364	 78.211299	 78.108474	 78.010712	 77.917837	 77.829674	  77.74605	 77.666794	 77.591736	 77.520711	 77.453555	 77.390107	 77.330209	 77.273708	 77.220452	 77.170295	 77.123094	 77.078709	 77.037006	 76.997853	 76.961123	 76.926693	 76.894445	 76.864265	 76.836041	 76.809668	 76.785044	  76.76207	 76.740654	 76.720706	 76.702139	 76.684871	 76.668824	 76.653923	 76.640098	 76.627281	 76.615408	 76.604418	 76.594252	 76.584858	 76.576183	 76.568178	 76.560797	 76.553997	 76.547738	  76.54198	 76.536689	 76.531829	 76.527369	 76.523279	 76.519533	 76.516103	 76.512965	 76.510096	 76.507477	 76.505086	 76.502906	 76.500919	 76.499111	 76.497465	 76.495969	 76.494611	 76.493377	 76.492259	 76.491246	 76.490328	 76.489498	 76.488747	 76.488069	 76.487457	 76.486905	 76.486407	 76.485959	 76.485556	 76.485194	 76.484868	 76.484576	 76.484313	 76.484078	 76.483868	 76.483679	 76.483511	 76.483361	 76.483226	 76.483106	    76.483	 76.482904	  76.48282	 76.482744	 76.482677	 76.482618	 76.482565	 76.482519	 76.482477	 76.482441	 76.482408	 76.482379	 76.482354	 76.482332	 76.482312	 76.482295	  76.48228	 76.482266	 76.482254	 76.482244	 76.482235	 76.482227	  76.48222	 76.482214	 76.482209	 76.482204	   76.4822	 76.482196	 76.482193	  76.48219	 76.482188	 76.482186	 76.482184	 76.482183	 76.482181	  76.48218	 76.482179	 76.482178	 76.482178	 76.482177	 76.482176	 76.482176	 76.482175	 76.482175	 76.482175	 76.482175	 76.482174	 76.482174	 76.482174	 76.482174	 76.482174	 76.482174	 76.482174	
        99	 98.458415	 97.917257	 97.376952	 96.837926	 96.300598	 95.765387	 95.232704	 94.702957	 94.176543	 93.653856	 93.135278	 92.621183	 92.111934	 91.607883	 91.109371	 90.616726	 90.130263	 89.650284	 89.177075	 88.710909	 88.252044	 87.800722	 87.357168	 86.921593	 86.494191	 86.075139	 85.664598	 85.262713	 84.869612	 84.485405	 84.110188	 83.744039	 83.387021	 83.039181	  82.70055	 82.371145	 82.050966	 81.740001	 81.438223	 81.145591	 80.862053	 80.587541	 80.321978	 80.065275	 79.817332	  79.57804	 79.347277	 79.124916	  78.91082	 78.704844	 78.506836	 78.316638	 78.134086	 77.959011	 77.791239	 77.630592	 77.476889	 77.329945	 77.189574	 77.055587	 76.927796	 76.806009	 76.690036	 76.579687	 76.474771	 76.375099	 76.280484	 76.190741	 76.105685	 76.025135	 75.948913	 75.876842	 75.808751	  75.74447	 75.683834	 75.626681	 75.572854	 75.522199	 75.474566	 75.429811	 75.387793	 75.348375	 75.311426	 75.276818	 75.244429	  75.21414	 75.185837	 75.159411	 75.134757	 75.111773	 75.090365	 75.070439	 75.051907	 75.034686	 75.018695	 75.003859	 74.990104	 74.977362	 74.965567	 74.954658	 74.944576	 74.935266	 74.926675	 74.918754	 74.911457	  74.90474	 74.898561	 74.892882	 74.887666	  74.88288	 74.878491	  74.87447	 74.870789	 74.867422	 74.864344	 74.861532	 74.858967	 74.856627	 74.854495	 74.852554	 74.850788	 74.849183	 74.847725	 74.846401	 74.845201	 74.844113	 74.843129	 74.842238	 74.841432	 74.840704	 74.840047	 74.839455	 74.838921	  74.83844	 74.838007	 74.837618	 74.837269	 74.836955	 74.836674	 74.836422	 74.836196	 74.835994	 74.835813	 74.835651	 74.835507	 74.835379	 74.835264	 74.835162	 74.835071	  74.83499	 74.834918	 74.834854	 74.834798	 74.834748	 74.834703	 74.834664	 74.834629	 74.834598	 74.834571	 74.834547	 74.834526	 74.834508	 74.834491	 74.834477	 74.834464	 74.834453	 74.834443	 74.834435	 74.834427	 74.834421	 74.834415	  74.83441	 74.834406	 74.834402	 74.834398	 74.834396	 74.834393	 74.834391	 74.834389	 74.834387	 74.834386	 74.834385	 74.834384	 74.834383	 74.834382	 74.834381	  74.83438	  74.83438	  74.83438	 74.834379	 74.834379	 74.834379	 74.834378	 74.834378	 74.834378	 74.834378	 74.834378	 74.834378	 74.834378	
        99	 98.421891	 97.844238	 97.267497	 96.692119	 96.118555	  95.54725	 94.978644	 94.413171	 93.851258	 93.293321	 92.739771	 92.191006	 91.647414	 91.109371	  90.57724	 90.051372	 89.532103	 89.019755	 88.514633	  88.01703	  87.52722	 87.045461	 86.571995	 86.107046	  85.65082	 85.203508	 84.765281	 84.336294	 83.916682	 83.506565	 83.106044	 82.715203	 82.334108	 81.962811	 81.601343	 81.249723	 80.907952	 80.576016	 80.253887	  79.94152	  79.63886	 79.345835	 79.062364	 78.788349	 78.523686	 78.268255	 78.021931	 77.784574	  77.55604	 77.336173	 77.124812	 76.921787	 76.726924	 76.540043	 76.360956	 76.189475	 76.025407	 75.868553	 75.718716	 75.575693	 75.439284	 75.309284	  75.18549	 75.067699	 74.955707	 74.849314	 74.748319	 74.652523	 74.561731	 74.475749	 74.394386	 74.317456	 74.244772	 74.176156	 74.111431	 74.050424	 73.992967	 73.938896	 73.888051	 73.840277	 73.795425	 73.753349	 73.713908	 73.676967	 73.642393	 73.610061	  73.57985	 73.551642	 73.525325	 73.500792	  73.47794	  73.45667	 73.436888	 73.418506	 73.401437	   73.3856	 73.370917	 73.357315	 73.344725	 73.333081	 73.322319	 73.312381	 73.303211	 73.294756	 73.286967	 73.279796	 73.273201	 73.267138	 73.261571	 73.256462	 73.251778	 73.247486	 73.243556	 73.239962	 73.236676	 73.233675	 73.230936	 73.228439	 73.226163	 73.224091	 73.222206	 73.220493	 73.218936	 73.217523	 73.216242	 73.215081	  73.21403	 73.213079	 73.212219	 73.211442	 73.210741	 73.210109	 73.209539	 73.209025	 73.208564	 73.208148	 73.207775	  73.20744	  73.20714	 73.206871	  73.20663	 73.206414	 73.206221	 73.206049	 73.205895	 73.205757	 73.205635	 73.205526	 73.205429	 73.205343	 73.205266	 73.205198	 73.205137	 73.205084	 73.205037	 73.204995	 73.204957	 73.204925	 73.204896	  73.20487	 73.204848	 73.204828	  73.20481	 73.204795	 73.204781	 73.204769	 73.204759	  73.20475	 73.204742	 73.204735	 73.204729	 73.204723	 73.204719	 73.204715	 73.204711	 73.204708	 73.204705	 73.204703	 73.204701	 73.204699	 73.204698	 73.204696	 73.204695	 73.204694	 73.204693	 73.204693	 73.204692	 73.204691	 73.204691	 73.204691	  73.20469	  73.20469	  73.20469	 73.204689	 73.204689	 73.204689	 73.204689	 73.204689	 73.204689	
        99	 98.385797	 97.772079	 97.159329	 96.548028	 95.938655	 95.331681	 94.727574	 94.126797	   93.5298	 92.937029	 92.348919	 91.765892	 91.188361	 90.616726	 90.051372	 89.492672	 88.940983	 88.396646	 87.859988	 87.331318	 86.810927	 86.299089	 85.796063	 85.302085	 84.817375	 84.342136	 83.876549	 83.420778	 82.974968	 82.539245	 82.113718	 81.698475	 81.293587	 80.899108	 80.515072	 80.141499	  79.77839	  79.42573	 79.083489	  78.75162	 78.430063	 78.118744	 77.817574	 77.526451	 77.245264	 76.973886	 76.712182	 76.460007	 76.217204	  75.98361	 75.759052	 75.543352	 75.336323	 75.137774	 74.947506	 74.765319	 74.591007	  74.42436	 74.265168	 74.113216	  73.96829	 73.830174	 73.698651	 73.573505	 73.454522	 73.341486	 73.234185	 73.132409	 73.035948	 72.944598	 72.858155	 72.776421	   72.6992	   72.6263	 72.557534	 72.492718	 72.431674	 72.374226	 72.320207	 72.269451	 72.221799	 72.177096	 72.135192	 72.095944	 72.059212	 72.024862	 71.992764	 71.962795	 71.934835	  71.90877	 71.884491	 71.861893	 71.840877	 71.821347	 71.803212	 71.786386	 71.770786	 71.756336	  71.74296	 71.730588	 71.719154	 71.708596	 71.698853	  71.68987	 71.681595	 71.673977	 71.666969	 71.660529	 71.654614	 71.649186	 71.644209	 71.639649	 71.635474	 71.631655	 71.628164	 71.624976	 71.622066	 71.619413	 71.616995	 71.614794	 71.612791	  71.61097	 71.609317	 71.607816	 71.606455	 71.605221	 71.604104	 71.603094	  71.60218	 71.601355	  71.60061	 71.599938	 71.599333	 71.598787	 71.598297	 71.597855	 71.597459	 71.597103	 71.596784	 71.596498	 71.596242	 71.596013	 71.595808	 71.595625	 71.595461	 71.595315	 71.595185	 71.595069	 71.594966	 71.594875	 71.594793	 71.594721	 71.594657	   71.5946	 71.594549	 71.594505	 71.594465	 71.594431	   71.5944	 71.594373	 71.594349	 71.594328	 71.594309	 71.594293	 71.594278	 71.594266	 71.594255	 71.594245	 71.594236	 71.594229	 71.594222	 71.594217	 71.594212	 71.594207	 71.594204	   71.5942	 71.594198	 71.594195	 71.594193	 71.594191	 71.594189	 71.594188	 71.594187	 71.594186	 71.594185	 71.594184	 71.594183	 71.594183	 71.594182	 71.594182	 71.594181	 71.594181	 71.594181	 71.594181	 71.594181	  71.59418	  71.59418	  71.59418	  71.59418	
        99	 98.350157	 97.700826	 97.052519	 96.405746	 95.761011	 95.118816	 94.479655	 93.844015	 93.212377	 92.585209	 91.962971	 91.346113	 90.735069	 90.130263	 89.532103	 88.940983	  88.35728	 87.781357	 87.213558	  86.65421	 86.103622	 85.562084	 85.029867	 84.507225	 83.994389	 83.491572	 82.998968	  82.51675	 82.045071	 81.584064	 81.133844	 80.694506	 80.266123	 79.848753	 79.442433	 79.047182	 78.663003	 78.289878	 77.927778	 77.576651	 77.236435	 76.907051	 76.588404	 76.280389	 75.982885	 75.695759	  75.41887	 75.152061	 74.895169	  74.64802	 74.410432	 74.182215	 73.963173	 73.753102	 73.551793	 73.359034	 73.174607	  72.99829	  72.82986	 72.669091	 72.515755	 72.369624	 72.230469	 72.098062	 71.972174	 71.852579	 71.739052	  71.63137	 71.529312	 71.432661	 71.341202	 71.254725	 71.173023	 71.095893	 71.023136	 70.954559	 70.889972	 70.829192	 70.772038	 70.718336	 70.667919	 70.620622	 70.576287	 70.534761	 70.495898	 70.459554	 70.425594	 70.393885	 70.364303	 70.336726	 70.311038	 70.287129	 70.264893	  70.24423	 70.225042	  70.20724	 70.190735	 70.175446	 70.161294	 70.148204	 70.136107	 70.124936	 70.114628	 70.105124	 70.096368	 70.088308	 70.080894	  70.07408	 70.067821	 70.062079	 70.056813	 70.051988	 70.047571	  70.04353	 70.039837	 70.036464	 70.033385	 70.030578	  70.02802	 70.025691	 70.023572	 70.021646	 70.019896	 70.018308	 70.016868	 70.015563	 70.014381	 70.013312	 70.012345	 70.011472	 70.010684	 70.009973	 70.009332	 70.008756	 70.008236	  70.00777	  70.00735	 70.006974	 70.006636	 70.006334	 70.006063	  70.00582	 70.005603	 70.005409	 70.005236	 70.005082	 70.004944	 70.004822	 70.004713	 70.004616	  70.00453	 70.004453	 70.004385	 70.004325	 70.004272	 70.004225	 70.004183	 70.004146	 70.004113	 70.004085	 70.004059	 70.004037	 70.004017	    70.004	 70.003985	 70.003972	  70.00396	  70.00395	 70.003941	 70.003933	 70.003926	  70.00392	 70.003915	  70.00391	 70.003906	 70.003902	 70.003899	 70.003897	 70.003895	 70.003893	 70.003891	 70.003889	 70.003888	 70.003887	 70.003886	 70.003885	 70.003884	 70.003884	 70.003883	 70.003883	 70.003882	 70.003882	 70.003882	 70.003882	 70.003881	 70.003881	 70.003881	 70.003881	 70.003881	
