Time step 19:
        99	        99	        99	        99	        99	        99	        99	        99	        99	        99	        99	        99	        99	        99	        99	        99	        99	        99	        99	        99	        99	        99	        99	        99	        99	        99	        99	        99	        99	        99	        99	        99	        99	        99	        99	        99	        99	        99	        99	        99	        99	        99	        99	        99	        99	        99	        99	        99	        99	        99	        99	        99	        99	        99	        99	        99	        99	        99	        99	        99	        99	        99	        99	        99	        99	        99	        99	        99	        99	        99	        99	        99	        99	        99	        99	        99	        99	        99	        99	        99	        99	        99	        99	        99	        99	        99	        99	        99	        99	        99	        99	        99	        99	        99	        99	        99	        99	        99	        99	        99	        99	        99	        99	        99	        99	        99	        99	        99	        99	        99	        99	        99	        99	        99	        99	        99	        99	        99	        99	        99	        99	        99	        99	        99	        99	        99	        99	        99	        99	        99	        99	        99	        99	        99	        99	        99	        99	        99	        99	        99	        99	        99	        99	        99	        99	        99	        99	        99	        99	        99	        99	        99	        99	        99	        99	        99	        99	        99	        99	        99	        99	        99	        99	        99	        99	        99	        99	        99	        99	        99	        99	        99	        99	        99	        99	        99	        99	        99	        99	        99	        99	        99	        99	        99	        99	        99	        99	        99	        99	        99	        99	        99	        99	        99	        99	        99	        99	        99	        99	        99	
        99	 98.966585	 98.933192	 98.899843	 98.866561	 98.833367	 98.800283	 98.767331	 98.734532	 98.701907	 98.669476	  98.63726	 98.605279	 98.573552	 98.542098	 98.510935	 98.480081	 98.449554	 98.419369	 98.389544	 98.360093	  98.33103	 98.302371	 98.274127	 98.246312	 98.218937	 98.192013	 98.165551	 98.139559	 98.114046	  98.08902	 98.064489	 98.040457	 98.016931	 97.993916	 97.971414	  97.94943	 97.927966	 97.907023	 97.886603	 97.866704	 97.847328	 97.828473	 97.810136	 97.792316	  97.77501	 97.758214	 97.741923	 97.726133	 97.710839	 97.696034	 97.681714	 97.667871	 97.654498	 97.641588	 97.629132	 97.617124	 97.605554	 97.594415	 97.583696	  97.57339	 97.563486	 97.553976	  97.54485	 97.536097	  97.52771	 97.519676	 97.511988	 97.504634	 97.497605	  97.49089	 97.484481	 97.478368	  97.47254	 97.466987	 97.461702	 97.456673	 97.451891	 97.447349	 97.443035	 97.438942	 97.435061	 97.431383	   97.4279	 97.424605	 97.421487	 97.418541	 97.415759	 97.413133	 97.410656	 97.408321	 97.406122	 97.404051	 97.402104	 97.400273	 97.398553	 97.396938	 97.395423	 97.394002	 97.392671	 97.391424	 97.390258	 97.389167	 97.388148	 97.387196	 97.386308	  97.38548	 97.384707	 97.383988	 97.383319	 97.382696	 97.382117	  97.38158	  97.38108	 97.380617	 97.380188	  97.37979	 97.379422	 97.379081	 97.378766	 97.378475	 97.378206	 97.377958	 97.377729	 97.377518	 97.377324	 97.377146	 97.376981	  97.37683	 97.376691	 97.376564	 97.376447	  97.37634	 97.376242	 97.376152	  97.37607	 97.375995	 97.375926	 97.375863	 97.375806	 97.375754	 97.375706	 97.375663	 97.375624	 97.375588	 97.375555	 97.375526	 97.375499	 97.375474	 97.375452	 97.375432	 97.375414	 97.375398	 97.375383	  97.37537	 97.375358	 97.375347	 97.375337	 97.375328	  97.37532	 97.375313	 97.375306	 97.375301	 97.375295	 97.375291	 97.375287	 97.375283	 97.375279	 97.375276	 97.375274	 97.375271	 97.375269	 97.375267	 97.375266	 97.375264	 97.375263	 97.375261	  97.37526	 97.375259	 97.375259	 97.375258	 97.375257	 97.375257	 97.375256	 97.375256	 97.375255	 97.375255	 97.375254	 97.375254	 97.375254	 97.375254	 97.375254	 97.375253	 97.375253	 97.375253	 97.375253	 97.375253	 97.375253	 97.375253	 97.375253	
        99	 98.933192	 98.866428	 98.799753	  98.73321	 98.666844	 98.600699	 98.534816	  98.46924	 98.404011	 98.339171	 98.274761	  98.21082	 98.147387	 98.084499	 98.022194	 97.960507	 97.899473	 97.839124	 97.779493	  97.72061	 97.662505	 97.605205	 97.548737	 97.493125	 97.438394	 97.384564	 97.331656	 97.279689	 97.228681	 97.178646	 97.129599	 97.081551	 97.034515	   96.9885	 96.943512	 96.899559	 96.856644	 96.814772	 96.773945	 96.734162	 96.695422	 96.657724	 96.621063	 96.585435	 96.550834	 96.517252	 96.484681	 96.453112	 96.422534	 96.392935	 96.364304	 96.336627	  96.30989	 96.284078	 96.259175	 96.235167	 96.212035	 96.189763	 96.168334	 96.147728	 96.127927	 96.108913	 96.090666	 96.073168	 96.056397	 96.040336	 96.024964	 96.010261	 95.996207	 95.982784	  95.96997	 95.957747	 95.946094	 95.934993	 95.924425	 95.914371	 95.904811	 95.895729	 95.887105	 95.878921	 95.871162	 95.863809	 95.856845	 95.850256	 95.844024	 95.838134	 95.832571	  95.82732	 95.822368	   95.8177	 95.813303	 95.809163	 95.805269	 95.801609	 95.798169	 95.794941	 95.791911	 95.789071	  95.78641	 95.783918	 95.781586	 95.779405	 95.777367	 95.775464	 95.773688	 95.772032	 95.770488	  95.76905	 95.767712	 95.766467	 95.765309	 95.764234	 95.763236	  95.76231	 95.761452	 95.760657	 95.759921	 95.759239	 95.758609	 95.758027	  95.75749	 95.756994	 95.756536	 95.756115	 95.755727	 95.755369	 95.755041	 95.754739	 95.754461	 95.754206	 95.753973	 95.753759	 95.753562	 95.753383	 95.753218	 95.753068	 95.752931	 95.752806	 95.752691	 95.752587	 95.752492	 95.752405	 95.752326	 95.752255	  95.75219	 95.752131	 95.752077	 95.752028	 95.751984	 95.751944	 95.751908	 95.751875	 95.751846	 95.751819	 95.751795	 95.751773	 95.751753	 95.751736	  95.75172	 95.751705	 95.751692	 95.751681	  95.75167	 95.751661	 95.751653	 95.751645	 95.751638	 95.751632	 95.751627	 95.751622	 95.751618	 95.751614	 95.751611	 95.751608	 95.751605	 95.751602	   95.7516	 95.751598	 95.751597	 95.751595	 95.751594	 95.751593	 95.751592	 95.751591	  95.75159	 95.751589	 95.751588	 95.751588	 95.751587	 95.751587	 95.751587	 95.751586	 95.751586	 95.751586	 95.751586	 95.751586	 95.751586	 95.751585	 95.751585	
        99	 98.899843	 98.799753	 98.699795	 98.600037	 98.500543	  98.40138	 98.302611	   98.2043	 98.106511	 98.009306	 97.912744	 97.816885	 97.721788	 97.627509	 97.534103	 97.441624	 97.350123	  97.25965	 97.170253	 97.081978	 96.994868	 96.908965	  96.82431	 96.740939	 96.658887	 96.578187	 96.498869	 96.420962	 96.344492	 96.269481	 96.195951	  96.12392	 96.053405	 95.984419	 95.916975	 95.851082	 95.786746	 95.723973	 95.662765	 95.603123	 95.545046	  95.48853	 95.433569	 95.380157	 95.328284	 95.277939	  95.22911	 95.181782	  95.13594	 95.091567	 95.048644	 95.007151	 94.967067	 94.928371	 94.891038	 94.855045	 94.820367	 94.786978	 94.754851	 94.723959	 94.694275	 94.665769	 94.638414	 94.612181	  94.58704	 94.562961	 94.539915	 94.517873	 94.496805	  94.47668	  94.45747	 94.439145	 94.421676	 94.405035	 94.389191	 94.374118	 94.359786	  94.34617	 94.333241	 94.320973	  94.30934	 94.298317	 94.287877	 94.277998	 94.268655	 94.259825	 94.251486	 94.243614	  94.23619	 94.229191	 94.222599	 94.216394	 94.210556	 94.205068	 94.199912	 94.195072	  94.19053	 94.186272	 94.182282	 94.178546	  94.17505	 94.171781	 94.168726	 94.165873	 94.163211	 94.160727	 94.158413	 94.156257	 94.154251	 94.152384	 94.150649	 94.149038	 94.147541	 94.146153	 94.144867	 94.143674	 94.142571	 94.141549	 94.140605	 94.139732	 94.138926	 94.138183	 94.137497	 94.136865	 94.136283	 94.135747	 94.135255	 94.134802	 94.134386	 94.134004	 94.133654	 94.133333	 94.133039	 94.132769	 94.132523	 94.132298	 94.132092	 94.131904	 94.131732	 94.131576	 94.131434	 94.131304	 94.131186	 94.131078	 94.130981	 94.130892	 94.130812	 94.130739	 94.130672	 94.130612	 94.130558	 94.130509	 94.130465	 94.130425	 94.130388	 94.130356	 94.130326	   94.1303	 94.130276	 94.130254	 94.130235	 94.130218	 94.130202	 94.130188	 94.130175	 94.130164	 94.130154	 94.130145	 94.130137	  94.13013	 94.130123	 94.130118	 94.130112	 94.130108	 94.130104	   94.1301	 94.130097	 94.130094	 94.130092	 94.130089	 94.130087	 94.130085	 94.130084	 94.130083	 94.130081	  94.13008	 94.130079	 94.130078	 94.130078	 94.130077	 94.130077	 94.130076	 94.130076	 94.130075	 94.130075	 94.130075	 94.130075	 94.130075	 94.130075	
        99	 98.866561	  98.73321	 98.600037	 98.467128	 98.334573	 98.202457	 98.070868	 97.939889	 97.809604	 97.680097	 97.551447	 97.423735	 97.297037	 97.171429	 97.046984	 96.923774	 96.801867	  96.68133	 96.562226	 96.444617	 96.328561	 96.214113	 96.101326	  95.99025	 95.880932	 95.773416	 95.667741	 95.563945	 95.462064	 95.362127	 95.264162	 95.168196	 95.074248	 94.982339	 94.892483	 94.804693	 94.718978	 94.635346	 94.553799	 94.474338	 94.396962	 94.321665	 94.248441	  94.17728	 94.108169	 94.041095	  93.97604	 93.912985	  93.85191	 93.792791	 93.735605	 93.680324	  93.62692	 93.575365	 93.525626	 93.477673	 93.431471	 93.386987	 93.344184	 93.303027	 93.263478	   93.2255	 93.189055	 93.154104	 93.120609	 93.088529	 93.057825	 93.028458	 93.000388	 92.973577	 92.947983	 92.923569	 92.900295	 92.878123	 92.857015	 92.836933	 92.817839	 92.799698	 92.782472	 92.766128	 92.750629	 92.735943	 92.722035	 92.708873	 92.696425	 92.684661	  92.67355	 92.663063	 92.653171	 92.643847	 92.635064	 92.626797	 92.619019	 92.611707	 92.604838	 92.598389	 92.592339	 92.586665	  92.58135	 92.576372	 92.571715	 92.567359	 92.563289	 92.559488	 92.555941	 92.552632	 92.549549	 92.546677	 92.544003	 92.541517	 92.539205	 92.537058	 92.535065	 92.533216	 92.531501	 92.529913	 92.528442	 92.527081	 92.525823	 92.524661	 92.523587	 92.522596	 92.521683	 92.520841	 92.520065	 92.519352	 92.518695	 92.518092	 92.517538	 92.517029	 92.516562	 92.516135	 92.515743	 92.515384	 92.515056	 92.514756	 92.514481	 92.514231	 92.514002	 92.513794	 92.513604	 92.513431	 92.513274	 92.513131	 92.513001	 92.512883	 92.512776	 92.512678	  92.51259	  92.51251	 92.512438	 92.512373	 92.512314	  92.51226	 92.512212	 92.512168	 92.512129	 92.512094	 92.512062	 92.512033	 92.512008	 92.511984	 92.511964	 92.511945	 92.511928	 92.511913	   92.5119	 92.511888	 92.511877	 92.511867	 92.511859	 92.511851	 92.511844	 92.511838	 92.511833	 92.511828	 92.511824	  92.51182	 92.511816	 92.511813	 92.511811	 92.511808	 92.511806	 92.511804	 92.511803	 92.511801	   92.5118	 92.511799	 92.511798	 92.511797	 92.511796	 92.511796	 92.511795	 92.511795	 92.511795	 92.511794	 92.511794	 92.511794	 92.511794	
        99	 98.833367	 98.666844	 98.500543	 98.334573	 98.169044	 98.004063	  97.83974	 97.676179	 97.513485	 97.351762	  97.19111	 97.031628	 96.873414	  96.71656	 96.561159	 96.407299	 96.255067	 96.104546	 95.955814	 95.808948	 95.664022	 95.521105	 95.380262	 95.241555	 95.105044	 94.970782	 94.838819	 94.709204	 94.581978	 94.457181	 94.334848	 94.215009	 94.097692	 93.982919	 93.870711	 93.761083	 93.654046	 93.549609	 93.447777	  93.34855	 93.251925	 93.157898	 93.066459	 92.977596	 92.891294	 92.807534	 92.726296	 92.647556	 92.571288	 92.497464	 92.426051	 92.357019	 92.290331	 92.225951	  92.16384	 92.103958	 92.046263	 91.990713	 91.937262	 91.885867	  91.83648	 91.789055	 91.743544	 91.699899	 91.658071	 91.618011	 91.579669	 91.542997	 91.507945	 91.474464	 91.442504	 91.412017	 91.382953	 91.355266	 91.328907	 91.303829	 91.279986	 91.257331	 91.235821	 91.215411	 91.196057	 91.177717	 91.160349	 91.143913	 91.128369	 91.113678	 91.099803	 91.086707	 91.074355	 91.062712	 91.051744	  91.04142	 91.031708	 91.022577	    91.014	 91.005946	  90.99839	 90.991306	 90.984668	 90.978452	 90.972636	 90.967197	 90.962115	 90.957368	 90.952938	 90.948807	 90.944956	  90.94137	 90.938032	 90.934926	  90.93204	 90.929359	 90.926869	  90.92456	 90.922419	 90.920436	 90.918599	   90.9169	 90.915329	 90.913877	 90.912536	 90.911299	 90.910158	 90.909107	 90.908139	 90.907247	 90.906428	 90.905674	 90.904982	 90.904347	 90.903764	  90.90323	 90.902741	 90.902293	 90.901883	 90.901508	 90.901166	 90.900853	 90.900568	 90.900307	  90.90007	 90.899854	 90.899658	 90.899479	 90.899317	 90.899169	 90.899036	 90.898914	 90.898804	 90.898704	 90.898614	 90.898532	 90.898458	 90.898392	 90.898332	 90.898277	 90.898228	 90.898184	 90.898144	 90.898109	 90.898076	 90.898047	 90.898021	 90.897998	 90.897977	 90.897959	 90.897942	 90.897927	 90.897913	 90.897901	 90.897891	 90.897881	 90.897872	 90.897865	 90.897858	 90.897852	 90.897847	 90.897842	 90.897838	 90.897834	 90.897831	 90.897828	 90.897825	 90.897823	 90.897821	 90.897819	 90.897817	 90.897816	 90.897815	 90.897814	 90.897813	 90.897812	 90.897811	 90.897811	  90.89781	  90.89781	  90.89781	  90.89781	  90.89781	
        99	 98.800283	 98.600699	  98.40138	 98.202457	 98.004063	 97.806328	 97.609379	 97.413344	 97.218349	 97.024517	 96.831969	 96.640823	 96.451196	   96.2632	 96.076945	 95.892538	 95.710081	 95.529675	 95.351413	 95.175389	 95.001689	 94.830396	  94.66159	 94.495344	 94.331729	  94.17081	 94.012648	 93.857299	 93.704813	 93.555239	 93.408617	 93.264984	 93.124375	 92.986815	 92.852329	 92.720935	 92.592647	 92.467475	 92.345424	 92.226496	 92.110688	 91.997993	 91.888399	 91.781893	 91.678456	 91.578066	 91.480699	 91.386326	 91.294915	 91.206433	 91.120843	 91.038104	 90.958176	 90.881014	 90.806571	   90.7348	  90.66565	 90.599071	 90.535008	 90.473409	 90.414217	 90.357376	 90.302829	 90.250518	 90.200386	 90.152372	 90.106418	 90.062465	 90.020454	 89.980325	 89.942019	 89.905479	 89.870645	 89.837461	 89.805868	 89.775811	 89.747234	 89.720082	 89.694301	 89.669839	 89.646642	 89.624661	 89.603845	 89.584145	 89.565515	 89.547908	 89.531278	 89.515582	 89.500777	 89.486822	 89.473677	 89.461303	 89.449663	 89.438719	 89.428439	 89.418786	  89.40973	 89.401239	 89.393283	 89.385834	 89.378863	 89.372344	 89.366252	 89.360563	 89.355254	 89.350302	 89.345687	 89.341389	 89.337388	 89.333666	 89.330206	 89.326993	 89.324009	 89.321242	 89.318676	 89.316298	 89.314097	 89.312061	 89.310178	 89.308438	 89.306831	 89.305348	 89.303981	  89.30272	  89.30156	 89.300492	 89.299509	 89.298606	 89.297777	 89.297015	 89.296317	 89.295677	  89.29509	 89.294553	 89.294062	 89.293613	 89.293202	 89.292827	 89.292486	 89.292174	  89.29189	 89.291631	 89.291395	 89.291181	 89.290987	  89.29081	 89.290649	 89.290504	 89.290372	 89.290252	 89.290144	 89.290046	 89.289958	 89.289878	 89.289806	  89.28974	 89.289682	 89.289629	 89.289581	 89.289538	   89.2895	 89.289465	 89.289434	 89.289406	 89.289381	 89.289358	 89.289338	  89.28932	 89.289304	  89.28929	 89.289277	 89.289266	 89.289255	 89.289246	 89.289238	 89.289231	 89.289224	 89.289219	 89.289214	 89.289209	 89.289205	 89.289202	 89.289198	 89.289196	 89.289193	 89.289191	 89.289189	 89.289188	 89.289186	 89.289185	 89.289184	 89.289183	 89.289182	 89.289182	 89.289181	 89.289181	  89.28918	  89.28918	  89.28918	
        99	 98.767331	 98.534816	 98.302611	 98.070868	  97.83974	 97.609379	 97.379935	 97.151555	 96.924387	 96.698574	 96.474256	 96.251573	 96.030658	 95.811644	 95.594658	 95.379825	 95.167264	 94.957092	 94.749418	 94.544351	 94.341991	 94.142436	 93.945778	 93.752103	 93.561492	 93.374023	 93.189765	 93.008783	 92.831139	 92.656885	 92.486072	 92.318741	 92.154931	 91.994675	    91.838	 91.684926	 91.535471	 91.389647	 91.247459	 91.108908	 90.973992	 90.842703	 90.715027	 90.590948	 90.470445	 90.353491	 90.240059	 90.130115	 90.023622	 89.920541	 89.820829	 89.724439	 89.631323	 89.541429	 89.454704	 89.371091	 89.290532	 89.212967	 89.138335	 89.066572	 88.997614	 88.931394	 88.867848	 88.806906	 88.748502	 88.692566	  88.63903	 88.587825	 88.538882	 88.492132	 88.447506	 88.404937	 88.364356	 88.325696	 88.288891	 88.253875	 88.220583	 88.188951	 88.158916	 88.130417	 88.103394	 88.077785	 88.053535	 88.030585	 88.008881	 87.988369	 87.968995	  87.95071	 87.933462	 87.917205	 87.901891	 87.887475	 87.873914	 87.861165	 87.849188	 87.837943	 87.827393	 87.817501	 87.808232	 87.799553	 87.791432	 87.783838	 87.776741	 87.770114	 87.763928	  87.75816	 87.752783	 87.747775	 87.743114	 87.738778	 87.734748	 87.731004	 87.727528	 87.724304	 87.721315	 87.718545	 87.715981	 87.713608	 87.711415	 87.709387	 87.707515	 87.705788	 87.704195	 87.702727	 87.701375	  87.70013	 87.698986	 87.697934	 87.696968	 87.696081	 87.695267	 87.694521	 87.693838	 87.693212	  87.69264	 87.692116	 87.691638	 87.691202	 87.690803	  87.69044	 87.690109	 87.689808	 87.689533	 87.689284	 87.689057	 87.688851	 87.688664	 87.688495	 87.688341	 87.688202	 87.688076	 87.687962	 87.687858	 87.687765	 87.687681	 87.687605	 87.687537	 87.687475	  87.68742	  87.68737	 87.687325	 87.687285	 87.687248	 87.687216	 87.687187	  87.68716	 87.687137	 87.687116	 87.687097	  87.68708	 87.687065	 87.687052	  87.68704	  87.68703	  87.68702	 87.687012	 87.687004	 87.686997	 87.686992	 87.686986	 87.686982	 87.686978	 87.686974	 87.686971	 87.686968	 87.686965	 87.686963	 87.686961	  87.68696	 87.686958	 87.686957	 87.686956	 87.686955	 87.686954	 87.686954	 87.686953	 87.686953	 87.686953	 87.686952	
        99	 98.734532	  98.46924	   98.2043	 97.939889	 97.676179	 97.413344	 97.151555	 96.890982	  96.63179	 96.374144	 96.118204	 95.864129	 95.612073	 95.362184	  95.11461	 94.869492	 94.626967	 94.387166	 94.150217	 93.916242	 93.685356	  93.45767	 93.233288	 93.012311	  92.79483	 92.580933	 92.370701	 92.164207	  91.96152	 91.762702	 91.567809	  91.37689	 91.189988	 91.007141	 90.828378	 90.653726	 90.483203	 90.316822	 90.154589	 89.996508	 89.842573	 89.692776	 89.547102	 89.405531	 89.268041	 89.134601	 89.005178	 88.879735	  88.75823	 88.640618	 88.526849	 88.416871	 88.310629	 88.208063	 88.109112	 88.013712	 87.921797	 87.833298	 87.748145	 87.666265	 87.587586	 87.512032	 87.439527	 87.369994	 87.303357	 87.239536	 87.178453	 87.120029	 87.064187	 87.010847	  86.95993	  86.91136	 86.865058	 86.820949	 86.778955	 86.739003	 86.701018	 86.664927	 86.630658	 86.598142	 86.567308	  86.53809	 86.510421	 86.484236	 86.459473	 86.436069	 86.413964	   86.3931	 86.373422	 86.354873	   86.3374	 86.320952	 86.305479	 86.290933	 86.277267	 86.264437	   86.2524	 86.241114	 86.230538	 86.220636	  86.21137	 86.202705	 86.194608	 86.187046	 86.179989	 86.173407	 86.167273	 86.161559	 86.156241	 86.151294	 86.146695	 86.142423	 86.138458	 86.134779	 86.131368	 86.128208	 86.125282	 86.122575	 86.120072	 86.117759	 86.115624	 86.113653	 86.111835	  86.11016	 86.108617	 86.107198	 86.105892	 86.104691	 86.103589	 86.102577	 86.101648	 86.100797	 86.100018	 86.099304	 86.098651	 86.098054	 86.097508	  86.09701	 86.096556	 86.096141	 86.095763	  86.09542	 86.095107	 86.094822	 86.094563	 86.094328	 86.094115	 86.093921	 86.093746	 86.093587	 86.093443	 86.093313	 86.093196	 86.093089	 86.092993	 86.092907	 86.092829	 86.092758	 86.092695	 86.092638	 86.092587	 86.092541	 86.092499	 86.092462	 86.092429	 86.092399	 86.092372	 86.092348	 86.092327	 86.092308	 86.092291	 86.092276	 86.092262	  86.09225	 86.092239	 86.092229	 86.092221	 86.092213	 86.092206	   86.0922	 86.092195	  86.09219	 86.092186	 86.092183	 86.092179	 86.092177	 86.092174	 86.092172	  86.09217	 86.092168	 86.092167	 86.092166	 86.092165	 86.092164	 86.092163	 86.092163	 86.092162	 86.092162	 86.092162	
        99	 98.701907	 98.404011	 98.106511	 97.809604	 97.513485	 97.218349	 96.924387	  96.63179	 96.340744	 96.051434	 95.764041	  95.47874	 95.195707	 94.915108	 94.637108	 94.361865	 94.089535	 93.820263	 93.554194	 93.291464	 93.032202	 92.776534	 92.524577	 92.276443	 92.032234	  91.79205	  91.55598	 91.324109	 91.096512	  90.87326	 90.654415	 90.440033	 90.230162	 90.024843	 89.824111	 89.627995	 89.436515	 89.249686	 89.067516	 88.890006	 88.717153	 88.548947	  88.38537	 88.226401	 88.072013	 87.922173	 87.776845	 87.635985	 87.499548	 87.367481	 87.239731	 87.116237	 86.996938	 86.881767	 86.770655	 86.663531	  86.56032	 86.460945	 86.365326	 86.273384	 86.185035	 86.100196	  86.01878	 85.940702	 85.865875	 85.794211	 85.725621	 85.660018	 85.597312	 85.537417	 85.480243	 85.425703	 85.373711	 85.324181	 85.277026	 85.232164	  85.18951	 85.148984	 85.110504	 85.073992	 85.039369	  85.00656	  84.97549	 84.946088	  84.91828	    84.892	 84.867179	 84.843751	 84.821654	 84.800825	 84.781205	 84.762736	 84.745361	 84.729028	 84.713683	 84.699276	 84.685759	 84.673086	 84.661211	 84.650092	 84.639687	 84.629957	 84.620865	 84.612374	 84.604449	 84.597058	  84.59017	 84.583754	 84.577782	 84.572227	 84.567063	 84.562267	 84.557814	 84.553683	 84.549853	 84.546305	 84.543019	 84.539979	 84.537169	 84.534572	 84.532173	  84.52996	 84.527919	 84.526038	 84.524306	 84.522712	 84.521245	 84.519898	  84.51866	 84.517523	 84.516481	 84.515525	  84.51465	 84.513848	 84.513115	 84.512444	 84.511832	 84.511272	 84.510762	 84.510297	 84.509873	 84.509486	 84.509135	 84.508815	 84.508525	 84.508261	 84.508021	 84.507804	 84.507607	 84.507429	 84.507267	 84.507121	 84.506989	  84.50687	 84.506762	 84.506665	 84.506577	 84.506498	 84.506427	 84.506363	 84.506305	 84.506254	 84.506207	 84.506166	 84.506128	 84.506095	 84.506065	 84.506038	 84.506014	 84.505992	 84.505973	 84.505956	 84.505941	 84.505927	 84.505915	 84.505904	 84.505894	 84.505886	 84.505878	 84.505872	 84.505866	  84.50586	 84.505856	 84.505852	 84.505848	 84.505845	 84.505842	  84.50584	 84.505837	 84.505836	 84.505834	 84.505833	 84.505831	 84.505831	  84.50583	 84.505829	 84.505829	 84.505828	 84.505828	
        99	 98.669476	 98.339171	 98.009306	 97.680097	 97.351762	 97.024517	 96.698574	 96.374144	 96.051434	 95.730649	 95.411989	  95.09565	 94.781824	 94.470698	 94.162453	 93.857266	 93.555307	 93.256741	 92.961725	 92.670411	 92.382944	 92.099461	 91.820093	 91.544963	 91.274186	 91.007871	 90.746118	 90.489021	 90.236663	 89.989123	 89.746469	 89.508763	 89.276059	 89.048403	 88.825833	 88.608381	 88.396069	 88.188914	 87.986925	 87.790104	 87.598446	 87.411939	 87.230566	 87.054302	 86.883118	 86.716977	 86.555838	 86.399653	 86.248372	 86.101938	 85.960289	  85.82336	 85.691081	 85.563381	 85.440181	 85.321402	 85.206962	 85.096776	 84.990755	  84.88881	 84.790849	  84.69678	 84.606507	 84.519935	 84.436967	 84.357506	 84.281454	 84.208713	 84.139186	 84.072774	  84.00938	 83.948907	 83.891258	 83.836339	 83.784055	 83.734312	 83.687018	 83.642082	 83.599416	 83.558931	 83.520542	 83.484163	 83.449714	 83.417112	  83.38628	  83.35714	 83.329618	 83.303642	 83.279141	 83.256046	 83.234291	 83.213813	 83.194548	 83.176437	 83.159423	 83.143449	 83.128461	 83.114409	 83.101242	 83.088914	 83.077377	 83.066589	 83.056507	 83.047092	 83.038305	 83.030111	 83.022473	 83.015359	 83.008737	 83.002578	 82.996852	 82.991534	 82.986596	 82.982016	 82.977769	 82.973835	 82.970192	 82.966822	 82.963705	 82.960826	 82.958167	 82.955713	  82.95345	 82.951364	 82.949443	 82.947676	  82.94605	 82.944555	 82.943183	 82.941923	 82.940767	 82.939707	 82.938736	 82.937848	 82.937035	 82.936291	 82.935612	 82.934992	 82.934426	  82.93391	  82.93344	 82.933011	 82.932622	 82.932267	 82.931945	 82.931652	 82.931387	 82.931146	 82.930928	  82.93073	 82.930551	 82.930389	 82.930242	  82.93011	 82.929991	 82.929883	 82.929786	 82.929698	 82.929619	 82.929548	 82.929484	 82.929427	 82.929376	 82.929329	 82.929288	 82.929251	 82.929217	 82.929188	 82.929161	 82.929137	 82.929116	 82.929097	  82.92908	 82.929065	 82.929051	 82.929039	 82.929029	 82.929019	 82.929011	 82.929003	 82.928997	 82.928991	 82.928986	 82.928981	 82.928977	 82.928974	 82.928971	 82.928968	 82.928965	 82.928963	 82.928962	  82.92896	 82.928959	 82.928958	 82.928957	 82.928956	 82.928956	 82.928955	 82.928955	
        99	  98.63726	 98.274761	 97.912744	 97.551447	  97.19111	 96.831969	 96.474256	 96.118204	 95.764041	 95.411989	 95.062269	 94.715097	 94.370683	 94.029232	 93.690943	 93.356009	 93.024619	 92.696952	 92.373181	 92.053473	 91.737987	 91.426873	 91.120275	 90.818328	 90.521159	 90.228887	 89.941622	 89.659465	  89.38251	 89.110843	 88.844537	 88.583663	 88.328277	 88.078432	 87.834168	 87.595521	 87.362515	 87.135169	 86.913493	 86.697487	 86.487148	 86.282463	 86.083412	 85.889968	 85.702098	 85.519764	 85.342918	 85.171511	 85.005485	 84.844778	 84.689322	 84.539047	 84.393876	 84.253728	  84.11852	 83.988164	  83.86257	 83.741643	 83.625289	 83.513407	 83.405899	  83.30266	 83.203588	 83.108578	 83.017523	 82.930317	 82.846853	 82.767022	 82.690718	 82.617833	  82.54826	 82.481893	 82.418626	 82.358354	 82.300973	 82.246381	 82.194478	 82.145163	 82.098338	 82.053907	 82.011775	 81.971851	 81.934044	 81.898265	 81.864427	 81.832447	 81.802243	 81.773735	 81.746846	   81.7215	 81.697625	  81.67515	 81.654008	 81.634132	 81.615459	 81.597928	  81.58148	 81.566058	 81.551608	 81.538077	 81.525416	 81.513576	 81.502512	 81.492179	 81.482536	 81.473543	  81.46516	 81.457353	 81.450086	 81.443326	 81.437043	 81.431206	 81.425787	  81.42076	   81.4161	 81.411782	 81.407784	 81.404085	 81.400665	 81.397505	 81.394586	 81.391893	  81.38941	 81.387121	 81.385013	 81.383073	 81.381289	 81.379648	 81.378142	 81.376759	  81.37549	 81.374328	 81.373262	 81.372287	 81.371395	 81.370579	 81.369833	 81.369153	 81.368532	 81.367965	 81.367449	 81.366979	 81.366552	 81.366163	 81.365809	 81.365488	 81.365196	 81.364932	 81.364692	 81.364475	 81.364279	 81.364101	  81.36394	 81.363795	 81.363664	 81.363546	 81.363439	 81.363343	 81.363256	 81.363179	 81.363109	 81.363046	 81.362989	 81.362938	 81.362893	 81.362852	 81.362816	 81.362783	 81.362754	 81.362727	 81.362704	 81.362683	 81.362665	 81.362648	 81.362633	  81.36262	 81.362608	 81.362598	 81.362589	 81.362581	 81.362573	 81.362567	 81.362561	 81.362556	 81.362552	 81.362548	 81.362545	 81.362542	 81.362539	 81.362537	 81.362535	 81.362533	 81.362532	 81.362531	  81.36253	 81.362529	 81.362528	 81.362528	 81.362528	
        99	 98.605279	  98.21082	 97.816885	 97.423735	 97.031628	 96.640823	 96.251573	 95.864129	  95.47874	  95.09565	 94.715097	 94.337316	 93.962537	 93.590981	 93.222867	 92.858404	 92.497796	  92.14124	 91.788924	 91.441029	 91.097727	 90.759184	 90.425555	 90.096987	 89.773618	 89.455577	 89.142985	 88.835952	 88.534579	  88.23896	 87.949176	 87.665301	 87.387399	 87.115526	 86.849727	 86.590039	  86.33649	   86.0891	 85.847879	  85.61283	 85.383946	 85.161215	 84.944614	 84.734115	 84.529682	 84.331271	 84.138835	 83.952315	 83.771651	 83.596775	 83.427614	 83.264089	 83.106119	 82.953615	 82.806486	 82.664637	  82.52797	 82.396382	 82.269769	 82.148024	 82.031036	 81.918696	 81.810889	 81.707503	  81.60842	 81.513525	 81.422702	 81.335833	 81.252802	 81.173491	 81.097784	 81.025565	  80.95672	 80.891134	 80.828694	  80.76929	  80.71281	 80.659147	 80.608193	 80.559845	    80.514	 80.470556	 80.429415	 80.390481	  80.35366	 80.318861	 80.285994	 80.254972	 80.225712	 80.198132	 80.172152	 80.147696	 80.124689	 80.103061	 80.082742	 80.063665	 80.045767	 80.028985	 80.013261	 79.998537	  79.98476	 79.971876	 79.959837	 79.948593	   79.9381	 79.928313	 79.919192	 79.910696	 79.902788	 79.895433	 79.888595	 79.882244	 79.876347	 79.870877	 79.865806	 79.861107	 79.856757	 79.852732	  79.84901	 79.845571	 79.842396	 79.839465	 79.836763	 79.834272	 79.831978	 79.829867	 79.827925	 79.826141	 79.824501	 79.822997	 79.821616	 79.820351	 79.819191	  79.81813	 79.817159	 79.816271	  79.81546	  79.81472	 79.814044	 79.813428	 79.812866	 79.812355	 79.811889	 79.811466	 79.811081	 79.810732	 79.810415	 79.810127	 79.809866	  79.80963	 79.809416	 79.809223	 79.809048	  79.80889	 79.808747	 79.808618	 79.808502	 79.808398	 79.808304	 79.808219	 79.808143	 79.808074	 79.808013	 79.807957	 79.807908	 79.807863	 79.807824	 79.807788	 79.807756	 79.807728	 79.807702	  79.80768	  79.80766	 79.807641	 79.807625	 79.807611	 79.807598	 79.807587	 79.807577	 79.807568	  79.80756	 79.807553	 79.807547	 79.807542	 79.807537	 79.807533	 79.807529	 79.807526	 79.807523	  79.80752	 79.807518	 79.807517	 79.807515	 79.807514	 79.807513	 79.807512	 79.807511	 79.807511	 79.807511	
        99	 98.573552	 98.147387	 97.721788	 97.297037	 96.873414	 96.451196	 96.030658	 95.612073	 95.195707	 94.781824	 94.370683	 93.962537	 93.557633	 93.156212	 92.758509	 92.364751	 91.975159	 91.589943	 91.209308	  90.83345	 90.462554	 90.096799	 89.736353	 89.381375	 89.032014	  88.68841	 88.350692	  88.01898	 87.693384	 87.374003	 87.060926	 86.754234	 86.453995	 86.160269	 85.873106	 85.592544	 85.318616	 85.051341	 84.790731	 84.536788	 84.289508	 84.048873	 83.814862	 83.587444	 83.366579	  83.15222	 82.944316	 82.742804	 82.547618	 82.358686	 82.175928	  81.99926	 81.828592	  81.66383	 81.504875	 81.351625	 81.203972	 81.061807	 80.925017	 80.793486	 80.667096	 80.545725	 80.429254	 80.317557	  80.21051	 80.107988	 80.009864	 79.916013	 79.826308	 79.740622	  79.65883	 79.580806	 79.506427	  79.43557	 79.368111	 79.303932	 79.242912	 79.184936	 79.129887	 79.077652	 79.028122	 78.981186	 78.936738	 78.894675	 78.854895	 78.817298	 78.781789	 78.748274	 78.716662	 78.686865	 78.658797	 78.632375	 78.607519	 78.584152	   78.5622	  78.54159	 78.522253	 78.504122	 78.487134	 78.471227	 78.456343	 78.442424	 78.429416	 78.417269	 78.405932	 78.395359	 78.385504	 78.376326	 78.367782	 78.359835	 78.352448	 78.345586	 78.339216	 78.333306	 78.327827	 78.322751	 78.318051	 78.313703	 78.309682	 78.305966	 78.302535	 78.299369	 78.296449	 78.293759	  78.29128	    78.289	 78.286902	 78.284974	 78.283203	 78.281577	 78.280086	 78.278718	 78.277466	 78.276319	  78.27527	 78.274311	 78.273435	 78.272635	 78.271904	 78.271239	 78.270632	 78.270079	 78.269577	 78.269119	 78.268704	 78.268326	 78.267984	 78.267673	 78.267391	 78.267136	 78.266905	 78.266696	 78.266507	 78.266336	 78.266182	 78.266043	 78.265918	 78.265805	 78.265703	 78.265611	 78.265529	 78.265455	 78.265388	 78.265329	 78.265275	 78.265227	 78.265184	 78.265146	 78.265112	 78.265081	 78.265053	 78.265029	 78.265007	 78.264988	  78.26497	 78.264955	 78.264941	 78.264929	 78.264918	 78.264908	   78.2649	 78.264892	 78.264886	  78.26488	 78.264875	  78.26487	 78.264866	 78.264862	 78.264859	 78.264857	 78.264854	 78.264853	 78.264851	  78.26485	 78.264848	 78.264848	 78.264847	 78.264847	 78.264846	
        99	 98.542098	 98.084499	 97.627509	 97.171429	  96.71656	   96.2632	 95.811644	 95.362184	 94.915108	 94.470698	 94.029232	 93.590981	 93.156212	 92.725183	 92.298146	 91.875346	 91.457017	 91.043389	 90.634679	 90.231098	 89.832845	 89.440113	 89.053081	  88.67192	 88.296791	 87.927843	 87.565216	 87.209037	 86.859425	 86.516487	 86.180319	 85.851005	 85.528621	  85.21323	 84.904886	 84.603631	 84.309498	 84.022509	 83.742677	 83.470004	 83.204484	 82.946101	  82.69483	 82.450637	 82.213481	 81.983313	 81.760073	 81.543698	 81.334116	 81.131248	  80.93501	 80.745311	 80.562055	  80.38514	 80.214461	 80.049908	 79.891365	 79.738714	 79.591834	 79.450602	 79.314889	 79.184567	 79.059504	 78.939568	 78.824626	 78.714542	 78.609181	 78.508407	 78.412086	  78.32008	 78.232255	 78.148476	 78.068611	 77.992527	 77.920093	  77.85118	  77.78566	 77.723407	 77.664298	 77.608211	 77.555027	 77.504629	 77.456903	 77.411737	 77.369023	 77.328653	 77.290525	 77.254538	 77.220594	 77.188599	 77.158461	  77.13009	 77.103401	 77.078311	 77.054739	 77.032609	 77.011846	 76.992378	 76.974137	 76.957057	 76.941074	 76.926128	 76.912161	 76.899118	 76.886945	 76.875592	 76.865011	 76.855155	 76.845982	 76.837449	 76.829517	 76.822149	 76.815308	 76.808963	  76.80308	 76.797629	 76.792582	 76.787913	 76.783596	 76.779606	 76.775922	 76.772523	 76.769387	 76.766498	 76.763837	 76.761388	 76.759136	 76.757065	 76.755163	 76.753418	 76.751816	 76.750349	 76.749004	 76.747772	 76.746646	 76.745616	 76.744675	 76.743816	 76.743032	 76.742317	 76.741666	 76.741072	 76.740532	 76.740041	 76.739595	  76.73919	 76.738822	 76.738488	 76.738186	 76.737912	 76.737664	 76.737439	 76.737236	 76.737053	 76.736887	 76.736738	 76.736604	 76.736482	 76.736373	 76.736275	 76.736186	 76.736107	 76.736035	 76.735971	 76.735914	 76.735862	 76.735816	 76.735775	 76.735738	 76.735705	 76.735676	 76.735649	 76.735626	 76.735605	 76.735586	  76.73557	 76.735555	 76.735542	  76.73553	  76.73552	 76.735511	 76.735503	 76.735495	 76.735489	 76.735484	 76.735479	 76.735474	 76.735471	 76.735467	 76.735465	 76.735462	  76.73546	 76.735458	 76.735457	 76.735456	 76.735455	 76.735454	 76.735454	 76.735453	
        99	 98.510935	 98.022194	 97.534103	 97.046984	 96.561159	 96.076945	 95.594658	  95.11461	 94.637108	 94.162453	 93.690943	 93.222867	 92.758509	 92.298146	 91.842047	 91.390473	 90.943674	 90.501896	 90.065371	 89.634324	 89.208969	 88.789509	 88.376137	 87.969036	 87.568377	  87.17432	 86.787014	 86.406595	 86.033191	 85.666913	 85.307867	 84.956142	 84.611817	 84.274963	 83.945634	 83.623877	 83.309726	 83.003206	  82.70433	   82.4131	  82.12951	 81.853542	 81.585171	 81.324359	 81.071064	 80.825231	 80.586798	 80.355698	 80.131853	 79.915179	 79.705585	 79.502976	 79.307248	 79.118294	 78.935999	 78.760247	 78.590914	 78.427874	 78.270999	 78.120155	 77.975206	 77.836014	  77.70244	 77.574342	 77.451578	 77.334002	  77.22147	 77.113839	 77.010961	 76.912694	 76.818892	 76.729412	 76.644112	  76.56285	 76.485486	 76.411883	 76.341904	 76.275414	 76.212282	 76.152378	 76.095575	 76.041747	 75.990773	 75.942534	 75.896912	 75.853795	 75.813072	 75.774636	 75.738382	  75.70421	  75.67202	 75.641719	 75.613213	 75.586416	  75.56124	 75.537604	 75.515427	 75.494635	 75.475152	  75.45691	 75.439839	 75.423876	 75.408959	 75.395028	 75.382027	 75.369901	 75.358599	 75.348073	 75.338275	 75.329162	  75.32069	  75.31282	 75.305515	 75.298737	 75.292453	 75.286632	 75.281242	 75.276255	 75.271643	 75.267382	 75.263448	 75.259817	 75.256468	 75.253382	  75.25054	 75.247925	 75.245519	 75.243308	 75.241276	 75.239412	 75.237702	 75.236134	 75.234697	 75.233382	 75.232179	 75.231079	 75.230074	 75.229157	 75.228319	 75.227556	  75.22686	 75.226226	  75.22565	 75.225125	 75.224649	 75.224216	 75.223823	 75.223466	 75.223143	  75.22285	 75.222586	 75.222346	 75.222129	 75.221933	 75.221757	 75.221597	 75.221453	 75.221324	 75.221207	 75.221102	 75.221008	 75.220923	 75.220847	 75.220778	 75.220717	 75.220662	 75.220613	 75.220569	 75.220529	 75.220494	 75.220462	 75.220434	 75.220409	 75.220387	 75.220367	 75.220349	 75.220333	 75.220319	 75.220307	 75.220296	 75.220286	 75.220278	  75.22027	 75.220263	 75.220257	 75.220252	 75.220247	 75.220243	  75.22024	 75.220237	 75.220234	 75.220232	  75.22023	 75.220229	 75.220227	 75.220226	 75.220226	 75.220225	 75.220225	
        99	 98.480081	 97.960507	 97.441624	 96.923774	 96.407299	 95.892538	 95.379825	 94.869492	 94.361865	 93.857266	 93.356009	 92.858404	 92.364751	 91.875346	 91.390473	 90.910409	 90.435424	 89.965775	 89.501711	 89.043471	 88.591281	 88.145358	 87.705908	 87.273124	 86.847189	 86.428272	 86.016532	 85.612114	 85.215152	 84.825767	 84.444069	 84.070155	 83.704108	 83.346002	 82.995897	 82.653841	 82.319872	 81.994014	 81.676283	  81.36668	 81.065199	 80.771822	 80.486519	 80.209254	 79.939979	 79.678637	 79.425162	 79.179482	 78.941515	 78.711172	 78.488356	 78.272965	 78.064889	 77.864014	 77.670219	 77.483379	 77.303363	 77.130038	 76.963266	 76.802905	 76.648812	 76.500839	 76.358838	 76.222659	 76.092149	 75.967156	 75.847526	 75.733104	 75.623736	 75.519269	  75.41955	 75.324425	 75.233743	 75.147354	  75.06511	 74.986864	  74.91247	 74.841785	 74.774671	 74.710988	   74.6506	 74.593377	 74.539187	 74.487904	 74.439405	 74.393568	 74.350276	 74.309415	 74.270874	 74.234545	 74.200325	 74.168112	 74.137808	  74.10932	 74.082556	 74.057428	 74.033853	 74.011749	 73.991037	 73.971644	 73.953496	 73.936526	 73.920668	 73.905858	 73.892036	 73.879146	 73.867131	 73.855941	 73.845525	 73.835836	  73.82683	 73.818464	 73.810697	 73.803492	 73.796812	 73.790624	 73.784894	 73.779592	  73.77469	  73.77016	 73.765977	 73.762117	 73.758557	 73.755277	 73.752255	 73.749475	 73.746917	 73.744566	 73.742407	 73.740425	 73.738607	  73.73694	 73.735413	 73.734015	 73.732736	 73.731566	 73.730498	 73.729522	 73.728632	 73.727821	 73.727081	 73.726407	 73.725794	 73.725237	  73.72473	  73.72427	 73.723852	 73.723473	  73.72313	 73.722818	 73.722537	 73.722282	 73.722052	 73.721843	 73.721656	 73.721486	 73.721333	 73.721195	 73.721071	  73.72096	 73.720859	 73.720769	 73.720688	 73.720615	  73.72055	 73.720492	 73.720439	 73.720392	 73.720351	 73.720313	  73.72028	  73.72025	 73.720223	 73.720199	 73.720178	 73.720159	 73.720143	 73.720128	 73.720114	 73.720103	 73.720092	 73.720083	 73.720075	 73.720068	 73.720062	 73.720056	 73.720051	 73.720047	 73.720043	  73.72004	 73.720037	 73.720035	 73.720033	 73.720031	  73.72003	 73.720029	 73.720028	 73.720027	 73.720027	
        99	 98.449554	 97.899473	 97.350123	 96.801867	 96.255067	 95.710081	 95.167264	 94.626967	 94.089535	 93.555307	 93.024619	 92.497796	 91.975159	 91.457017	 90.943674	 90.435424	  89.93255	 89.435325	 88.944013	 88.458867	 87.980126	 87.508021	 87.042768	 86.584573	 86.133629	 85.690115	 85.254199	 84.826036	 84.405766	 83.993519	 83.589409	  83.19354	 82.806001	 82.426868	 82.056206	 81.694066	 81.340488	 80.995497	  80.65911	 80.331329	 80.012146	 79.701543	 79.399489	 79.105944	 78.820858	 78.544171	 78.275814	 78.015709	 77.763769	 77.519901	 77.284002	 77.055964	 76.835671	 76.623002	 76.417828	 76.220017	 76.029432	  75.84593	 75.669365	 75.499589	 75.336448	 75.179787	 75.029449	 74.885274	 74.747101	 74.614768	 74.488114	 74.366973	 74.251184	 74.140584	 74.035009	 73.934299	 73.838293	 73.746832	 73.659758	 73.576917	 73.498155	 73.423321	 73.352266	 73.284843	  73.22091	 73.160327	 73.102955	 73.048661	 72.997314	 72.948786	 72.902952	 72.859692	 72.818888	 72.780426	 72.744197	 72.710092	 72.678009	 72.647848	 72.619513	  72.59291	  72.56795	 72.544548	  72.52262	 72.502088	 72.482875	 72.464909	  72.44812	  72.43244	 72.417807	 72.404159	 72.391439	 72.379592	 72.368565	 72.358307	 72.348772	 72.339915	 72.331692	 72.324064	 72.316992	  72.31044	 72.304373	  72.29876	  72.29357	 72.288774	 72.284346	 72.280259	  72.27649	 72.273017	 72.269818	 72.266874	 72.264167	 72.261678	 72.259392	 72.257293	 72.255368	 72.253604	 72.251987	 72.250507	 72.249153	 72.247915	 72.246784	 72.245751	 72.244808	 72.243949	 72.243166	 72.242453	 72.241804	 72.241213	 72.240677	  72.24019	 72.239747	 72.239346	 72.238983	 72.238653	 72.238355	 72.238085	 72.237841	 72.237621	 72.237422	 72.237242	 72.237081	 72.236935	 72.236803	 72.236685	 72.236579	 72.236483	 72.236398	 72.236321	 72.236252	  72.23619	 72.236134	 72.236085	  72.23604	 72.236001	 72.235965	 72.235934	 72.235905	  72.23588	 72.235858	 72.235838	  72.23582	 72.235804	  72.23579	 72.235778	 72.235767	 72.235757	 72.235749	 72.235741	 72.235734	 72.235728	 72.235723	 72.235719	 72.235715	 72.235711	 72.235708	 72.235706	 72.235704	 72.235702	 72.235701	   72.2357	 72.235699	 72.235698	 72.235698	
