Time step 92:
        99	        99	        99	        99	        99	        99	        99	        99	        99	        99	        99	        99	        99	        99	        99	        99	        99	        99	        99	        99	        99	        99	        99	        99	        99	        99	        99	        99	        99	        99	        99	        99	        99	        99	        99	        99	        99	        99	        99	        99	        99	        99	        99	        99	        99	        99	        99	        99	        99	        99	        99	        99	        99	        99	        99	        99	        99	        99	        99	        99	        99	        99	        99	        99	        99	        99	        99	        99	        99	        99	        99	        99	        99	        99	        99	        99	        99	        99	        99	        99	        99	        99	        99	        99	        99	        99	        99	        99	        99	        99	        99	        99	        99	        99	        99	        99	        99	        99	        99	        99	        99	        99	        99	        99	        99	        99	        99	        99	        99	        99	        99	        99	        99	        99	        99	        99	        99	        99	        99	        99	        99	        99	        99	        99	        99	        99	        99	        99	        99	        99	        99	        99	        99	        99	        99	        99	        99	        99	        99	        99	        99	        99	        99	        99	        99	        99	        99	        99	        99	        99	        99	        99	        99	        99	        99	        99	        99	        99	        99	        99	        99	        99	        99	        99	        99	        99	        99	        99	        99	        99	        99	        99	        99	        99	        99	        99	        99	        99	        99	        99	        99	        99	        99	        99	        99	        99	        99	        99	        99	        99	        99	        99	        99	        99	        99	        99	        99	        99	        99	        99	
        99	 98.993099	 98.986198	   98.9793	 98.972404	 98.965512	 98.958625	 98.951743	 98.944868	 98.938001	 98.931142	 98.924293	 98.917454	 98.910626	  98.90381	 98.897007	 98.890219	 98.883445	 98.876687	 98.869946	 98.863223	 98.856517	 98.849832	 98.843166	 98.836521	 98.829899	 98.823298	 98.816722	  98.81017	 98.803643	 98.797142	 98.790667	 98.784221	 98.777802	 98.771413	 98.765053	 98.758724	 98.752426	  98.74616	 98.739927	 98.733727	 98.727561	 98.721429	 98.715333	 98.709273	 98.703249	 98.697263	 98.691314	 98.685404	 98.679532	   98.6737	 98.667908	 98.662157	 98.656446	 98.650777	  98.64515	 98.639565	 98.634024	 98.628525	  98.62307	  98.61766	 98.612293	 98.606972	 98.601696	 98.596466	 98.591281	 98.586143	 98.581051	 98.576006	 98.571008	 98.566058	 98.561155	 98.556299	 98.551492	 98.546733	 98.542022	  98.53736	 98.532746	 98.528182	 98.523666	 98.519199	 98.514781	 98.510413	 98.506094	 98.501824	 98.497603	 98.493432	  98.48931	 98.485238	 98.481215	 98.477241	 98.473317	 98.469442	 98.465616	 98.461839	 98.458112	 98.454433	 98.450803	 98.447222	 98.443689	 98.440205	 98.436769	 98.433382	 98.430042	  98.42675	 98.423506	 98.420309	 98.417159	 98.414056	 98.411001	 98.407991	 98.405028	 98.402111	  98.39924	 98.396414	 98.393634	 98.390899	 98.388208	 98.385562	  98.38296	 98.380402	 98.377887	 98.375416	 98.372988	 98.370602	 98.368259	 98.365958	 98.363698	  98.36148	 98.359303	 98.357166	  98.35507	 98.353014	 98.350998	 98.349021	 98.347084	 98.345185	 98.343324	 98.341501	 98.339716	 98.337969	 98.336258	 98.334584	 98.332946	 98.331345	 98.329779	 98.328248	 98.326752	 98.325291	 98.323865	 98.322472	 98.321113	 98.319787	 98.318495	 98.317235	 98.316008	 98.314813	 98.313649	 98.312517	 98.311416	 98.310347	 98.309308	 98.308299	  98.30732	 98.306372	 98.305452	 98.304562	 98.303702	 98.302869	 98.302066	 98.301291	 98.300544	 98.299825	 98.299133	 98.298469	 98.297832	 98.297222	 98.296639	 98.296083	 98.295553	  98.29505	 98.294573	 98.294122	 98.293696	 98.293297	 98.292923	 98.292574	 98.292251	 98.291953	 98.291681	 98.291433	  98.29121	 98.291013	  98.29084	 98.290692	 98.290568	  98.29047	 98.290396	 98.290347	 98.290322	
        99	 98.986198	 98.972398	 98.958602	 98.944812	 98.931029	 98.917255	 98.903493	 98.889744	 98.876011	 98.862294	 98.848596	 98.834918	 98.821264	 98.807633	 98.794029	 98.780453	 98.766906	 98.753392	  98.73991	 98.726464	 98.713055	 98.699684	 98.686353	 98.673065	  98.65982	 98.646621	 98.633469	 98.620366	 98.607312	 98.594311	 98.581364	 98.568471	 98.555635	 98.542857	 98.530138	 98.517481	 98.504886	 98.492355	 98.479889	  98.46749	 98.455158	 98.442897	 98.430705	 98.418586	  98.40654	 98.394568	 98.382671	 98.370851	 98.359109	 98.347446	 98.335862	  98.32436	  98.31294	 98.301602	 98.290349	  98.27918	 98.268097	 98.257101	 98.246192	 98.235372	  98.22464	 98.213998	 98.203447	 98.192987	 98.182619	 98.172343	  98.16216	 98.152071	 98.142075	 98.132175	 98.122369	  98.11266	 98.103046	 98.093528	 98.084107	 98.074783	 98.065557	 98.056428	 98.047397	 98.038464	 98.029629	 98.020893	 98.012255	 98.003716	 97.995275	 97.986934	 97.978691	 97.970547	 97.962501	 97.954554	 97.946706	 97.938957	 97.931306	 97.923753	 97.916298	 97.908941	 97.901682	  97.89452	 97.887455	 97.880487	 97.873616	 97.866841	 97.860162	 97.853579	 97.847091	 97.840697	 97.834398	 97.828193	 97.822082	 97.816064	 97.810138	 97.804304	 97.798562	 97.792911	 97.787351	 97.781881	   97.7765	 97.771208	 97.766005	 97.760889	  97.75586	 97.750918	 97.746062	 97.741291	 97.736605	 97.732002	 97.727484	 97.723048	 97.718694	 97.714421	 97.710229	 97.706118	 97.702086	 97.698132	 97.694257	 97.690459	 97.686738	 97.683093	 97.679523	 97.676028	 97.672607	 97.669259	 97.665984	 97.662781	 97.659649	 97.656588	 97.653597	 97.650675	 97.647822	 97.645037	 97.642319	 97.639668	 97.637084	 97.634564	 97.632109	 97.629719	 97.627392	 97.625129	 97.622928	 97.620788	  97.61871	 97.616693	 97.614736	 97.612838	    97.611	  97.60922	 97.607499	 97.605835	 97.604228	 97.602678	 97.601183	 97.599745	 97.598362	 97.597034	 97.595761	 97.594541	 97.593375	 97.592263	 97.591203	 97.590197	 97.589242	  97.58834	 97.587489	  97.58669	 97.585942	 97.585245	 97.584599	 97.584004	 97.583458	 97.582963	 97.582518	 97.582123	 97.581777	 97.581481	 97.581234	 97.581037	 97.580889	 97.580791	 97.580742	
        99	   98.9793	 98.958602	  98.93791	 98.917227	 98.896555	 98.875897	 98.855256	 98.834635	 98.814037	 98.793464	  98.77292	 98.752406	 98.731926	 98.711483	 98.691079	 98.670717	   98.6504	  98.63013	  98.60991	 98.589743	 98.569631	 98.549577	 98.529584	 98.509654	 98.489789	 98.469992	 98.450266	 98.430614	 98.411036	 98.391537	 98.372117	  98.35278	 98.333528	 98.314363	 98.295288	 98.276304	 98.257414	 98.238619	 98.219922	 98.201326	 98.182831	  98.16444	 98.146156	 98.127979	 98.109911	 98.091955	 98.074112	 98.056385	 98.038773	 98.021281	 98.003908	 97.986656	 97.969527	 97.952523	 97.935645	 97.918894	 97.902272	 97.885779	 97.869418	 97.853189	 97.837093	 97.821133	 97.805307	 97.789619	 97.774068	 97.758656	 97.743384	 97.728251	  97.71326	 97.698411	 97.683705	 97.669142	 97.654723	 97.640448	 97.626318	 97.612334	 97.598496	 97.584804	 97.571259	 97.557861	 97.544611	 97.531508	 97.518552	 97.505745	 97.493086	 97.480575	 97.468211	 97.455997	  97.44393	 97.432011	  97.42024	 97.408617	 97.397142	 97.385814	 97.374633	 97.363599	 97.352711	 97.341969	 97.331374	 97.320923	 97.310617	 97.300456	 97.290439	 97.280565	 97.270834	 97.261245	 97.251798	 97.242491	 97.233325	 97.224299	 97.215411	 97.206662	  97.19805	 97.189574	 97.181235	  97.17303	  97.16496	 97.157023	 97.149219	 97.141546	 97.134004	 97.126591	 97.119308	 97.112152	 97.105124	 97.098221	 97.091444	 97.084791	  97.07826	 97.071852	 97.065566	 97.059399	 97.053351	 97.047422	  97.04161	 97.035913	 97.030332	 97.024865	 97.019511	 97.014269	 97.009138	 97.004117	 96.999205	 96.994401	 96.989704	 96.985113	 96.980627	 96.976245	 96.971966	 96.967788	 96.963712	 96.959736	 96.955859	  96.95208	 96.948399	 96.944814	 96.941324	 96.937929	 96.934628	 96.931419	 96.928302	 96.925277	 96.922341	 96.919496	 96.916738	 96.914069	 96.911487	 96.908991	 96.906581	 96.904256	 96.902015	 96.899858	 96.897784	 96.895792	 96.893882	 96.892053	 96.890304	 96.888636	 96.887047	 96.885537	 96.884106	 96.882752	 96.881477	 96.880278	 96.879156	 96.878111	 96.877142	 96.876249	 96.875431	 96.874688	  96.87402	 96.873427	 96.872909	 96.872465	 96.872095	   96.8718	 96.871578	  96.87143	 96.871356	
        99	 98.972404	 98.944812	 98.917227	 98.889653	 98.862095	 98.834556	 98.807039	 98.779549	 98.752089	 98.724663	 98.697275	 98.669928	 98.642626	 98.615372	 98.588171	 98.561026	 98.533941	 98.506919	 98.479963	 98.453078	 98.426267	 98.399533	 98.372879	  98.34631	 98.319828	 98.293436	 98.267139	  98.24094	 98.214841	 98.188845	 98.162957	 98.137179	 98.111513	 98.085964	 98.060534	 98.035226	 98.010043	 97.984988	 97.960063	 97.935272	 97.910616	 97.886099	 97.861723	 97.837491	 97.813405	 97.789468	 97.765681	 97.742048	  97.71857	  97.69525	  97.67209	 97.649091	 97.626257	 97.603588	 97.581087	 97.558756	 97.536597	  97.51461	 97.492799	 97.471163	 97.449706	 97.428428	 97.407332	 97.386417	 97.365686	  97.34514	  97.32478	 97.304607	 97.284622	 97.264826	 97.245221	 97.225807	 97.206584	 97.187554	 97.168718	 97.150075	 97.131627	 97.113374	 97.095317	 97.077456	 97.059792	 97.042324	 97.025053	 97.007979	 96.991103	 96.974424	 96.957942	 96.941659	 96.925572	 96.909683	 96.893991	 96.878496	 96.863198	 96.848096	 96.833191	 96.818481	 96.803966	 96.789647	 96.775521	 96.761589	 96.747851	 96.734305	 96.720951	 96.707787	 96.694815	 96.682031	 96.669437	 96.657031	 96.644811	 96.632778	 96.620929	 96.609265	 96.597785	 96.586486	 96.575368	 96.564431	 96.553672	 96.543091	 96.532687	 96.522458	 96.512403	 96.502522	 96.492812	 96.483273	 96.473903	 96.464701	 96.455666	 96.446796	 96.438091	 96.429548	 96.421167	 96.412946	 96.404884	  96.39698	 96.389231	 96.381637	 96.374197	 96.366909	 96.359771	 96.352783	 96.345943	 96.339249	 96.332701	 96.326297	 96.320035	 96.313914	 96.307934	 96.302092	 96.296387	 96.290818	 96.285385	 96.280084	 96.274916	 96.269878	  96.26497	 96.260191	 96.255539	 96.251013	 96.246611	 96.242334	 96.238179	 96.234145	 96.230232	 96.226439	 96.222763	 96.219204	 96.215762	 96.212435	 96.209222	 96.206123	 96.203135	 96.200259	 96.197494	 96.194839	 96.192292	 96.189854	 96.187523	 96.185299	 96.183181	 96.181168	  96.17926	 96.177455	 96.175755	 96.174157	 96.172661	 96.171268	 96.169976	 96.168785	 96.167695	 96.166705	 96.165814	 96.165024	 96.164333	 96.163741	 96.163248	 96.162854	 96.162558	 96.162361	 96.162263	
        99	 98.965512	 98.931029	 98.896555	 98.862095	 98.827655	 98.793238	 98.758849	 98.724493	 98.690175	   98.6559	 98.621671	 98.587495	 98.553374	 98.519314	  98.48532	 98.451396	 98.417546	 98.383775	 98.350088	 98.316488	 98.282981	  98.24957	  98.21626	 98.183055	  98.14996	 98.116977	 98.084113	  98.05137	 98.018753	 97.986265	 97.953912	 97.921695	 97.889621	 97.857691	  97.82591	 97.794281	 97.762809	 97.731496	 97.700347	 97.669364	 97.638551	 97.607911	 97.577447	 97.547163	 97.517062	 97.487146	 97.457419	 97.427883	 97.398542	 97.369398	 97.340454	 97.311712	 97.283175	 97.254845	 97.226725	 97.198816	 97.171123	 97.143645	 97.116386	 97.089348	 97.062532	  97.03594	 97.009575	 96.983437	 96.957528	 96.931851	 96.906406	 96.881195	 96.856219	  96.83148	 96.806978	 96.782715	 96.758692	 96.734909	 96.711368	  96.68807	 96.665015	 96.642204	 96.619637	 96.597315	 96.575239	 96.553409	 96.531824	 96.510487	 96.489396	 96.468551	 96.447954	 96.427603	 96.407499	 96.387642	 96.368031	 96.348667	 96.329548	 96.310675	 96.292046	 96.273663	 96.255523	 96.237627	 96.219974	 96.202563	 96.185393	 96.168464	 96.151775	 96.135324	 96.119112	 96.103136	 96.087396	 96.071891	  96.05662	 96.041581	 96.026774	 96.012197	 95.997849	 95.983729	 95.969835	 95.956165	  95.94272	 95.929496	 95.916494	  95.90371	 95.891144	 95.878795	  95.86666	 95.854739	 95.843029	 95.831529	 95.820238	 95.809153	 95.798273	 95.787597	 95.777123	 95.766849	 95.756773	 95.746895	 95.737211	 95.727721	 95.718422	 95.709314	 95.700394	  95.69166	 95.683112	 95.674747	 95.666563	 95.658559	 95.650734	 95.643084	  95.63561	 95.628309	  95.62118	 95.614221	 95.607429	 95.600805	 95.594346	  95.58805	 95.581917	 95.575944	  95.57013	 95.564473	 95.558973	 95.553627	 95.548435	 95.543394	 95.538503	 95.533762	 95.529168	 95.524721	 95.520419	 95.516261	 95.512246	 95.508372	 95.504639	 95.501045	 95.497589	 95.494271	 95.491088	 95.488041	 95.485128	 95.482348	 95.479701	 95.477185	 95.474801	 95.472546	  95.47042	 95.468423	 95.466555	 95.464813	 95.463198	  95.46171	 95.460347	  95.45911	 95.457998	  95.45701	 95.456146	 95.455406	  95.45479	 95.454298	 95.453928	 95.453682	 95.453559	
        99	 98.958625	 98.917255	 98.875897	 98.834556	 98.793238	 98.751947	 98.710691	 98.669475	 98.628304	 98.587184	  98.54612	 98.505118	 98.464184	 98.423322	  98.38254	 98.341841	 98.301231	 98.260717	 98.220302	 98.179993	 98.139794	 98.099711	 98.059749	 98.019913	 97.980208	  97.94064	 97.901212	 97.861931	   97.8228	 97.783825	  97.74501	  97.70636	  97.66788	 97.629574	 97.591446	 97.553502	 97.515744	 97.478179	 97.440809	 97.403638	 97.366672	 97.329913	 97.293366	 97.257034	 97.220922	 97.185032	 97.149369	 97.113935	 97.078734	  97.04377	 97.009046	 96.974564	 96.940328	 96.906341	 96.872605	 96.839124	 96.805899	 96.772935	 96.740232	 96.707794	 96.675623	 96.643721	  96.61209	 96.580733	 96.549651	 96.518846	 96.488319	 96.458074	  96.42811	  96.39843	 96.369036	 96.339927	 96.311107	 96.282575	 96.254333	 96.226382	 96.198723	 96.171357	 96.144283	 96.117504	 96.091019	 96.064829	 96.038935	 96.013336	 95.988033	 95.963026	 95.938315	 95.913901	 95.889782	 95.865959	 95.842432	   95.8192	 95.796264	 95.773622	 95.751273	 95.729219	 95.707457	 95.685987	 95.664808	  95.64392	 95.623322	 95.603012	  95.58299	 95.563254	 95.543804	 95.524638	 95.505755	 95.487154	 95.468833	 95.450791	 95.433027	 95.415539	 95.398326	 95.381385	 95.364716	 95.348318	 95.332187	 95.316323	 95.300723	 95.285387	 95.270312	 95.255497	 95.240939	 95.226636	 95.212588	 95.198792	 95.185245	 95.171947	 95.158895	 95.146087	 95.133521	 95.121195	 95.109107	 95.097256	 95.085638	 95.074253	 95.063098	  95.05217	 95.041469	 95.030991	 95.020736	   95.0107	 95.000882	  94.99128	 94.981892	 94.972715	 94.963748	 94.954989	 94.946436	 94.938087	  94.92994	 94.921993	 94.914244	 94.906691	 94.899332	 94.892167	 94.885192	 94.878406	 94.871807	 94.865393	 94.859164	 94.853116	 94.847249	 94.841561	  94.83605	 94.830715	 94.825554	 94.820566	 94.815748	 94.811101	 94.806622	 94.802311	 94.798165	 94.794183	 94.790365	  94.78671	 94.783215	  94.77988	 94.776704	 94.773686	 94.770825	  94.76812	  94.76557	 94.763175	 94.760933	 94.758843	 94.756906	 94.755121	 94.753486	 94.752001	 94.750667	 94.749482	 94.748446	 94.747558	 94.746819	 94.746228	 94.745785	  94.74549	 94.745342	
        99	 98.951743	 98.903493	 98.855256	 98.807039	 98.758849	 98.710691	 98.662574	 98.614502	 98.566483	 98.518524	 98.470631	 98.422809	 98.375067	  98.32741	 98.279844	 98.232376	 98.185012	 98.137759	 98.090623	 98.043609	 97.996725	 97.949975	 97.903367	 97.856905	 97.810597	 97.764447	 97.718462	 97.672647	 97.627008	 97.581551	  97.53628	 97.491202	 97.446322	 97.401645	 97.357176	  97.31292	 97.268883	  97.22507	 97.181484	 97.138132	 97.095017	 97.052145	 97.009519	 96.967145	 96.925026	 96.883167	 96.841572	 96.800245	  96.75919	  96.71841	 96.677911	 96.637694	 96.597764	 96.558124	 96.518777	 96.479727	 96.440977	  96.40253	 96.364388	 96.326555	 96.289033	 96.251825	 96.214934	 96.178361	 96.142109	 96.106181	 96.070577	 96.035301	 96.000354	 95.965738	 95.931454	 95.897505	 95.863891	 95.830614	 95.797675	 95.765075	 95.732815	 95.700897	 95.669321	 95.638088	 95.607198	 95.576652	 95.546451	 95.516594	 95.487083	 95.457917	 95.429096	 95.400621	 95.372491	 95.344706	 95.317266	 95.290171	 95.263419	 95.237011	 95.210946	 95.185223	 95.159842	 95.134801	   95.1101	 95.085738	 95.061713	 95.038026	 95.014673	 94.991655	  94.96897	 94.946616	 94.924593	 94.902898	  94.88153	 94.860487	 94.839769	 94.819372	 94.799296	 94.779538	 94.760097	 94.740971	 94.722157	 94.703654	 94.685461	 94.667574	 94.649991	 94.632712	 94.615732	 94.599051	 94.582666	 94.566575	 94.550776	 94.535266	 94.520043	 94.505105	 94.490449	 94.476073	 94.461975	 94.448152	 94.434603	 94.421324	 94.408313	 94.395568	 94.383087	 94.370867	 94.358906	 94.347201	  94.33575	 94.324551	 94.313601	 94.302898	  94.29244	 94.282224	 94.272248	 94.262511	 94.253008	 94.243739	 94.234701	 94.225892	  94.21731	 94.208953	 94.200818	 94.192903	 94.185207	 94.177727	 94.170461	 94.163408	 94.156565	 94.149931	 94.143503	  94.13728	 94.131261	 94.125443	 94.119825	 94.114404	 94.109181	 94.104152	 94.099316	 94.094673	  94.09022	 94.085956	  94.08188	 94.077991	 94.074287	 94.070767	  94.06743	 94.064275	 94.061301	 94.058507	 94.055892	 94.053455	 94.051196	 94.049113	 94.047206	 94.045475	 94.043919	 94.042536	 94.041328	 94.040293	 94.039431	 94.038742	 94.038225	  94.03788	 94.037708	
        99	 98.944868	 98.889744	 98.834635	 98.779549	 98.724493	 98.669475	 98.614502	 98.559582	 98.504722	 98.449931	 98.395214	  98.34058	 98.286036	 98.231589	 98.177247	 98.123016	 98.068905	  98.01492	 97.961068	 97.907357	 97.853793	 97.800383	 97.747135	 97.694054	 97.641148	 97.588424	 97.535887	 97.483545	 97.431405	 97.379471	 97.327751	 97.276251	 97.224977	 97.173935	 97.123131	  97.07257	  97.02226	 96.972204	 96.922409	  96.87288	 96.823623	 96.774643	 96.725945	 96.677534	 96.629414	 96.581592	 96.534071	 96.486856	 96.439952	 96.393363	 96.347094	 96.301147	 96.255529	 96.210241	 96.165289	 96.120676	 96.076405	 96.032481	 95.988905	 95.945682	 95.902815	 95.860306	 95.818159	 95.776376	 95.734959	 95.693912	 95.653236	 95.612935	 95.573009	 95.533461	 95.494293	 95.455507	 95.417104	 95.379086	 95.341455	 95.304211	 95.267355	  95.23089	 95.194815	 95.159132	 95.123842	 95.088944	  95.05444	  95.02033	 94.986615	 94.953294	 94.920367	 94.887835	 94.855697	 94.823954	 94.792605	 94.761649	 94.731086	 94.700916	 94.671138	  94.64175	 94.612753	 94.584145	 94.555925	 94.528092	 94.500645	 94.473582	 94.446903	 94.420606	 94.394689	 94.369151	 94.343989	 94.319204	 94.294791	 94.270751	 94.247081	 94.223778	 94.200842	 94.178269	 94.156058	 94.134207	 94.112713	 94.091575	 94.070789	 94.050354	 94.030266	 94.010525	 93.991127	 93.972069	  93.95335	 93.934967	 93.916917	 93.899197	 93.881805	 93.864739	 93.847995	 93.831571	 93.815464	 93.799672	 93.784193	 93.769022	 93.754157	 93.739597	 93.725338	 93.711377	 93.697711	 93.684339	 93.671256	 93.658462	 93.645952	 93.633724	 93.621776	 93.610105	 93.598708	 93.587583	 93.576727	 93.566138	 93.555812	 93.545748	 93.535944	 93.526395	 93.517101	 93.508059	 93.499266	 93.490721	  93.48242	 93.474362	 93.466544	 93.458965	 93.451621	 93.444512	 93.437635	 93.430988	  93.42457	 93.418377	 93.412409	 93.406664	  93.40114	 93.395835	 93.390747	 93.385876	 93.381219	 93.376776	 93.372544	 93.368523	  93.36471	 93.361106	 93.357708	 93.354516	 93.351528	 93.348745	 93.346163	 93.343784	 93.341606	 93.339628	  93.33785	  93.33627	  93.33489	 93.333707	 93.332722	 93.331935	 93.331345	 93.330951	 93.330754	
        99	 98.938001	 98.876011	 98.814037	 98.752089	 98.690175	 98.628304	 98.566483	 98.504722	 98.443029	 98.381412	  98.31988	  98.25844	 98.197102	 98.135873	 98.074762	 98.013777	 97.952925	 97.892216	 97.831656	 97.771254	 97.711018	 97.650955	 97.591074	 97.531382	 97.471886	 97.412594	 97.353513	 97.294652	 97.236016	 97.177613	 97.119451	 97.061536	 97.003875	 96.946475	 96.889343	 96.832484	 96.775907	 96.719616	 96.663618	  96.60792	 96.552528	 96.497446	 96.442682	 96.388241	 96.334128	 96.280348	 96.226908	 96.173812	 96.121066	 96.068673	  96.01664	 95.964971	 95.913669	 95.862741	  95.81219	 95.762019	 95.712234	 95.662838	 95.613835	 95.565228	 95.517021	 95.469217	  95.42182	 95.374832	 95.328256	 95.282096	 95.236354	 95.191032	 95.146133	 95.101659	 95.057613	 95.013995	 94.970809	 94.928055	 94.885736	 94.843853	 94.802406	 94.761399	 94.720831	 94.680703	 94.641016	 94.601772	  94.56297	 94.524611	 94.486696	 94.449224	 94.412196	 94.375612	 94.339471	 94.303774	  94.26852	 94.233708	 94.199338	  94.16541	 94.131922	 94.098874	 94.066265	 94.034093	 94.002358	 93.971058	 93.940192	 93.909759	 93.879757	 93.850183	 93.821038	 93.792319	 93.764023	  93.73615	 93.708697	 93.681662	 93.655044	 93.628838	 93.603045	 93.577661	 93.552683	  93.52811	 93.503939	 93.480167	 93.456792	 93.433812	 93.411222	 93.389022	 93.367207	 93.345776	 93.324725	 93.304052	 93.283753	 93.263826	 93.244268	 93.225076	 93.206246	 93.187777	 93.169664	 93.151905	 93.134497	 93.117436	  93.10072	 93.084346	 93.068311	 93.052611	 93.037243	 93.022205	 93.007493	 92.993105	 92.979037	 92.965286	  92.95185	 92.938725	 92.925908	 92.913397	 92.901189	  92.88928	 92.877669	 92.866351	 92.855325	 92.844587	 92.834136	 92.823967	 92.814079	 92.804469	 92.795134	 92.786072	 92.777281	 92.768757	   92.7605	 92.752505	 92.744771	 92.737296	 92.730078	 92.723114	 92.716403	 92.709942	  92.70373	 92.697764	 92.692043	 92.686565	 92.681328	 92.676331	 92.671572	  92.66705	 92.662762	 92.658709	 92.654888	 92.651298	 92.647939	 92.644808	 92.641905	  92.63923	  92.63678	 92.634556	 92.632556	  92.63078	 92.629228	 92.627898	  92.62679	 92.625905	 92.625241	 92.624798	 92.624577	
        99	 98.931142	 98.862294	 98.793464	 98.724663	   98.6559	 98.587184	 98.518524	 98.449931	 98.381412	 98.312979	 98.244639	 98.176403	 98.108279	 98.040276	 97.972404	 97.904672	 97.837089	 97.769663	 97.702403	 97.635319	 97.568419	 97.501712	 97.435206	  97.36891	 97.302832	 97.236981	 97.171365	 97.105991	 97.040869	 96.976005	 96.911408	 96.847086	 96.783046	 96.719296	 96.655843	 96.592695	 96.529858	  96.46734	 96.405147	 96.343288	 96.281767	 96.220592	 96.159769	 96.099305	 96.039205	 95.979477	 95.920124	 95.861155	 95.802573	 95.744384	 95.686595	 95.629209	 95.572233	  95.51567	 95.459526	 95.403806	 95.348513	 95.293652	 95.239228	 95.185243	 95.131703	 95.078611	  95.02597	 94.973784	 94.922056	 94.870789	 94.819987	 94.769651	 94.719785	 94.670391	 94.621471	 94.573028	 94.525064	 94.477581	  94.43058	 94.384063	 94.338032	 94.292488	 94.247432	 94.202865	 94.158788	 94.115202	 94.072107	 94.029505	 93.987395	 93.945778	 93.904653	 93.864022	 93.823883	 93.784236	 93.745082	 93.706419	 93.668247	 93.630565	 93.593373	 93.556669	 93.520452	 93.484721	 93.449475	 93.414713	 93.380432	 93.346632	  93.31331	 93.280466	 93.248096	   93.2162	 93.184774	 93.153817	 93.123327	 93.093301	 93.063738	 93.034634	 93.005987	 92.977794	 92.950053	 92.922762	 92.895917	 92.869515	 92.843554	 92.818031	 92.792943	 92.768286	 92.744059	 92.720257	 92.696877	 92.673916	 92.651372	 92.629241	 92.607519	 92.586203	 92.565291	 92.544778	 92.524661	 92.504938	 92.485604	 92.466656	 92.448091	 92.429905	 92.412095	 92.394658	 92.377591	 92.360889	  92.34455	 92.328569	 92.312945	 92.297673	  92.28275	 92.268173	 92.253939	 92.240044	 92.226485	 92.213259	 92.200363	 92.187794	 92.175548	 92.163622	 92.152014	  92.14072	 92.129739	 92.119065	 92.108698	 92.098633	 92.088869	 92.079403	 92.070232	 92.061352	 92.052763	 92.044461	 92.036445	 92.028711	 92.021257	 92.014081	 92.007181	 92.000556	 91.994202	 91.988117	 91.982301	 91.976752	 91.971466	 91.966443	 91.961682	  91.95718	 91.952936	  91.94895	 91.945218	 91.941741	 91.938518	 91.935546	 91.932825	 91.930355	 91.928134	 91.926161	 91.924437	  91.92296	  91.92173	 91.920747	 91.920009	 91.919518	 91.919272	
        99	 98.924293	 98.848596	  98.77292	 98.697275	 98.621671	  98.54612	 98.470631	 98.395214	  98.31988	 98.244639	 98.169502	 98.094478	 98.019577	  97.94481	 97.870187	 97.795717	 97.721411	 97.647278	 97.573328	 97.499571	 97.426017	 97.352674	 97.279553	 97.206662	 97.134011	 97.061609	 96.989466	  96.91759	 96.845989	 96.774673	 96.703651	 96.632931	 96.562521	 96.492429	 96.422664	 96.353234	 96.284147	  96.21541	 96.147031	 96.079018	 96.011378	 95.944118	 95.877245	 95.810766	 95.744688	 95.679018	 95.613762	 95.548926	 95.484517	 95.420541	 95.357002	 95.293909	 95.231265	 95.169076	 95.107347	 95.046084	 94.985291	 94.924973	 94.865135	 94.805781	 94.746915	 94.688541	 94.630664	 94.573287	 94.516413	 94.460047	 94.404191	 94.348848	 94.294022	 94.239714	 94.185929	 94.132667	 94.079932	 94.027725	 93.976049	 93.924905	 93.874295	  93.82422	 93.774682	 93.725682	 93.677221	 93.629299	 93.581918	 93.535078	 93.488779	 93.443022	 93.397807	 93.353134	 93.309002	 93.265412	 93.222363	 93.179854	 93.137885	 93.096455	 93.055563	 93.015208	 92.975388	 92.936103	 92.897351	 92.859131	  92.82144	 92.784278	 92.747642	  92.71153	 92.675941	 92.640871	  92.60632	 92.572284	 92.538761	 92.505748	 92.473244	 92.441245	 92.409748	 92.378751	 92.348251	 92.318245	 92.288729	 92.259701	 92.231158	 92.203096	 92.175512	 92.148403	 92.121765	 92.095596	  92.06989	 92.044646	 92.019859	 91.995526	 91.971644	 91.948208	 91.925215	 91.902662	 91.880544	 91.858858	 91.837601	 91.816768	 91.796357	 91.776362	 91.756781	 91.737609	 91.718844	 91.700481	 91.682516	 91.664946	 91.647768	 91.630977	  91.61457	 91.598543	 91.582892	 91.567615	 91.552708	 91.538166	 91.523987	 91.510167	 91.496703	 91.483591	 91.470829	 91.458412	 91.446337	 91.434602	 91.423204	 91.412138	 91.401403	 91.390995	 91.380911	 91.371149	 91.361705	 91.352578	 91.343763	  91.33526	 91.327065	 91.319175	 91.311589	 91.304304	 91.297318	 91.290629	 91.284234	 91.278132	 91.272321	 91.266799	 91.261564	 91.256614	 91.251948	 91.247565	 91.243462	  91.23964	 91.236095	 91.232828	 91.229837	  91.22712	 91.224678	  91.22251	 91.220614	  91.21899	 91.217638	 91.216556	 91.215746	 91.215205	 91.214935	
        99	 98.917454	 98.834918	 98.752406	 98.669928	 98.587495	 98.505118	 98.422809	  98.34058	  98.25844	 98.176403	 98.094478	 98.012676	 97.931009	 97.849488	 97.768124	 97.686927	 97.605908	 97.525078	 97.444448	 97.364028	 97.283829	 97.203861	 97.124134	 97.044658	 96.965445	 96.886502	 96.807842	 96.729472	 96.651404	 96.573646	 96.496208	 96.419099	 96.342328	 96.265905	 96.189838	 96.114136	 96.038807	 95.963861	 95.889305	 95.815148	 95.741397	 95.668061	 95.595147	 95.522663	 95.450616	 95.379013	 95.307862	 95.237169	 95.166942	 95.097186	 95.027908	 94.959114	 94.890811	 94.823004	 94.755699	 94.688902	 94.622617	  94.55685	 94.491607	 94.426891	 94.362707	  94.29906	 94.235955	 94.173394	 94.111383	 94.049925	 93.989023	 93.928681	 93.868901	 93.809688	 93.751044	 93.692971	 93.635471	 93.578549	 93.522204	  93.46644	 93.411258	  93.35666	 93.302647	  93.24922	 93.196381	  93.14413	 93.092469	 93.041398	 92.990916	 92.941026	 92.891726	 92.843017	 92.794899	 92.747371	 92.700433	 92.654084	 92.608324	 92.563151	 92.518565	 92.474564	 92.431148	 92.388314	 92.346061	 92.304388	 92.263293	 92.222773	 92.182828	 92.143454	 92.104649	 92.066411	 92.028739	 91.991628	 91.955077	 91.919082	 91.883641	 91.848751	 91.814409	 91.780612	 91.747357	  91.71464	 91.682458	 91.650808	 91.619686	 91.589089	 91.559014	 91.529456	 91.500412	 91.471878	  91.44385	 91.416325	 91.389299	 91.362768	 91.336728	 91.311175	 91.286105	 91.261515	 91.237399	 91.213754	 91.190577	 91.167862	 91.145607	 91.123806	 91.102456	 91.081552	 91.061092	  91.04107	 91.021482	 91.002325	 90.983595	 90.965287	 90.947398	 90.929923	 90.912859	 90.896202	 90.879947	 90.864092	 90.848632	 90.833564	 90.818883	 90.804587	 90.790672	 90.777133	 90.763968	 90.751173	 90.738744	 90.726679	 90.714974	 90.703626	 90.692631	 90.681987	  90.67169	 90.661738	 90.652128	 90.642856	 90.633921	 90.625318	 90.617047	 90.609104	 90.601487	 90.594193	 90.587221	 90.580568	 90.574232	 90.568211	 90.562503	 90.557106	 90.552019	 90.547239	 90.542766	 90.538598	 90.534733	 90.531171	 90.527909	 90.524948	 90.522285	 90.519921	 90.517854	 90.516083	 90.514609	  90.51343	 90.512546	 90.511956	 90.511662	
        99	 98.910626	 98.821264	 98.731926	 98.642626	 98.553374	 98.464184	 98.375067	 98.286036	 98.197102	 98.108279	 98.019577	 97.931009	 97.842587	 97.754323	 97.666229	 97.578316	 97.490595	  97.40308	  97.31578	 97.228708	 97.141875	 97.055293	 96.968971	 96.882922	 96.797156	 96.711684	 96.626517	 96.541665	 96.457139	 96.372949	 96.289106	 96.205619	 96.122498	 96.039753	 95.957394	 95.875431	 95.793871	 95.712726	 95.632003	 95.551712	 95.471861	 95.392459	 95.313513	 95.235034	 95.157027	 95.079502	 95.002466	 94.925926	 94.849889	 94.774363	 94.699355	 94.624871	 94.550919	 94.477503	 94.404631	 94.332308	 94.260541	 94.189334	 94.118694	 94.048625	 93.979132	 93.910221	 93.841895	  93.77416	  93.70702	 93.640478	 93.574538	 93.509205	 93.444481	  93.38037	 93.316875	 93.253998	 93.191743	 93.130112	 93.069107	  93.00873	 92.948984	 92.889869	 92.831389	 92.773543	 92.716333	 92.659761	 92.603826	  92.54853	 92.493873	 92.439856	 92.386479	 92.333741	 92.281642	 92.230183	 92.179363	  92.12918	 92.079634	 92.030725	 91.982451	 91.934811	 91.887803	 91.841426	 91.795679	 91.750559	 91.706064	 91.662193	 91.618943	 91.576312	 91.534298	 91.492898	 91.452109	 91.411929	 91.372354	 91.333382	  91.29501	 91.257234	 91.220051	 91.183459	 91.147453	  91.11203	 91.077186	 91.042918	 91.009222	 90.976094	 90.943531	 90.911528	 90.880081	 90.849187	 90.818841	  90.78904	 90.759778	 90.731053	 90.702859	 90.675192	 90.648049	 90.621424	 90.595313	 90.569713	 90.544618	 90.520025	 90.495928	 90.472324	 90.449208	 90.426576	 90.404423	 90.382745	 90.361537	 90.340796	 90.320516	 90.300694	 90.281325	 90.262404	 90.243929	 90.225894	 90.208295	 90.191128	  90.17439	 90.158075	  90.14218	 90.126702	 90.111635	 90.096976	 90.082722	 90.068869	 90.055413	 90.042349	 90.029676	 90.017389	 90.005485	  89.99396	 89.982812	 89.972037	 89.961631	 89.951593	 89.941918	 89.932604	 89.923649	 89.915049	 89.906802	 89.898905	 89.891356	 89.884152	 89.877292	 89.870773	 89.864593	  89.85875	 89.853242	 89.848067	 89.843224	 89.838711	 89.834526	 89.830669	 89.827138	 89.823932	 89.821049	 89.818489	 89.816251	 89.814334	 89.812737	 89.811461	 89.810504	 89.809866	 89.809547	
        99	  98.90381	 98.807633	 98.711483	 98.615372	 98.519314	 98.423322	  98.32741	 98.231589	 98.135873	 98.040276	  97.94481	 97.849488	 97.754323	 97.659328	 97.564516	 97.469898	 97.375488	 97.281299	 97.187342	  97.09363	 97.000175	  96.90699	 96.814085	 96.721474	 96.629167	 96.537177	 96.445515	 96.354193	 96.263221	 96.172611	 96.082373	  95.99252	  95.90306	 95.814005	 95.725366	 95.637151	 95.549372	 95.462039	  95.37516	 95.288746	 95.202805	 95.117348	 95.032383	 94.947918	 94.863963	 94.780526	 94.697614	 94.615237	 94.533402	 94.452117	 94.371389	 94.291225	 94.211632	 94.132618	 94.054189	 93.976351	  93.89911	 93.822473	 93.746446	 93.671034	 93.596242	 93.522075	 93.448539	 93.375639	 93.303378	 93.231762	 93.160794	 93.090478	 93.020818	 92.951818	  92.88348	 92.815809	 92.748806	 92.682475	 92.616818	 92.551837	 92.487534	 92.423912	 92.360971	 92.298714	 92.237142	 92.176255	 92.116055	 92.056542	 91.997717	 91.939581	 91.882133	 91.825373	 91.769302	 91.713918	 91.659222	 91.605212	 91.551889	 91.499249	 91.447294	 91.396021	 91.345428	 91.295515	 91.246278	 91.197717	  91.14983	 91.102613	 91.056065	 91.010183	 90.964965	 90.920407	 90.876508	 90.833263	 90.790671	 90.748727	 90.707428	 90.666772	 90.626754	 90.587371	 90.548619	 90.510494	 90.472993	 90.436112	 90.399846	 90.364192	 90.329146	 90.294702	 90.260857	 90.227607	 90.194947	 90.162873	  90.13138	 90.100464	  90.07012	 90.040344	  90.01113	 89.982475	 89.954373	 89.926821	 89.899812	 89.873343	 89.847409	 89.822005	 89.797126	 89.772768	 89.748926	 89.725594	 89.702769	 89.680446	  89.65862	 89.637286	  89.61644	 89.596077	 89.576192	 89.556782	 89.537841	 89.519365	  89.50135	 89.483791	 89.466684	 89.450025	  89.43381	 89.418033	 89.402692	 89.387782	   89.3733	  89.35924	 89.345601	 89.332377	 89.319565	 89.307161	 89.295163	 89.283566	 89.272367	 89.261563	  89.25115	 89.241126	 89.231488	 89.222232	 89.213356	 89.204857	 89.196732	 89.188979	 89.181596	  89.17458	 89.167928	 89.161639	 89.155711	 89.150142	 89.144929	 89.140072	 89.135569	 89.131418	 89.127617	 89.124166	 89.121063	 89.118308	 89.115899	 89.113836	 89.112118	 89.110744	 89.109714	 89.109027	 89.108684	
        99	 98.897007	 98.794029	 98.691079	 98.588171	  98.48532	  98.38254	 98.279844	 98.177247	 98.074762	 97.972404	 97.870187	 97.768124	 97.666229	 97.564516	 97.462998	 97.361689	 97.260603	 97.159752	  97.05915	 96.958811	 96.858747	 96.758971	 96.659497	 96.560336	 96.461502	 96.363006	 96.264862	 96.167081	 96.069675	 95.972657	 95.876038	  95.77983	 95.684044	 95.588691	 95.493783	  95.39933	 95.305343	 95.211833	 95.118811	 95.026285	 94.934267	 94.842766	 94.751792	 94.661354	 94.571461	 94.482123	 94.393349	 94.305146	 94.217524	  94.13049	 94.044052	 93.958219	 93.872998	 93.788396	  93.70442	 93.621077	 93.538374	 93.456318	 93.374913	 93.294168	 93.214087	 93.134675	 93.055939	 92.977883	 92.900512	 92.823831	 92.747844	 92.672555	 92.597969	 92.524089	 92.450919	 92.378462	 92.306721	 92.235698	 92.165398	 92.095821	 92.026971	  91.95885	 91.891458	 91.824798	 91.758871	 91.693678	 91.629221	 91.565499	 91.502514	 91.440266	 91.378756	 91.317982	 91.257945	 91.198645	  91.14008	 91.082251	 91.025156	 90.968795	 90.913165	 90.858266	 90.804095	 90.750652	 90.697934	 90.645938	 90.594664	 90.544108	 90.494268	 90.445142	 90.396726	 90.349017	 90.302013	  90.25571	 90.210105	 90.165195	 90.120976	 90.077444	 90.034596	 89.992428	 89.950935	 89.910115	 89.869962	 89.830472	 89.791642	 89.753466	 89.715941	 89.679061	 89.642823	 89.607222	 89.572252	  89.53791	  89.50419	 89.471087	 89.438597	 89.406715	 89.375435	 89.344754	 89.314665	 89.285164	 89.256245	 89.227904	 89.200136	 89.172935	 89.146297	 89.120216	 89.094688	 89.069706	 89.045267	 89.021365	 88.997995	 88.975153	 88.952832	 88.931029	 88.909739	 88.888955	 88.868675	 88.848893	 88.829603	 88.810803	 88.792486	 88.774649	 88.757286	 88.740394	 88.723968	 88.708004	 88.692497	 88.677444	 88.662839	  88.64868	 88.634962	 88.621682	 88.608835	 88.596417	 88.584426	 88.572858	 88.561709	 88.550977	 88.540656	 88.530746	 88.521242	 88.512142	 88.503443	 88.495142	 88.487236	 88.479724	 88.472602	 88.465868	 88.459521	 88.453558	 88.447977	 88.442776	 88.437954	 88.433509	  88.42944	 88.425745	 88.422423	 88.419473	 88.416894	 88.414685	 88.412845	 88.411374	 88.410271	 88.409536	 88.409168	
        99	 98.890219	 98.780453	 98.670717	 98.561026	 98.451396	 98.341841	 98.232376	 98.123016	 98.013777	 97.904672	 97.795717	 97.686927	 97.578316	 97.469898	 97.361689	 97.253703	 97.145953	 97.038455	 96.931223	  96.82427	  96.71761	 96.611258	 96.505227	  96.39953	 96.294181	 96.189193	  96.08458	 95.980354	 95.876528	 95.773115	 95.670128	 95.567578	 95.465478	 95.363841	 95.262677	 95.161998	 95.061816	 94.962143	 94.862989	 94.764365	 94.666281	 94.568749	 94.471779	  94.37538	 94.279562	 94.184336	 94.089709	 93.995693	 93.902295	 93.809524	  93.71739	 93.625899	  93.53506	 93.444882	 93.355371	 93.266535	 93.178381	 93.090915	 93.004146	 92.918078	 92.832718	 92.748072	 92.664146	 92.580945	 92.498475	 92.416739	 92.335744	 92.255493	  92.17599	 92.097241	 92.019248	 91.942015	 91.865545	 91.789841	 91.714907	 91.640745	 91.567356	 91.494744	 91.422911	 91.351857	 91.281584	 91.212095	 91.143389	 91.075467	 91.008331	  90.94198	 90.876415	 90.811635	 90.747641	 90.684432	 90.622008	 90.560367	 90.499509	 90.439432	 90.380135	 90.321617	 90.263876	  90.20691	 90.150717	 90.095295	 90.040641	 89.986753	 89.933628	 89.881263	 89.829656	 89.778803	   89.7287	 89.679345	 89.630735	 89.582864	 89.535731	 89.489329	 89.443657	 89.398709	 89.354482	 89.310971	 89.268171	 89.226079	 89.184689	 89.143997	 89.103998	 89.064688	 89.026061	 88.988113	 88.950839	 88.914233	  88.87829	 88.843005	 88.808374	  88.77439	 88.741049	 88.708345	 88.676273	 88.644827	 88.614003	 88.583794	 88.554195	 88.525202	 88.496808	 88.469008	 88.441796	 88.415168	 88.389118	 88.363641	 88.338731	 88.314382	 88.290591	 88.267351	 88.244657	 88.222504	 88.200886	   88.1798	  88.15924	   88.1392	 88.119676	 88.100663	 88.082156	  88.06415	 88.046642	 88.029625	 88.013096	 87.997051	 87.981484	 87.966391	 87.951769	 87.937613	 87.923919	 87.910683	 87.897902	 87.885571	 87.873688	 87.862247	 87.851247	 87.840683	 87.830553	 87.820853	 87.811581	 87.802732	 87.794306	 87.786298	 87.778707	 87.771529	 87.764764	 87.758407	 87.752459	 87.746915	 87.741775	 87.737038	   87.7327	 87.728761	  87.72522	 87.722076	 87.719327	 87.716972	 87.715011	 87.713443	 87.712267	 87.711484	 87.711092	
        99	 98.883445	 98.766906	   98.6504	 98.533941	 98.417546	 98.301231	 98.185012	 98.068905	 97.952925	 97.837089	 97.721411	 97.605908	 97.490595	 97.375488	 97.260603	 97.145953	 97.031556	 96.917425	 96.803576	 96.690024	 96.576783	 96.463869	 96.351295	 96.239077	 96.127228	 96.015762	 95.904694	 95.794037	 95.683805	 95.574011	 95.464669	 95.355792	 95.247393	 95.139484	 95.032078	 94.925187	 94.818824	 94.713001	 94.607729	 94.503019	 94.398884	 94.295334	  94.19238	 94.090033	 93.988304	 93.887201	 93.786737	 93.686919	 93.587759	 93.489264	 93.391444	 93.294308	 93.197865	 93.102122	 93.007088	 92.912771	 92.819178	 92.726316	 92.634192	 92.542814	 92.452187	 92.362319	 92.273214	 92.184879	  92.09732	 92.010542	 91.924548	 91.839346	 91.754938	  91.67133	 91.588524	 91.506526	 91.425338	 91.344963	 91.265405	 91.186667	  91.10875	 91.031658	 90.955392	 90.879954	 90.805346	 90.731569	 90.658623	 90.586511	 90.515232	 90.444787	 90.375176	   90.3064	 90.238457	 90.171348	 90.105072	 90.039628	 89.975015	 89.911231	 89.848276	 89.786147	 89.724844	 89.664363	 89.604703	 89.545861	 89.487834	 89.430621	 89.374218	 89.318623	 89.263831	  89.20984	 89.156646	 89.104246	 89.052636	 89.001812	  88.95177	 88.902506	 88.854015	 88.806294	 88.759338	 88.713142	 88.667702	 88.623012	 88.579069	 88.535866	 88.493399	 88.451664	 88.410654	 88.370364	 88.330789	 88.291925	 88.253764	 88.216303	 88.179534	 88.143454	 88.108055	 88.073334	 88.039282	 88.005897	  87.97317	 87.941097	 87.909672	  87.87889	 87.848744	 87.819229	 87.790338	 87.762067	  87.73441	 87.707361	 87.680913	 87.655063	 87.629803	 87.605129	 87.581035	 87.557515	 87.534564	 87.512177	 87.490347	 87.469071	 87.448342	 87.428156	 87.408508	 87.389391	 87.370802	 87.352736	 87.335187	 87.318151	 87.301624	   87.2856	 87.270076	 87.255046	 87.240507	 87.226455	 87.212885	 87.199793	 87.187177	  87.17503	 87.163351	 87.152136	 87.141381	 87.131082	 87.121237	 87.111843	 87.102897	 87.094395	 87.086335	 87.078715	 87.071532	 87.064783	 87.058467	 87.052582	 87.047125	 87.042095	  87.03749	 87.033308	 87.029549	  87.02621	 87.023291	 87.020791	 87.018709	 87.017044	 87.015796	 87.014964	 87.014549	
