Time step 38:
        99	        99	        99	        99	        99	        99	        99	        99	        99	        99	        99	        99	        99	        99	        99	        99	        99	        99	        99	        99	        99	        99	        99	        99	        99	        99	        99	        99	        99	        99	        99	        99	        99	        99	        99	        99	        99	        99	        99	        99	        99	        99	        99	        99	        99	        99	        99	        99	        99	        99	        99	        99	        99	        99	        99	        99	        99	        99	        99	        99	        99	        99	        99	        99	        99	        99	        99	        99	        99	        99	        99	        99	        99	        99	        99	        99	        99	        99	        99	        99	        99	        99	        99	        99	        99	        99	        99	        99	        99	        99	        99	        99	        99	        99	        99	        99	        99	        99	        99	        99	        99	        99	        99	        99	        99	        99	        99	        99	        99	        99	        99	        99	        99	        99	        99	        99	        99	        99	        99	        99	        99	        99	        99	        99	        99	        99	        99	        99	        99	        99	        99	        99	        99	        99	        99	        99	        99	        99	        99	        99	        99	        99	        99	        99	        99	        99	        99	        99	        99	        99	        99	        99	        99	        99	        99	        99	        99	        99	        99	        99	        99	        99	        99	        99	        99	        99	        99	        99	        99	        99	        99	        99	        99	        99	        99	        99	        99	        99	        99	        99	        99	        99	        99	        99	        99	        99	        99	        99	        99	        99	        99	        99	        99	        99	        99	        99	        99	        99	        99	        99	
        99	 98.983291	 98.966587	 98.949895	 98.933219	 98.916566	  98.89994	 98.883347	 98.866793	 98.850282	 98.833821	 98.817415	 98.801068	 98.784787	 98.768575	 98.752439	 98.736384	 98.720413	 98.704532	 98.688746	 98.673059	 98.657476	 98.642002	  98.62664	 98.611395	 98.596272	 98.581273	 98.566404	 98.551667	 98.537067	 98.522606	 98.508289	 98.494119	 98.480099	 98.466232	  98.45252	 98.438967	 98.425575	 98.412347	 98.399285	 98.386391	 98.373667	 98.361115	 98.348738	 98.336535	  98.32451	 98.312664	 98.300997	 98.289511	 98.278207	 98.267085	 98.256146	 98.245392	 98.234821	 98.224435	 98.214234	 98.204217	 98.194385	 98.184738	 98.175275	 98.165995	 98.156899	 98.147985	 98.139253	 98.130701	  98.12233	 98.114138	 98.106123	 98.098284	 98.090621	 98.083132	 98.075814	 98.068668	  98.06169	 98.054879	 98.048234	 98.041752	 98.035432	 98.029272	 98.023269	 98.017422	 98.011728	 98.006185	 98.000791	 97.995544	 97.990442	 97.985481	  97.98066	 97.975977	 97.971428	 97.967013	 97.962727	 97.958568	 97.954535	 97.950625	 97.946835	 97.943162	 97.939605	 97.936161	 97.932827	 97.929601	  97.92648	 97.923463	 97.920546	 97.917727	 97.915003	 97.912373	 97.909835	 97.907384	  97.90502	 97.902741	 97.900543	 97.898424	 97.896383	 97.894417	 97.892525	 97.890703	  97.88895	 97.887264	 97.885642	 97.884084	 97.882586	 97.881148	 97.879766	  97.87844	 97.877168	 97.875947	 97.874776	 97.873654	 97.872578	 97.871548	 97.870561	 97.869616	 97.868712	 97.867846	 97.867019	 97.866228	 97.865471	 97.864749	 97.864059	   97.8634	 97.862771	  97.86217	 97.861598	 97.861052	 97.860531	 97.860036	 97.859563	 97.859113	 97.858685	 97.858278	  97.85789	 97.857522	 97.857172	 97.856839	 97.856523	 97.856222	 97.855938	 97.855667	 97.855411	 97.855168	 97.854938	  97.85472	 97.854513	 97.854318	 97.854133	 97.853958	 97.853793	 97.853638	  97.85349	 97.853352	 97.853221	 97.853098	 97.852982	 97.852873	  97.85277	 97.852674	 97.852584	   97.8525	 97.852421	 97.852347	 97.852279	 97.852215	 97.852156	 97.852101	 97.852051	 97.852004	 97.851962	 97.851923	 97.851888	 97.851856	 97.851828	 97.851803	 97.851782	 97.851764	 97.851749	 97.851737	 97.851728	 97.851722	 97.851719	
        99	 98.966587	 98.933186	 98.899807	 98.866461	 98.833159	 98.799913	 98.766733	  98.73363	 98.700614	 98.667698	  98.63489	 98.602203	 98.569645	 98.537228	 98.504961	 98.472855	 98.440918	 98.409162	 98.377595	 98.346227	 98.315067	 98.284123	 98.253404	  98.22292	 98.192678	 98.162685	 98.132951	 98.103483	 98.074287	 98.045371	 98.016742	 97.988407	 97.960371	 97.932641	 97.905222	 97.878121	 97.851341	 97.824889	 97.798769	 97.772985	 97.747542	 97.722443	 97.697691	 97.673291	 97.649245	 97.625556	 97.602226	 97.579258	 97.556653	 97.534413	  97.51254	 97.491034	 97.469896	 97.449128	 97.428729	 97.408699	 97.389038	 97.369747	 97.350823	 97.332267	 97.314077	 97.296253	 97.278791	 97.261692	 97.244952	 97.228569	 97.212542	 97.196868	 97.181545	 97.166568	 97.151936	 97.137645	 97.123691	 97.110072	 97.096784	 97.083823	 97.071185	 97.058866	 97.046863	  97.03517	 97.023784	 97.012701	 97.001915	 96.991423	 96.981219	   96.9713	  96.96166	 96.952294	 96.943199	 96.934368	 96.925798	 96.917483	 96.909418	 96.901599	  96.89402	 96.886676	 96.879563	 96.872676	 96.866009	 96.859558	 96.853317	 96.847283	  96.84145	 96.835813	 96.830367	 96.825108	 96.820031	 96.815132	 96.810405	 96.805846	 96.801451	 96.797214	 96.793133	 96.789202	 96.785417	 96.781774	 96.778269	 96.774897	 96.771655	 96.768539	 96.765544	 96.762667	 96.759905	 96.757253	 96.754709	 96.752268	 96.749926	 96.747682	 96.745531	 96.743471	 96.741497	 96.739608	 96.737799	 96.736069	 96.734414	 96.732832	  96.73132	 96.729875	 96.728495	 96.727177	 96.725919	 96.724719	 96.723574	 96.722482	 96.721441	  96.72045	 96.719505	 96.718606	  96.71775	 96.716935	  96.71616	 96.715423	 96.714723	 96.714057	 96.713425	 96.712825	 96.712255	 96.711715	 96.711202	 96.710716	 96.710256	  96.70982	 96.709407	 96.709016	 96.708647	 96.708298	 96.707968	 96.707656	 96.707362	 96.707084	 96.706823	 96.706576	 96.706345	 96.706127	 96.705922	  96.70573	  96.70555	 96.705381	 96.705223	 96.705076	 96.704939	 96.704811	 96.704693	 96.704583	 96.704482	  96.70439	 96.704305	 96.704227	 96.704157	 96.704094	 96.704038	 96.703988	 96.703945	 96.703909	 96.703879	 96.703855	 96.703837	 96.703825	 96.703819	
        99	 98.949895	 98.899807	 98.849752	 98.799747	 98.749808	 98.699952	 98.650196	 98.600555	 98.551046	 98.501685	 98.452487	 98.403469	 98.354646	 98.306034	 98.257647	 98.209501	  98.16161	 98.113989	 98.066651	 98.019612	 97.972884	 97.926481	 97.880417	 97.834703	 97.789352	 97.744376	 97.699787	 97.655596	 97.611815	 97.568453	 97.525522	  97.48303	 97.440988	 97.399404	 97.358288	 97.317647	 97.277489	 97.237822	 97.198653	 97.159987	 97.121833	 97.084195	 97.047078	 97.010488	 96.974429	 96.938905	  96.90392	 96.869477	 96.835579	 96.802228	 96.769427	 96.737177	  96.70548	 96.674336	 96.643746	 96.613709	 96.584227	 96.555297	  96.52692	 96.499093	 96.471816	 96.445086	 96.418901	 96.393259	 96.368156	  96.34359	 96.319556	 96.296051	 96.273072	 96.250613	 96.228671	  96.20724	 96.186316	 96.165893	 96.145966	  96.12653	 96.107578	 96.089105	 96.071105	 96.053571	 96.036497	 96.019876	 96.003702	 95.987968	 95.972667	 95.957792	 95.943336	 95.929291	 95.915652	  95.90241	 95.889558	 95.877089	 95.864995	 95.853269	 95.841904	 95.830891	 95.820225	 95.809897	 95.799899	 95.790225	 95.780867	 95.771818	 95.763071	 95.754618	 95.746452	 95.738565	 95.730952	 95.723605	 95.716516	  95.70968	 95.703089	 95.696736	 95.690616	 95.684721	 95.679045	 95.673582	 95.668326	 95.663269	 95.658408	 95.653734	 95.649244	  95.64493	 95.640788	 95.636811	 95.632995	 95.629335	 95.625824	 95.622458	 95.619233	 95.616143	 95.613183	  95.61035	 95.607638	 95.605043	 95.602562	 95.600189	 95.597921	 95.595755	 95.593685	 95.591709	 95.589823	 95.588023	 95.586306	 95.584669	 95.583108	 95.581621	 95.580205	 95.578856	 95.577572	 95.576351	 95.575188	 95.574083	 95.573033	 95.572035	 95.571087	 95.570187	 95.569333	 95.568522	 95.567754	 95.567025	 95.566335	 95.565681	 95.565062	 95.564476	 95.563922	 95.563398	 95.562903	 95.562436	 95.561994	 95.561578	 95.561186	 95.560817	 95.560469	 95.560142	 95.559835	 95.559547	 95.559277	 95.559024	 95.558788	 95.558567	 95.558361	  95.55817	 95.557992	 95.557828	 95.557677	 95.557537	  95.55741	 95.557294	 95.557189	 95.557094	  95.55701	 95.556936	 95.556872	 95.556817	 95.556771	 95.556735	 95.556708	 95.556691	 95.556682	
        99	 98.933219	 98.866461	 98.799747	 98.733099	  98.66654	 98.600092	 98.533775	 98.467613	 98.401627	 98.335837	 98.270266	 98.204934	 98.139862	  98.07507	 98.010579	 97.946409	 97.882579	 97.819109	 97.756017	 97.693322	 97.631043	 97.569196	   97.5078	 97.446872	 97.386427	 97.326483	 97.267054	 97.208156	 97.149803	  97.09201	  97.03479	 96.978157	 96.922123	 96.866699	 96.811898	 96.757731	 96.704208	 96.651339	 96.599134	   96.5476	 96.496747	 96.446582	 96.397113	 96.348345	 96.300285	 96.252938	 96.206309	 96.160403	 96.115223	 96.070773	 96.027055	 95.984072	 95.941825	 95.900316	 95.859544	 95.819512	 95.780217	 95.741659	 95.703837	  95.66675	 95.630394	 95.594768	 95.559869	 95.525692	 95.492234	 95.459492	 95.427459	 95.396132	 95.365504	 95.335571	 95.306326	 95.277763	 95.249874	 95.222655	 95.196096	 95.170191	 95.144932	 95.120311	 95.096319	  95.07295	 95.050193	 95.028041	 95.006483	 94.985513	 94.965119	 94.945294	 94.926026	 94.907308	 94.889129	  94.87148	 94.854351	 94.837731	 94.821613	 94.805984	 94.790836	 94.776159	 94.761942	 94.748177	 94.734852	 94.721958	 94.709486	 94.697425	 94.685767	   94.6745	 94.663616	 94.653105	 94.642958	 94.633165	 94.623717	 94.614606	 94.605821	 94.597354	 94.589197	  94.58134	 94.573775	 94.566494	 94.559488	 94.552749	  94.54627	 94.540041	 94.534056	 94.528306	 94.522785	 94.517486	   94.5124	  94.50752	 94.502841	 94.498356	 94.494057	 94.489938	 94.485994	 94.482217	 94.478603	 94.475145	 94.471837	 94.468675	 94.465653	 94.462765	 94.460006	 94.457372	 94.454858	 94.452459	 94.450171	 94.447989	 94.445909	 94.443927	 94.442039	 94.440242	 94.438531	 94.436902	 94.435354	 94.433881	 94.432481	 94.431151	 94.429887	 94.428688	 94.427549	 94.426469	 94.425445	 94.424473	 94.423553	 94.422682	 94.421857	 94.421076	 94.420337	 94.419639	 94.418979	 94.418356	 94.417768	 94.417214	 94.416691	 94.416199	 94.415736	   94.4153	 94.414891	 94.414507	 94.414147	 94.413809	 94.413494	   94.4132	 94.412926	 94.412671	 94.412434	 94.412216	 94.412014	 94.411828	 94.411658	 94.411503	 94.411363	 94.411237	 94.411125	 94.411026	 94.410941	 94.410868	 94.410807	 94.410759	 94.410723	 94.410699	 94.410687	
        99	 98.916566	 98.833159	 98.749808	  98.66654	 98.583383	 98.500363	 98.417509	 98.334848	 98.252406	  98.17021	 98.088286	 98.006662	 97.925363	 97.844414	  97.76384	 97.683667	  97.60392	 97.524621	 97.445796	 97.367466	 97.289656	 97.212386	 97.135679	 97.059556	 96.984038	 96.909145	 96.834896	  96.76131	 96.688405	   96.6162	 96.544711	 96.473954	 96.403946	 96.334702	 96.266235	  96.19856	 96.131689	 96.065636	 96.000411	 95.936027	 95.872492	 95.809817	 95.748011	 95.687081	 95.627036	 95.567882	 95.509625	 95.452271	 95.395824	 95.340289	 95.285669	 95.231967	 95.179185	 95.127324	 95.076385	 95.026369	 94.977275	 94.929101	 94.881848	 94.835511	  94.79009	 94.745579	 94.701977	 94.659277	 94.617476	 94.576568	 94.536547	 94.497407	 94.459142	 94.421744	 94.385206	  94.34952	 94.314677	 94.280669	 94.247487	 94.215122	 94.183564	 94.152803	 94.122829	 94.093631	 94.065199	 94.037523	  94.01059	 93.984389	  93.95891	  93.93414	 93.910068	 93.886682	  93.86397	 93.841919	 93.820518	 93.799755	 93.779616	  93.76009	 93.741165	 93.722827	 93.705065	 93.687867	 93.671219	  93.65511	 93.639528	 93.624459	 93.609893	 93.595817	 93.582219	 93.569087	 93.556409	 93.544174	  93.53237	 93.520986	 93.510011	 93.499433	 93.489241	 93.479425	 93.469974	 93.460877	 93.452124	 93.443704	 93.435609	 93.427827	 93.420349	 93.413166	 93.406268	 93.399647	 93.393292	 93.387196	  93.38135	 93.375746	 93.370375	 93.365229	 93.360301	 93.355583	 93.351068	 93.346747	 93.342615	 93.338664	 93.334888	 93.331279	 93.327833	 93.324542	 93.321401	 93.318404	 93.315545	 93.312819	 93.310221	 93.307745	 93.305386	  93.30314	 93.301002	 93.298968	 93.297033	 93.295193	 93.293444	 93.291782	 93.290203	 93.288705	 93.287282	 93.285933	 93.284653	 93.283439	  93.28229	 93.281201	  93.28017	 93.279194	 93.278272	 93.277399	 93.276575	 93.275797	 93.275062	 93.274369	 93.273716	 93.273101	 93.272523	 93.271978	 93.271467	 93.270987	 93.270537	 93.270116	 93.269722	 93.269355	 93.269012	 93.268694	 93.268398	 93.268125	 93.267872	  93.26764	 93.267428	 93.267235	  93.26706	 93.266902	 93.266762	 93.266639	 93.266532	  93.26644	 93.266365	 93.266305	  93.26626	  93.26623	 93.266215	
        99	  98.89994	 98.799913	 98.699952	 98.600092	 98.500363	 98.400801	 98.301436	 98.202303	 98.103432	 98.004857	 97.906609	  97.80872	 97.711219	  97.61414	  97.51751	 97.421362	 97.325723	 97.230622	 97.136089	 97.042151	 96.948835	 96.856168	 96.764176	 96.672884	 96.582317	   96.4925	 96.403455	 96.315206	 96.227774	  96.14118	 96.055445	 95.970589	  95.88663	 95.803587	 95.721477	 95.640316	 95.560121	 95.480905	 95.402683	 95.325468	 95.249273	 95.174109	 95.099986	 95.026915	 94.954905	 94.883963	 94.814097	 94.745314	 94.677619	 94.611018	 94.545514	  94.48111	  94.41781	 94.355615	 94.294526	 94.234543	 94.175665	 94.117893	 94.061223	 94.005653	  93.95118	   93.8978	 93.845509	   93.7943	  93.74417	  93.69511	 93.647114	 93.600175	 93.554285	 93.509435	 93.465615	 93.422818	 93.381032	 93.340247	 93.300453	 93.261639	 93.223792	 93.186901	 93.150954	 93.115938	 93.081841	 93.048649	 93.016349	 92.984928	 92.954371	 92.924666	 92.895797	  92.86775	 92.840512	 92.814068	 92.788402	 92.763501	 92.739349	 92.715933	 92.693236	 92.671244	 92.649943	 92.629317	 92.609352	 92.590033	 92.571346	 92.553275	 92.535806	 92.518924	 92.502616	 92.486868	 92.471664	 92.456991	 92.442835	 92.429183	  92.41602	 92.403334	 92.391112	  92.37934	 92.368005	 92.357095	 92.346598	 92.336501	 92.326792	 92.317459	 92.308491	 92.299877	 92.291604	 92.283663	 92.276043	 92.268732	 92.261721	    92.255	 92.248559	 92.242388	 92.236478	 92.230819	 92.225404	 92.220223	 92.215267	 92.210529	    92.206	 92.201673	 92.197539	 92.193593	 92.189826	 92.186232	 92.182803	 92.179534	 92.176417	 92.173448	 92.170619	 92.167926	 92.165362	 92.162922	 92.160602	 92.158395	 92.156297	 92.154304	 92.152411	 92.150614	 92.148908	 92.147289	 92.145755	 92.144299	 92.142921	 92.141615	 92.140378	 92.139209	 92.138102	 92.137056	 92.136067	 92.135134	 92.134253	 92.133422	 92.132639	 92.131901	 92.131207	 92.130554	 92.129941	 92.129366	 92.128826	 92.128321	 92.127849	 92.127408	 92.126997	 92.126615	 92.126261	 92.125933	  92.12563	 92.125352	 92.125098	 92.124866	 92.124656	 92.124467	 92.124299	 92.124151	 92.124022	 92.123913	 92.123823	 92.123751	 92.123697	 92.123661	 92.123643	
        99	 98.883347	 98.766733	 98.650196	 98.533775	 98.417509	 98.301436	 98.185594	 98.070022	 97.954756	 97.839834	 97.725294	 97.611171	 97.497503	 97.384324	 97.271671	 97.159578	  97.04808	 96.937209	 96.826999	 96.717484	 96.608693	 96.500659	 96.393412	 96.286982	 96.181397	 96.076685	 95.972874	  95.86999	 95.768059	 95.667106	 95.567154	 95.468226	 95.370345	 95.273531	 95.177804	 95.083185	  94.98969	 94.897338	 94.806145	 94.716126	 94.627295	 94.539667	 94.453252	 94.368064	 94.284112	 94.201406	 94.119955	 94.039766	 93.960845	 93.883199	 93.806833	 93.731749	 93.657952	 93.585443	 93.514224	 93.444294	 93.375653	   93.3083	 93.242233	 93.177448	 93.113942	  93.05171	 92.990747	 92.931047	 92.872603	 92.815407	 92.759453	  92.70473	  92.65123	 92.598942	 92.547856	 92.497962	 92.449246	 92.401699	 92.355306	 92.310054	 92.265932	 92.222923	 92.181015	 92.140193	 92.100441	 92.061745	 92.024089	 91.987457	 91.951833	 91.917202	 91.883546	 91.850848	 91.819093	 91.788263	 91.758342	 91.729311	 91.701155	 91.673855	 91.647394	 91.621756	 91.596922	 91.572876	   91.5496	 91.527078	 91.505291	 91.484223	 91.463857	 91.444177	 91.425165	 91.406804	 91.389079	 91.371973	  91.35547	 91.339553	 91.324208	 91.309419	 91.295169	 91.281445	 91.268231	 91.255512	 91.243273	 91.231502	 91.220183	 91.209303	 91.198848	 91.188805	 91.179161	 91.169903	 91.161018	 91.152496	 91.144322	 91.136487	 91.128977	 91.121783	 91.114893	 91.108296	 91.101982	 91.095942	 91.090164	  91.08464	  91.07936	 91.074316	 91.069497	 91.064896	 91.060505	 91.056314	 91.052317	 91.048506	 91.044872	 91.041411	 91.038113	 91.034973	 91.031984	 91.029139	 91.026434	 91.023861	 91.021416	 91.019092	 91.016885	  91.01479	 91.012801	 91.010914	 91.009125	 91.007428	 91.005821	 91.004299	 91.002857	 91.001493	 91.000203	 90.998984	 90.997831	 90.996743	 90.995716	 90.994747	 90.993834	 90.992974	 90.992165	 90.991404	 90.990689	 90.990018	 90.989389	   90.9888	  90.98825	 90.987736	 90.987257	 90.986812	 90.986399	 90.986016	 90.985663	 90.985339	 90.985042	 90.984772	 90.984527	 90.984307	 90.984111	 90.983939	 90.983789	 90.983662	 90.983556	 90.983472	 90.983409	 90.983368	 90.983347	
        99	 98.866793	  98.73363	 98.600555	 98.467613	 98.334848	 98.202303	 98.070022	 97.938048	 97.806425	 97.675194	   97.5444	 97.414082	 97.284283	 97.155043	 97.026403	 96.898403	 96.771082	 96.644477	 96.518628	 96.393571	 96.269342	 96.145977	  96.02351	 95.901976	 95.781407	 95.661836	 95.543293	 95.425809	 95.309413	 95.194133	 95.079997	  94.96703	 94.855258	 94.744706	 94.635395	 94.527347	 94.420585	 94.315127	 94.210993	 94.108199	 94.006763	 93.906699	 93.808021	 93.710744	 93.614878	 93.520436	 93.427425	 93.335856	 93.245736	 93.157072	 93.069868	 92.984129	  92.89986	 92.817061	 92.735734	 92.655881	 92.577499	 92.500588	 92.425145	 92.351167	 92.278648	 92.207585	 92.137971	 92.069799	 92.003061	 91.937749	 91.873854	 91.811365	 91.750272	 91.690565	 91.632229	 91.575254	 91.519626	 91.465331	 91.412354	 91.360681	 91.310297	 91.261185	  91.21333	 91.166714	 91.121321	 91.077134	 91.034134	 90.992304	 90.951625	 90.912078	 90.873646	 90.836309	 90.800047	 90.764842	 90.730674	 90.697524	 90.665372	 90.634198	 90.603982	 90.574705	 90.546348	 90.518889	  90.49231	 90.466592	 90.441713	 90.417656	   90.3944	 90.371926	 90.350216	  90.32925	 90.309009	 90.289476	 90.270631	 90.252456	 90.234933	 90.218044	 90.201773	 90.186101	 90.171011	 90.156487	 90.142513	 90.129071	 90.116145	 90.103721	 90.091782	 90.080314	 90.069302	  90.05873	 90.048585	 90.038852	 90.029519	 90.020571	 90.011996	 90.003781	 89.995913	  89.98838	 89.981171	 89.974273	 89.967676	 89.961368	 89.955339	 89.949578	 89.944076	 89.938822	 89.933807	 89.929022	 89.924457	 89.920105	 89.915956	 89.912003	 89.908238	 89.904652	 89.901239	 89.897991	 89.894901	 89.891964	 89.889171	 89.886518	 89.883998	 89.881605	 89.879334	 89.877179	 89.875136	 89.873199	 89.871363	 89.869625	 89.867979	 89.866421	 89.864948	 89.863555	  89.86224	 89.860997	 89.859824	 89.858718	 89.857675	 89.856693	 89.855769	   89.8549	 89.854084	 89.853318	   89.8526	 89.851927	 89.851299	 89.850712	 89.850165	 89.849656	 89.849184	 89.848748	 89.848345	 89.847975	 89.847636	 89.847327	 89.847048	 89.846796	 89.846573	 89.846376	 89.846205	 89.846059	 89.845939	 89.845843	 89.845771	 89.845723	   89.8457	
        99	 98.850282	 98.700614	 98.551046	 98.401627	 98.252406	 98.103432	 97.954756	 97.806425	 97.658487	 97.510992	 97.363986	 97.217516	 97.071629	  96.92637	 96.781786	 96.637921	 96.494819	 96.352523	 96.211075	 96.070518	 95.930891	 95.792236	  95.65459	 95.517992	  95.38248	 95.248088	 95.114853	 94.982807	 94.851984	 94.722416	 94.594133	 94.467165	  94.34154	 94.217284	 94.094425	 93.972986	 93.852991	 93.734462	 93.617421	 93.501886	 93.387877	 93.275411	 93.164503	 93.055169	 92.947421	 92.841273	 92.736734	 92.633816	 92.532526	 92.432872	 92.334859	 92.238494	 92.143779	 92.050718	 91.959312	 91.869561	 91.781464	  91.69502	 91.610227	 91.527079	 91.445572	 91.365701	 91.287459	 91.210837	 91.135827	  91.06242	 90.990606	 90.920372	 90.851707	 90.784599	 90.719033	 90.654996	 90.592473	 90.531448	 90.471905	 90.413828	 90.357199	    90.302	 90.248213	  90.19582	 90.144801	 90.095137	 90.046807	 89.999792	 89.954071	 89.909623	 89.866428	 89.824462	 89.783707	 89.744138	 89.705735	 89.668476	 89.632339	 89.597301	  89.56334	 89.530435	 89.498562	 89.467701	 89.437827	 89.408921	 89.380959	  89.35392	 89.327781	 89.302522	 89.278121	 89.254556	 89.231807	 89.209853	 89.188672	 89.168244	 89.148549	 89.129568	 89.111279	 89.093665	 89.076705	 89.060381	 89.044674	 89.029566	 89.015039	 89.001075	 88.987656	 88.974767	 88.962389	 88.950507	 88.939104	 88.928166	 88.917676	 88.907619	 88.897981	 88.888747	 88.879904	 88.871438	 88.863335	 88.855582	 88.848167	 88.841077	 88.834301	 88.827826	 88.821642	 88.815737	   88.8101	 88.804722	 88.799592	   88.7947	 88.790037	 88.785594	 88.781362	 88.777332	 88.773495	 88.769845	 88.766373	 88.763071	 88.759932	  88.75695	 88.754118	 88.751428	 88.748876	 88.746454	 88.744157	  88.74198	 88.739917	 88.737963	 88.736113	 88.734363	 88.732707	 88.731142	 88.729663	 88.728266	 88.726948	 88.725705	 88.724533	 88.723429	  88.72239	 88.721414	 88.720496	 88.719635	 88.718828	 88.718072	 88.717366	 88.716706	 88.716091	  88.71552	 88.714989	 88.714499	 88.714046	  88.71363	 88.713249	 88.712902	 88.712588	 88.712305	 88.712054	 88.711832	  88.71164	 88.711477	 88.711341	 88.711233	 88.711153	 88.711099	 88.711073	
        99	 98.833821	 98.667698	 98.501685	 98.335837	  98.17021	 98.004857	 97.839834	 97.675194	 97.510992	  97.34728	  97.18411	 97.021536	  96.85961	 96.698381	   96.5379	 96.378217	 96.219381	  96.06144	  95.90444	 95.748429	 95.593451	 95.439551	 95.286771	 95.135155	 94.984743	 94.835576	 94.687691	 94.541128	 94.395922	 94.252108	 94.109721	 93.968793	 93.829355	 93.691438	 93.555071	  93.42028	 93.287092	 93.155531	 93.025621	 92.897384	  92.77084	 92.646008	 92.522906	 92.401551	 92.281957	 92.164138	 92.048106	 91.933872	 91.821445	 91.710834	 91.602046	 91.495085	 91.389957	 91.286664	 91.185208	 91.085589	 90.987806	 90.891858	 90.797742	 90.705452	 90.614984	 90.526331	 90.439486	  90.35444	 90.271184	 90.189706	 90.109995	 90.032039	 89.955825	 89.881338	 89.808564	 89.737487	 89.668089	 89.600355	 89.534265	 89.469802	 89.406947	 89.345679	 89.285979	 89.227825	 89.171196	 89.116072	 89.062428	 89.010244	 88.959497	 88.910162	 88.862217	 88.815638	 88.770401	 88.726482	 88.683857	 88.642501	 88.602391	   88.5635	 88.525806	 88.489283	 88.453906	 88.419651	 88.386493	 88.354409	 88.323372	  88.29336	 88.264348	 88.236312	 88.209228	 88.183072	 88.157822	 88.133453	 88.109943	  88.08727	  88.06541	 88.044341	 88.024042	 88.004491	 87.985667	 87.967548	 87.950114	 87.933345	  87.91722	 87.901721	 87.886827	  87.87252	 87.858782	 87.845593	 87.832937	 87.820796	 87.809152	  87.79799	 87.787292	 87.777044	 87.767228	 87.757831	 87.748837	 87.740232	 87.732001	 87.724132	 87.716611	 87.709424	  87.70256	 87.696006	 87.689749	  87.68378	 87.678086	 87.672656	 87.667481	 87.662549	 87.657851	 87.653378	  87.64912	 87.645068	 87.641214	 87.637549	 87.634065	 87.630755	 87.627611	 87.624626	 87.621793	 87.619105	 87.616556	  87.61414	  87.61185	 87.609681	 87.607628	 87.605685	 87.603847	 87.602109	 87.600468	 87.598917	 87.597454	 87.596075	 87.594774	 87.593549	 87.592396	 87.591312	 87.590294	 87.589338	 87.588442	 87.587603	 87.586819	 87.586087	 87.585404	  87.58477	 87.584181	 87.583637	 87.583134	 87.582672	 87.582249	 87.581864	 87.581515	 87.581202	 87.580923	 87.580677	 87.580464	 87.580282	 87.580132	 87.580012	 87.579923	 87.579863	 87.579834	
        99	 98.817415	  98.63489	 98.452487	 98.270266	 98.088286	 97.906609	 97.725294	   97.5444	 97.363986	  97.18411	 97.004832	 96.826207	 96.648294	 96.471147	 96.294823	 96.119375	 95.944857	 95.771323	 95.598823	 95.427409	 95.257131	 95.088036	 94.920173	 94.753588	 94.588327	 94.424432	 94.261947	 94.100914	 93.941372	  93.78336	 93.626915	 93.472073	 93.318869	 93.167336	 93.017506	 92.869407	  92.72307	 92.578521	 92.435785	 92.294887	  92.15585	 92.018694	 91.883438	 91.750102	   91.6187	 91.489249	 91.361762	  91.23625	 91.112723	 90.991192	 90.871663	 90.754143	 90.638636	 90.525145	 90.413672	 90.304218	 90.196781	 90.091361	 89.987952	 89.886551	 89.787151	 89.689746	 89.594327	 89.500884	 89.409408	 89.319886	 89.232306	 89.146654	 89.062915	 88.981075	 88.901115	  88.82302	 88.746772	  88.67235	 88.599736	 88.528908	 88.459847	 88.392531	 88.326936	 88.263041	 88.200822	 88.140255	 88.081315	 88.023979	 87.968221	 87.914016	 87.861337	  87.81016	 87.760457	 87.712202	 87.665368	  87.61993	 87.575859	 87.533129	 87.491713	 87.451584	 87.412715	 87.375078	 87.338647	 87.303394	 87.269294	 87.236319	 87.204442	 87.173638	  87.14388	 87.115142	 87.087399	 87.060625	 87.034794	 87.009882	 86.985863	 86.962715	 86.940412	  86.91893	 86.898247	  86.87834	 86.859185	  86.84076	 86.823043	 86.806014	  86.78965	  86.77393	 86.758835	 86.744345	 86.730439	 86.717099	 86.704306	 86.692042	 86.680288	 86.669027	 86.658243	 86.647918	 86.638036	 86.628581	 86.619538	 86.610892	 86.602628	 86.594732	  86.58719	 86.579989	 86.573115	 86.566556	   86.5603	 86.554334	 86.548648	 86.543229	 86.538068	 86.533153	 86.528474	 86.524022	 86.519788	 86.515761	 86.511933	 86.508297	 86.504842	 86.501563	  86.49845	 86.495496	 86.492695	  86.49004	 86.487524	 86.485142	 86.482885	 86.480751	 86.478731	 86.476822	 86.475019	 86.473315	 86.471708	 86.470192	 86.468763	 86.467417	  86.46615	 86.464959	  86.46384	  86.46279	 86.461806	 86.460884	 86.460022	 86.459218	 86.458468	 86.457771	 86.457124	 86.456526	 86.455974	 86.455466	 86.455002	 86.454579	 86.454195	 86.453851	 86.453544	 86.453274	  86.45304	  86.45284	 86.452675	 86.452544	 86.452446	  86.45238	 86.452348	
        99	 98.801068	 98.602203	 98.403469	 98.204934	 98.006662	  97.80872	 97.611171	 97.414082	 97.217516	 97.021536	 96.826207	 96.631591	 96.437749	 96.244743	 96.052632	 95.861477	 95.671335	 95.482264	 95.294321	 95.107561	 94.922037	 94.737804	 94.554912	 94.373413	 94.193356	 94.014788	 93.837757	 93.662306	  93.48848	 93.316322	 93.145871	 92.977166	 92.810246	 92.645147	 92.481902	 92.320544	 92.161106	 92.003615	 91.848101	 91.694589	 91.543103	 91.393668	 91.246303	 91.101029	 90.957864	 90.816823	 90.677922	 90.541173	 90.406587	 90.274176	 90.143946	 90.015904	 89.890055	 89.766404	 89.644951	 89.525697	 89.408642	 89.293783	 89.181117	 89.070638	 88.962339	 88.856213	 88.752251	 88.650443	 88.550777	  88.45324	 88.357819	 88.264498	 88.173263	 88.084095	 87.996977	 87.911891	 87.828815	 87.747731	 87.668615	 87.591447	 87.516203	  87.44286	 87.371393	 87.301777	 87.233988	 87.167998	 87.103782	 87.041313	 86.980563	 86.921504	  86.86411	  86.80835	 86.754197	 86.701622	 86.650596	 86.601089	 86.553073	 86.506518	 86.461394	 86.417672	 86.375323	 86.334316	 86.294623	 86.256215	 86.219061	 86.183134	 86.148404	 86.114842	  86.08242	 86.051109	 86.020882	  85.99171	 85.963567	 85.936424	 85.910256	 85.885035	 85.860735	  85.83733	 85.814796	 85.793106	 85.772236	 85.752161	 85.732859	 85.714304	 85.696475	 85.679349	 85.662902	 85.647114	 85.631964	  85.61743	 85.603491	 85.590129	 85.577323	 85.565054	 85.553304	 85.542055	 85.531288	 85.520987	 85.511134	 85.501714	  85.49271	 85.484107	  85.47589	 85.468044	 85.460555	 85.453409	 85.446592	 85.440092	 85.433897	 85.427993	  85.42237	 85.417015	 85.411917	 85.407067	 85.402453	 85.398066	 85.393896	 85.389933	  85.38617	 85.382596	 85.379205	 85.375987	 85.372935	 85.370042	 85.367301	 85.364705	 85.362247	 85.359921	 85.357721	 85.355641	 85.353676	  85.35182	 85.350069	 85.348417	  85.34686	 85.345394	 85.344013	 85.342716	 85.341497	 85.340352	  85.33928	 85.338276	 85.337337	  85.33646	 85.335644	 85.334884	  85.33418	 85.333528	 85.332926	 85.332373	 85.331867	 85.331406	 85.330988	 85.330613	 85.330279	 85.329985	 85.329729	 85.329512	 85.329332	 85.329189	 85.329082	 85.329011	 85.328975	
        99	 98.784787	 98.569645	 98.354646	 98.139862	 97.925363	 97.711219	 97.497503	 97.284283	 97.071629	  96.85961	 96.648294	 96.437749	 96.228042	 96.019239	 95.811406	 95.604605	 95.398901	 95.194356	  94.99103	 94.788985	 94.588277	 94.388965	 94.191105	 93.994751	 93.799957	 93.606775	 93.415254	 93.225444	 93.037391	 92.851142	 92.666741	 92.484229	 92.303647	 92.125035	 91.948429	 91.773866	 91.601378	 91.430998	 91.262755	 91.096679	 90.932795	 90.771129	 90.611704	  90.45454	 90.299657	 90.147073	 89.996803	 89.848862	 89.703261	 89.560012	 89.419124	 89.280602	 89.144454	 89.010682	 88.879289	 88.750275	  88.62364	  88.49938	 88.377493	 88.257971	 88.140809	 88.025997	 87.913527	 87.803386	 87.695562	 87.590043	 87.486812	 87.385854	 87.287151	 87.190685	 87.096437	 87.004387	 86.914512	 86.826791	 86.741201	 86.657717	 86.576315	 86.496968	 86.419652	 86.344339	 86.271001	 86.199611	 86.130139	 86.062557	 85.996835	 85.932943	  85.87085	 85.810527	 85.751942	 85.695064	 85.639862	 85.586303	 85.534357	 85.483991	 85.435174	 85.387874	 85.342059	 85.297696	 85.254755	 85.213203	 85.173008	 85.134141	 85.096568	 85.060259	 85.025183	  84.99131	 84.958609	  84.92705	 84.896603	 84.867239	 84.838929	 84.811643	 84.785355	 84.760035	 84.735656	  84.71219	 84.689612	 84.667895	 84.647013	  84.62694	 84.607651	 84.589123	  84.57133	 84.554251	  84.53786	 84.522136	 84.507057	 84.492601	 84.478747	 84.465474	 84.452762	 84.440592	 84.428944	   84.4178	 84.407141	  84.39695	 84.387209	 84.377902	 84.369012	 84.360524	 84.352422	 84.344691	 84.337317	 84.330285	 84.323582	 84.317195	 84.311111	 84.305318	 84.299804	 84.294556	 84.289565	 84.284819	 84.280307	  84.27602	 84.271949	 84.268083	 84.264414	 84.260933	 84.257631	 84.254502	 84.251536	 84.248727	 84.246068	 84.243552	 84.241172	 84.238922	 84.236796	 84.234788	 84.232893	 84.231106	 84.229422	 84.227835	 84.226342	 84.224938	 84.223619	 84.222382	 84.221221	 84.220135	 84.219119	 84.218171	 84.217288	 84.216466	 84.215704	 84.214998	 84.214347	 84.213749	 84.213202	 84.212703	 84.212251	 84.211845	 84.211484	 84.211165	 84.210889	 84.210654	 84.210459	 84.210304	 84.210189	 84.210112	 84.210073	
        99	 98.768575	 98.537228	 98.306034	  98.07507	 97.844414	  97.61414	 97.384324	 97.155043	  96.92637	 96.698381	 96.471147	 96.244743	 96.019239	 95.794708	 95.571219	 95.348841	 95.127642	 94.907689	 94.689047	 94.471782	 94.255956	  94.04163	 93.828866	 93.617722	 93.408254	  93.20052	 92.994572	 92.790464	 92.588247	 92.387968	 92.189676	 91.993416	 91.799232	 91.607165	 91.417257	 91.229544	 91.044063	 90.860848	 90.679933	 90.501346	 90.325118	 90.151274	 89.979839	 89.810837	 89.644287	 89.480209	  89.31862	 89.159535	 89.002967	 88.848928	 88.697426	  88.54847	 88.402066	 88.258218	 88.116927	 87.978195	 87.842021	 87.708401	 87.577332	 87.448808	  87.32282	  87.19936	 87.078417	  86.95998	 86.844034	 86.730566	 86.619559	 86.510996	 86.404859	 86.301127	 86.199779	 86.100795	  86.00415	 85.909821	 85.817784	 85.728011	 85.640477	 85.555154	 85.472014	 85.391027	 85.312165	 85.235397	 85.160692	 85.088019	 85.017347	 84.948642	 84.881872	 84.817005	 84.754007	 84.692845	 84.633484	 84.575891	 84.520032	 84.465873	 84.413378	 84.362515	 84.313249	 84.265544	 84.219368	 84.174686	 84.131464	 84.089669	 84.049266	 84.010222	 83.972504	 83.936079	 83.900915	 83.866978	 83.834238	 83.802662	 83.772219	 83.742879	  83.71461	 83.687382	 83.661167	 83.635934	 83.611655	 83.588302	 83.565847	 83.544262	 83.523521	 83.503596	 83.484464	 83.466097	 83.448472	 83.431564	 83.415349	 83.399804	 83.384906	 83.370633	 83.356964	 83.343877	 83.331352	 83.319368	 83.307906	 83.296948	 83.286473	 83.276465	 83.266906	 83.257778	 83.249066	 83.240752	 83.232822	 83.225261	 83.218053	 83.211185	 83.204643	 83.198414	 83.192484	 83.186841	 83.181474	  83.17637	 83.171519	 83.166909	 83.162531	 83.158373	 83.154428	 83.150685	 83.147135	 83.143769	  83.14058	  83.13756	 83.134701	 83.131995	 83.129435	 83.127016	  83.12473	 83.122571	 83.120533	 83.118612	   83.1168	 83.115094	 83.113489	 83.111979	 83.110561	  83.10923	 83.107982	 83.106814	 83.105722	 83.104702	 83.103752	 83.102868	 83.102049	  83.10129	  83.10059	 83.099947	 83.099358	 83.098822	 83.098336	   83.0979	 83.097511	 83.097169	 83.096872	 83.096619	 83.096409	 83.096243	 83.096118	 83.096035	 83.095994	
        99	 98.752439	 98.504961	 98.257647	 98.010579	  97.76384	  97.51751	 97.271671	 97.026403	 96.781786	   96.5379	 96.294823	 96.052632	 95.811406	 95.571219	 95.332147	 95.094263	 94.857641	 94.622352	 94.388466	 94.156052	 93.925177	 93.695908	 93.468308	 93.242442	 93.018369	 92.796151	 92.575843	 92.357504	 92.141186	 91.926943	 91.714826	 91.504881	 91.297158	 91.091699	 90.888549	 90.687748	 90.489334	 90.293345	 90.099815	 89.908777	 89.720261	 89.534296	 89.350908	 89.170122	 88.991959	 88.816441	 88.643585	 88.473408	 88.305923	 88.141143	 87.979078	 87.819737	 87.663124	 87.509246	 87.358104	 87.209699	  87.06403	 86.921094	 86.780886	   86.6434	 86.508627	 86.376559	 86.247184	 86.120488	 85.996459	 85.875079	 85.756332	 85.640199	 85.526661	 85.415696	 85.307283	 85.201396	 85.098013	 84.997108	 84.898652	  84.80262	 84.708983	 84.617711	 84.528774	  84.44214	  84.35778	 84.275659	 84.195745	 84.118005	 84.042405	  83.96891	 83.897485	 83.828095	 83.760704	 83.695277	 83.631778	 83.570169	 83.510415	 83.452479	 83.396325	 83.341915	 83.289213	 83.238183	 83.188787	  83.14099	 83.094754	 83.050044	 83.006824	 82.965058	  82.92471	 82.885746	 82.848129	 82.811827	 82.776804	 82.743026	 82.710461	 82.679074	 82.648834	 82.619709	 82.591665	 82.564673	 82.538702	  82.51372	 82.489699	 82.466609	 82.444421	 82.423108	 82.402642	 82.382994	  82.36414	 82.346053	 82.328708	 82.312079	 82.296142	 82.280874	 82.266252	 82.252253	 82.238854	 82.226035	 82.213774	 82.202051	 82.190846	  82.18014	 82.169914	  82.16015	  82.15083	 82.141937	 82.133454	 82.125366	 82.117656	 82.110309	  82.10331	 82.096646	 82.090303	 82.084267	 82.078525	 82.073066	 82.067876	 82.062945	 82.058262	 82.053815	 82.049594	  82.04559	 82.041792	 82.038192	 82.034781	  82.03155	 82.028491	 82.025596	 82.022859	  82.02027	 82.017825	 82.015515	 82.013336	  82.01128	 82.009343	 82.007518	   82.0058	 82.004185	 82.002668	 82.001244	 81.999909	  81.99866	 81.997491	 81.996401	 81.995384	 81.994439	 81.993562	 81.992751	 81.992002	 81.991314	 81.990684	 81.990111	 81.989591	 81.989124	 81.988708	 81.988342	 81.988024	 81.987754	  81.98753	 81.987352	 81.987219	  81.98713	 81.987086	
        99	 98.736384	 98.472855	 98.209501	 97.946409	 97.683667	 97.421362	 97.159578	 96.898403	 96.637921	 96.378217	 96.119375	 95.861477	 95.604605	 95.348841	 95.094263	 94.840951	 94.588983	 94.338434	 94.089379	 93.841891	 93.596043	 93.351904	 93.109543	 92.869028	 92.630423	 92.393792	 92.159196	 91.926696	 91.696349	 91.468211	 91.242336	 91.018776	  90.79758	 90.578796	  90.36247	 90.148646	 89.937364	 89.728664	 89.522582	 89.319154	 89.118411	 88.920385	 88.725103	 88.532592	 88.342875	 88.155973	 87.971906	 87.790692	 87.612345	 87.436878	 87.264302	 87.094626	 86.927856	 86.763998	 86.603053	 86.445024	 86.289907	   86.1377	 85.988399	 85.841996	 85.698483	 85.557849	 85.420083	 85.285171	 85.153097	 85.023845	 84.897396	 84.773732	  84.65283	 84.534668	 84.419223	  84.30647	 84.196382	 84.088931	 83.984091	 83.881831	  83.78212	 83.684929	 83.590223	 83.497971	 83.408139	 83.320692	 83.235596	 83.152814	  83.07231	 82.994048	 82.917991	 82.844101	  82.77234	 82.702669	 82.635051	 82.569447	 82.505818	 82.444124	 82.384328	 82.326389	  82.27027	  82.21593	  82.16333	 82.112433	 82.063199	 82.015589	 81.969566	 81.925091	 81.882126	 81.840634	 81.800579	 81.761922	 81.724627	 81.688659	 81.653981	 81.620559	 81.588358	 81.557343	 81.527481	 81.498739	 81.471082	 81.444481	 81.418902	 81.394314	 81.370688	 81.347992	 81.326198	 81.305277	   81.2852	 81.265939	 81.247469	 81.229762	 81.212791	 81.196533	 81.180963	 81.166055	 81.151788	 81.138137	 81.125081	 81.112598	 81.100666	 81.089266	 81.078377	 81.067979	 81.058055	 81.048585	 81.039552	 81.030939	 81.022729	 81.014906	 81.007453	 81.000357	 80.993602	 80.987175	 80.981061	 80.975247	 80.969721	  80.96447	 80.959483	 80.954747	 80.950253	 80.945989	 80.941945	 80.938112	 80.934479	 80.931039	 80.927781	 80.924699	 80.921784	 80.919028	 80.916423	 80.913964	 80.911643	 80.909454	 80.907391	 80.905448	 80.903619	 80.901899	 80.900284	 80.898768	 80.897346	 80.896015	 80.894771	  80.89361	 80.892528	 80.891521	 80.890588	 80.889724	 80.888926	 80.888194	 80.887523	 80.886912	 80.886359	 80.885862	 80.885419	 80.885029	  80.88469	 80.884402	 80.884164	 80.883974	 80.883832	 80.883738	 80.883691	
        99	 98.720413	 98.440918	  98.16161	 97.882579	  97.60392	 97.325723	  97.04808	 96.771082	 96.494819	 96.219381	 95.944857	 95.671335	 95.398901	 95.127642	 94.857641	 94.588983	 94.321749	 94.056021	 93.791877	 93.529396	 93.268653	 93.009724	  92.75268	 92.497594	 92.244533	 91.993567	 91.744758	 91.498173	  91.25387	 91.011911	 90.772352	 90.535247	 90.300651	 90.068613	 89.839181	 89.612402	  89.38832	 89.166976	 88.948409	 88.732657	 88.519753	  88.30973	 88.102617	 87.898443	 87.697232	 87.499007	 87.303789	 87.111596	 86.922444	 86.736347	 86.553316	  86.37336	 86.196487	 86.022702	 85.852007	 85.684403	 85.519889	 85.358461	 85.200114	 85.044842	 84.892634	  84.74348	 84.597368	 84.454282	 84.314207	 84.177124	 84.043015	 83.911859	 83.783632	 83.658312	 83.535873	 83.416289	 83.299531	 83.185571	 83.074379	 82.965923	 82.860172	 82.757092	 82.656649	 82.558809	 82.463534	 82.370789	 82.280538	  82.19274	  82.10736	 82.024357	 81.943691	 81.865325	 81.789216	 81.715325	  81.64361	 81.574031	 81.506547	 81.441116	 81.377697	 81.316249	 81.256729	 81.199097	 81.143311	  81.08933	 81.037113	 80.986619	 80.937807	 80.890638	  80.84507	 80.801065	 80.758582	 80.717583	 80.678029	 80.639882	 80.603104	 80.567657	 80.533505	 80.500611	  80.46894	 80.438456	 80.409124	 80.380911	 80.353782	 80.327705	 80.302647	 80.278577	 80.255462	 80.233273	  80.21198	 80.191553	 80.171964	 80.153183	 80.135185	 80.117942	 80.101428	 80.085618	 80.070486	 80.056008	 80.042161	 80.028921	 80.016267	 80.004176	 79.992627	   79.9816	 79.971074	 79.961031	 79.951451	 79.942316	 79.933608	 79.925311	 79.917407	 79.909881	 79.902717	   79.8959	 79.889416	  79.88325	 79.877389	  79.87182	  79.86653	 79.861508	 79.856741	 79.852219	  79.84793	 79.843864	 79.840012	 79.836363	 79.832908	 79.829639	 79.826547	 79.823624	 79.820862	 79.818254	 79.815793	 79.813471	 79.811283	 79.809222	 79.807282	 79.805458	 79.803745	 79.802137	 79.800629	 79.799218	 79.797898	 79.796667	 79.795519	 79.794452	 79.793461	 79.792545	 79.791699	 79.790922	 79.790211	 79.789563	 79.788976	 79.788449	 79.787979	 79.787566	 79.787207	 79.786901	 79.786648	 79.786447	 79.786297	 79.786197	 79.786147	
