Time step 58:
        99	        99	        99	        99	        99	        99	        99	        99	        99	        99	        99	        99	        99	        99	        99	        99	        99	        99	        99	        99	        99	        99	        99	        99	        99	        99	        99	        99	        99	        99	        99	        99	        99	        99	        99	        99	        99	        99	        99	        99	        99	        99	        99	        99	        99	        99	        99	        99	        99	        99	        99	        99	        99	        99	        99	        99	        99	        99	        99	        99	        99	        99	        99	        99	        99	        99	        99	        99	        99	        99	        99	        99	        99	        99	        99	        99	        99	        99	        99	        99	        99	        99	        99	        99	        99	        99	        99	        99	        99	        99	        99	        99	        99	        99	        99	        99	        99	        99	        99	        99	        99	        99	        99	        99	        99	        99	        99	        99	        99	        99	        99	        99	        99	        99	        99	        99	        99	        99	        99	        99	        99	        99	        99	        99	        99	        99	        99	        99	        99	        99	        99	        99	        99	        99	        99	        99	        99	        99	        99	        99	        99	        99	        99	        99	        99	        99	        99	        99	        99	        99	        99	        99	        99	        99	        99	        99	        99	        99	        99	        99	        99	        99	        99	        99	        99	        99	        99	        99	        99	        99	        99	        99	        99	        99	        99	        99	        99	        99	        99	        99	        99	        99	        99	        99	        99	        99	        99	        99	        99	        99	        99	        99	        99	        99	        99	        99	        99	        99	        99	        99	
        99	 98.989052	 98.978107	 98.967167	 98.956233	  98.94531	 98.934398	   98.9235	 98.912619	 98.901757	 98.890916	 98.880099	 98.869307	 98.858544	 98.847811	 98.837111	 98.826445	 98.815817	 98.805228	 98.794681	 98.784177	 98.773718	 98.763308	 98.752947	 98.742638	 98.732382	 98.722182	  98.71204	 98.701957	 98.691936	 98.681977	 98.672084	 98.662257	 98.652498	 98.642809	 98.633191	 98.623647	 98.614177	 98.604783	 98.595466	 98.586228	  98.57707	 98.567994	    98.559	  98.55009	 98.541265	 98.532526	 98.523874	  98.51531	 98.506835	  98.49845	 98.490156	 98.481953	 98.473843	 98.465826	 98.457902	 98.450073	 98.442339	   98.4347	 98.427157	  98.41971	  98.41236	 98.405106	  98.39795	 98.390892	 98.383931	 98.377068	 98.370303	 98.363636	 98.357066	 98.350595	 98.344222	 98.337946	 98.331768	 98.325687	 98.319704	 98.313817	 98.308027	 98.302334	 98.296736	 98.291234	 98.285826	 98.280513	 98.275295	 98.270169	 98.265137	 98.260197	 98.255348	 98.250591	 98.245923	 98.241346	 98.236857	 98.232456	 98.228143	 98.223916	 98.219774	 98.215718	 98.211745	 98.207856	 98.204048	 98.200322	 98.196676	  98.19311	 98.189622	 98.186211	 98.182877	 98.179618	 98.176433	 98.173322	 98.170284	 98.167316	 98.164419	 98.161592	 98.158832	  98.15614	 98.153513	 98.150952	 98.148455	 98.146021	 98.143649	 98.141337	 98.139086	 98.136893	 98.134758	 98.132679	 98.130656	 98.128688	 98.126773	  98.12491	   98.1231	 98.121339	 98.119628	 98.117966	 98.116351	 98.114783	  98.11326	 98.111781	 98.110347	 98.108955	 98.107604	 98.106295	 98.105025	 98.103795	 98.102603	 98.101448	 98.100329	 98.099246	 98.098198	 98.097184	 98.096203	 98.095254	 98.094337	  98.09345	 98.092594	 98.091767	 98.090968	 98.090198	 98.089455	 98.088738	 98.088047	 98.087382	 98.086741	 98.086124	 98.085531	  98.08496	 98.084412	 98.083886	 98.083381	 98.082896	 98.082432	 98.081987	 98.081562	 98.081155	 98.080767	 98.080397	 98.080044	 98.079708	  98.07939	 98.079087	 98.078801	  98.07853	 98.078275	 98.078035	  98.07781	   98.0776	 98.077404	 98.077222	 98.077053	 98.076899	 98.076758	 98.076631	 98.076516	 98.076415	 98.076327	 98.076251	 98.076188	 98.076138	   98.0761	 98.076075	 98.076063	
        99	 98.978107	 98.956219	 98.934341	 98.912476	 98.890631	  98.86881	 98.847017	 98.825257	 98.803535	 98.781856	 98.760223	 98.738643	 98.717119	 98.695655	 98.674257	 98.652929	 98.631675	 98.610499	 98.589406	   98.5684	 98.547486	 98.526667	 98.505947	 98.485331	 98.464822	 98.444425	 98.424143	 98.403979	 98.383939	 98.364024	 98.344239	 98.324587	 98.305071	 98.285695	 98.266462	 98.247375	 98.228437	 98.209651	  98.19102	 98.172546	 98.154232	 98.136081	 98.118096	 98.100278	 98.082629	 98.065153	 98.047851	 98.030725	 98.013777	 97.997009	 97.980423	 97.964019	 97.947801	 97.931768	 97.915923	 97.900266	 97.884799	 97.869523	 97.854438	 97.839546	 97.824847	 97.810342	 97.796032	 97.781916	 97.767996	 97.754271	 97.740742	  97.72741	 97.714273	 97.701331	 97.688586	 97.676036	 97.663681	 97.651521	 97.639556	 97.627784	 97.616206	 97.604819	 97.593625	 97.582621	 97.571808	 97.561184	 97.550747	 97.540498	 97.530434	 97.520554	 97.510858	 97.501344	 97.492011	 97.482857	  97.47388	 97.465079	 97.456454	 97.448001	 97.439719	 97.431607	 97.423662	 97.415884	  97.40827	 97.400819	 97.393528	 97.386396	  97.37942	 97.372599	 97.365931	 97.359414	 97.353046	 97.346825	 97.340748	 97.334814	  97.32902	 97.323366	 97.317847	 97.312463	 97.307211	 97.302089	 97.297096	 97.292228	 97.287484	 97.282862	 97.278359	 97.273973	 97.269703	 97.265547	 97.261501	 97.257565	 97.253736	 97.250011	  97.24639	  97.24287	 97.239448	 97.236124	 97.232894	 97.229758	 97.226712	 97.223756	 97.220887	 97.218103	 97.215403	 97.212784	 97.210246	 97.207785	 97.205401	 97.203091	 97.200854	 97.198688	 97.196592	 97.194564	 97.192602	 97.190704	  97.18887	 97.187098	 97.185385	 97.183731	 97.182135	 97.180594	 97.179108	 97.177675	 97.176293	 97.174962	 97.173681	 97.172447	 97.171261	  97.17012	 97.169024	 97.167971	 97.166961	 97.165992	 97.165063	 97.164174	 97.163323	  97.16251	 97.161734	 97.160994	 97.160288	 97.159617	  97.15898	 97.158375	 97.157802	 97.157261	 97.156751	 97.156271	 97.155821	   97.1554	 97.155008	 97.154644	 97.154308	 97.153999	 97.153717	 97.153462	 97.153233	 97.153031	 97.152854	 97.152703	 97.152577	 97.152477	 97.152402	 97.152352	 97.152327	
        99	 98.967167	 98.934341	 98.901529	 98.868738	 98.835976	  98.80325	 98.770567	 98.737933	 98.705356	 98.672843	   98.6404	 98.608035	 98.575755	 98.543566	 98.511474	 98.479488	 98.447612	 98.415854	 98.384221	 98.352718	 98.321352	 98.290129	 98.259055	 98.228137	 98.197379	 98.166789	 98.136371	 98.106131	 98.076075	 98.046209	 98.016536	 97.987064	 97.957796	 97.928737	 97.899893	 97.871268	 97.842866	 97.814692	  97.78675	 97.759044	 97.731579	 97.704357	 97.677384	 97.650661	 97.624194	 97.597984	 97.572036	 97.546352	 97.520934	 97.495787	 97.470912	 97.446311	 97.421987	 97.397942	 97.374179	 97.350698	 97.327502	 97.304591	 97.281969	 97.259634	  97.23759	 97.215837	 97.194375	 97.173206	 97.152329	 97.131746	 97.111456	 97.091461	 97.071759	  97.05235	 97.033236	 97.014414	 96.995886	 96.977649	 96.959704	  96.94205	 96.924685	 96.907609	  96.89082	 96.874318	 96.858101	 96.842167	 96.826515	 96.811143	  96.79605	 96.781234	 96.766693	 96.752424	 96.738427	 96.724698	 96.711235	 96.698037	   96.6851	 96.672423	 96.660003	 96.647837	 96.635922	 96.624257	 96.612838	 96.601663	 96.590729	 96.580032	 96.569571	 96.559342	 96.549342	 96.539568	 96.530017	 96.520687	 96.511573	 96.502674	 96.493985	 96.485505	 96.477228	 96.469154	 96.461277	 96.453596	 96.446107	 96.438806	 96.431692	 96.424759	 96.418007	  96.41143	 96.405026	 96.398792	 96.392725	 96.386822	 96.381079	 96.375493	 96.370062	 96.364783	 96.359651	 96.354666	 96.349822	 96.345118	 96.340551	 96.336117	 96.331814	 96.327639	  96.32359	 96.319663	 96.315855	 96.312165	 96.308589	 96.305125	 96.301771	 96.298523	 96.295379	 96.292337	 96.289394	 96.286549	 96.283798	  96.28114	 96.278571	 96.276091	 96.273697	 96.271386	 96.269157	 96.267008	 96.264936	  96.26294	 96.261018	 96.259168	 96.257389	 96.255678	 96.254034	 96.252455	 96.250939	 96.249486	 96.248094	  96.24676	 96.245485	 96.244265	 96.243101	 96.241991	 96.240933	 96.239926	  96.23897	 96.238063	 96.237205	 96.236393	 96.235628	 96.234909	 96.234233	 96.233602	 96.233014	 96.232468	 96.231964	 96.231501	 96.231078	 96.230695	 96.230352	 96.230049	 96.229784	 96.229557	 96.229369	 96.229218	 96.229106	 96.229031	 96.228993	
        99	 98.956233	 98.912476	 98.868738	 98.825029	 98.781357	 98.737733	 98.694166	 98.650666	 98.607241	 98.563901	 98.520655	 98.477513	 98.434483	 98.391575	 98.348798	  98.30616	  98.26367	 98.221337	  98.17917	 98.137177	 98.095366	 98.053746	 98.012324	  97.97111	 97.930111	 97.889334	 97.848787	 97.808477	 97.768413	 97.728601	 97.689048	 97.649761	 97.610747	 97.572012	 97.533563	 97.495405	 97.457546	  97.41999	 97.382744	 97.345812	 97.309201	 97.272915	 97.236959	 97.201338	 97.166057	  97.13112	 97.096531	 97.062294	 97.028413	 96.994892	 96.961733	  96.92894	 96.896517	 96.864466	 96.832789	 96.801489	 96.770568	 96.740029	 96.709873	 96.680102	 96.650717	  96.62172	 96.593111	 96.564892	 96.537064	 96.509627	 96.482581	 96.455927	 96.429664	 96.403793	 96.378314	 96.353225	 96.328526	 96.304217	 96.280296	 96.256763	 96.233615	 96.210853	 96.188474	 96.166477	 96.144859	 96.123619	 96.102756	 96.082265	 96.062146	 96.042397	 96.023013	 96.003993	 95.985334	 95.967034	 95.949088	 95.931495	 95.914251	 95.897352	 95.880796	 95.864578	 95.848697	 95.833147	 95.817926	 95.803029	 95.788454	 95.774196	 95.760251	 95.746615	 95.733285	 95.720257	 95.707526	 95.695088	  95.68294	 95.671077	 95.659495	 95.648191	 95.637158	 95.626395	 95.615896	 95.605657	 95.595674	 95.585942	 95.576458	 95.567218	 95.558216	 95.549449	 95.540913	 95.532603	 95.524516	 95.516647	 95.508991	 95.501546	 95.494307	 95.487269	 95.480429	 95.473783	 95.467327	 95.461056	 95.454968	 95.449058	 95.443322	 95.437757	 95.432359	 95.427124	 95.422049	  95.41713	 95.412363	 95.407746	 95.403274	 95.398945	 95.394754	 95.390699	 95.386777	 95.382984	 95.379317	 95.375773	  95.37235	 95.369043	 95.365852	 95.362772	   95.3598	 95.356935	 95.354174	 95.351513	 95.348951	 95.346486	 95.344113	 95.341833	 95.339641	 95.337536	 95.335516	 95.333579	 95.331723	 95.329946	 95.328245	  95.32662	 95.325068	 95.323588	 95.322178	 95.320836	 95.319562	 95.318353	 95.317208	 95.316127	 95.315107	 95.314147	 95.313247	 95.312406	 95.311622	 95.310894	 95.310222	 95.309605	 95.309041	 95.308531	 95.308074	 95.307669	 95.307316	 95.307014	 95.306763	 95.306562	 95.306412	 95.306312	 95.306262	
        99	  98.94531	 98.890631	 98.835976	 98.781357	 98.726786	 98.672274	 98.617833	 98.563475	 98.509211	 98.455054	 98.401015	 98.347104	 98.293335	 98.239717	 98.186263	 98.132983	 98.079888	 98.026989	 97.974297	 97.921823	 97.869576	 97.817568	 97.765808	 97.714307	 97.663075	  97.61212	 97.561453	 97.511083	 97.461019	  97.41127	 97.361845	 97.312752	    97.264	 97.215598	 97.167552	 97.119871	 97.072562	 97.025632	 96.979089	  96.93294	 96.887191	 96.841848	 96.796918	 96.752407	  96.70832	 96.664663	  96.62144	 96.578658	 96.536321	 96.494432	 96.452998	  96.41202	 96.371504	 96.331453	  96.29187	 96.252758	  96.21412	 96.175958	 96.138275	 96.101073	 96.064354	  96.02812	 95.992371	 95.957109	 95.922335	 95.888049	 95.854253	 95.820946	 95.788129	 95.755801	 95.723961	  95.69261	 95.661747	  95.63137	 95.601479	 95.572072	 95.543148	 95.514704	 95.486739	 95.459252	 95.432238	 95.405697	 95.379626	 95.354022	 95.328881	 95.304202	 95.279981	 95.256214	 95.232898	 95.210029	 95.187605	  95.16562	 95.144072	 95.122955	 95.102267	 95.082002	 95.062156	 95.042726	 95.023705	 95.005091	 94.986877	  94.96906	 94.951635	 94.934596	 94.917939	 94.901659	  94.88575	 94.870208	 94.855028	 94.840204	 94.825732	 94.811605	  94.79782	  94.78437	  94.77125	 94.758455	 94.745981	  94.73382	 94.721969	 94.710422	 94.699174	 94.688219	 94.677552	 94.667168	 94.657062	 94.647229	 94.637663	 94.628359	 94.619313	 94.610519	 94.601972	 94.593667	 94.585599	 94.577764	 94.570156	 94.562771	 94.555603	 94.548649	 94.541904	 94.535363	 94.529021	 94.522874	 94.516918	 94.511148	  94.50556	  94.50015	 94.494913	 94.489846	 94.484945	 94.480205	 94.475623	 94.471195	 94.466917	 94.462785	 94.458797	 94.454948	 94.451235	 94.447655	 94.444204	  94.44088	 94.437678	 94.434597	 94.431633	 94.428783	 94.426044	 94.423414	  94.42089	  94.41847	  94.41615	 94.413929	 94.411804	 94.409773	 94.407834	 94.405984	 94.404222	 94.402546	 94.400953	 94.399443	 94.398012	 94.396661	 94.395386	 94.394188	 94.393063	 94.392011	 94.391032	 94.390122	 94.389282	 94.388511	 94.387807	  94.38717	 94.386599	 94.386093	 94.385651	 94.385274	  94.38496	 94.384709	 94.384522	 94.384397	 94.384334	
        99	 98.934398	  98.86881	  98.80325	 98.737733	 98.672274	 98.606885	 98.541582	 98.476379	 98.411288	 98.346326	 98.281504	 98.216838	  98.15234	 98.088024	 98.023905	 97.959994	 97.896305	 97.832852	 97.769647	 97.706703	 97.644032	 97.581647	 97.519561	 97.457784	 97.396329	 97.335208	 97.274432	 97.214012	 97.153959	 97.094284	 97.034998	  96.97611	 96.917631	 96.859571	 96.801939	 96.744744	 96.687996	 96.631703	 96.575874	 96.520517	  96.46564	  96.41125	 96.357356	 96.303963	  96.25108	 96.198712	 96.146866	 96.095548	 96.044763	 95.994518	 95.944816	 95.895662	 95.847063	  95.79902	 95.751539	 95.704624	 95.658276	 95.612501	   95.5673	 95.522675	  95.47863	 95.435165	 95.392284	 95.349986	 95.308274	 95.267148	 95.226609	 95.186656	 95.147291	 95.108513	 95.070321	 95.032715	 94.995694	 94.959256	 94.923401	 94.888127	 94.853431	 94.819312	 94.785768	 94.752796	 94.720393	 94.688557	 94.657283	  94.62657	 94.596414	 94.566811	 94.537756	 94.509248	  94.48128	 94.453849	  94.42695	 94.400579	 94.374731	 94.349401	 94.324585	 94.300277	 94.276472	 94.253164	 94.230349	  94.20802	 94.186173	 94.164801	 94.143898	  94.12346	  94.10348	 94.083951	 94.064868	 94.046226	 94.028017	 94.010235	 93.992875	  93.97593	 93.959394	 93.943261	 93.927523	 93.912176	 93.897212	 93.882625	  93.86841	 93.854559	 93.841066	 93.827926	 93.815131	 93.802675	 93.790553	 93.778757	 93.767283	 93.756123	 93.745272	 93.734723	  93.72447	 93.714508	 93.704831	 93.695432	 93.686306	 93.677448	 93.668851	 93.660509	 93.652418	 93.644571	 93.636964	 93.629591	 93.622446	 93.615525	 93.608822	 93.602332	 93.596051	 93.589973	 93.584094	 93.578408	 93.572912	   93.5676	 93.562469	 93.557513	 93.552729	 93.548112	 93.543658	 93.539364	 93.535225	 93.531237	 93.527397	 93.523701	 93.520145	 93.516726	 93.513441	 93.510287	 93.507259	 93.504356	 93.501573	 93.498909	  93.49636	 93.493924	 93.491598	 93.489379	 93.487265	 93.485255	 93.483344	 93.481532	 93.479817	 93.478195	 93.476667	 93.475229	  93.47388	 93.472618	 93.471443	 93.470352	 93.469345	 93.468419	 93.467575	 93.466811	 93.466125	 93.465518	 93.464989	 93.464536	  93.46416	 93.463859	 93.463634	 93.463484	 93.463409	
        99	   98.9235	 98.847017	 98.770567	 98.694166	 98.617833	 98.541582	 98.465431	 98.389396	 98.313493	 98.237739	  98.16215	 98.086741	 98.011529	  97.93653	 97.861758	 97.787231	 97.712963	 97.638969	 97.565264	 97.491864	 97.418783	 97.346035	 97.273634	 97.201595	 97.129932	 97.058657	 96.987785	 96.917328	   96.8473	 96.777712	 96.708577	 96.639907	 96.571714	 96.504009	 96.436803	 96.370107	 96.303932	 96.238288	 96.173185	 96.108632	 96.044639	 95.981214	 95.918367	 95.856105	 95.794437	  95.73337	 95.672912	 95.613069	 95.553848	 95.495255	 95.437297	 95.379979	 95.323306	 95.267283	 95.211914	 95.157205	 95.103159	 95.049779	 94.997069	 94.945032	  94.89367	 94.842985	  94.79298	 94.743657	 94.695015	 94.647057	 94.599784	 94.553195	  94.50729	  94.46207	 94.417534	 94.373681	  94.33051	 94.288019	 94.246208	 94.205074	 94.164615	 94.124828	 94.085712	 94.047262	 94.009477	 93.972352	 93.935884	 93.900069	 93.864903	 93.830382	 93.796501	 93.763256	 93.730643	 93.698655	 93.667288	 93.636536	 93.606394	 93.576857	 93.547918	 93.519572	 93.491812	 93.464633	 93.438028	  93.41199	 93.386513	 93.361591	 93.337217	 93.313383	 93.290083	 93.267311	 93.245058	 93.223319	 93.202085	  93.18135	 93.161106	 93.141346	 93.122063	 93.103249	 93.084898	 93.067001	 93.049551	 93.032542	 93.015965	 92.999813	 92.984079	 92.968755	 92.953835	  92.93931	 92.925174	 92.911419	 92.898039	 92.885025	 92.872371	  92.86007	 92.848114	 92.836497	 92.825213	 92.814253	 92.803611	 92.793281	 92.783255	 92.773528	 92.764093	 92.754943	 92.746072	 92.737474	 92.729142	 92.721071	 92.713255	 92.705687	 92.698362	 92.691275	 92.684419	 92.677789	 92.671379	 92.665185	 92.659201	 92.653423	 92.647844	  92.64246	 92.637266	 92.632259	 92.627432	 92.622782	 92.618304	 92.613994	 92.609847	 92.605861	  92.60203	 92.598351	 92.594821	 92.591435	  92.58819	 92.585083	 92.582111	  92.57927	 92.576557	  92.57397	 92.571506	 92.569161	 92.566933	  92.56482	 92.562819	 92.560929	 92.559146	 92.557469	 92.555896	 92.554425	 92.553055	 92.551783	 92.550608	 92.549529	 92.548544	 92.547653	 92.546854	 92.546146	 92.545529	 92.545001	 92.544562	 92.544211	 92.543949	 92.543774	 92.543687	
        99	 98.912619	 98.825257	 98.737933	 98.650666	 98.563475	 98.476379	 98.389396	 98.302546	 98.215847	 98.129318	 98.042977	 97.956842	 97.870932	 97.785265	 97.699859	 97.614731	 97.529899	 97.445381	 97.361193	 97.277352	 97.193876	 97.110781	 97.028082	 96.945797	  96.86394	 96.782528	 96.701575	 96.621097	 96.541108	 96.461622	 96.382653	 96.304216	 96.226323	 96.148988	 96.072223	 95.996041	 95.920454	 95.845473	 95.771109	 95.697375	 95.624279	 95.551834	 95.480047	  95.40893	  95.33849	 95.268737	 95.199679	 95.131324	  95.06368	 94.996753	 94.930551	  94.86508	 94.800346	 94.736355	 94.673111	  94.61062	 94.548887	 94.487914	 94.427707	 94.368268	   94.3096	 94.251707	 94.194589	  94.13825	  94.08269	 94.027911	 93.973913	 93.920697	 93.868263	 93.816611	 93.765741	  93.71565	 93.666338	 93.617804	 93.570046	 93.523061	 93.476847	 93.431402	 93.386722	 93.342803	 93.299643	 93.257238	 93.215582	 93.174673	 93.134506	 93.095074	 93.056375	 93.018401	 92.981149	 92.944611	 92.908782	 92.873657	 92.839228	 92.805489	 92.772434	 92.740056	 92.708348	 92.677303	 92.646913	 92.617172	 92.588072	 92.559605	 92.531763	  92.50454	 92.477926	 92.451914	 92.426497	 92.401665	 92.377411	 92.353726	 92.330603	 92.308033	 92.286007	 92.264517	 92.243555	 92.223113	 92.203181	 92.183752	 92.164818	 92.146368	 92.128396	 92.110893	 92.093851	  92.07726	 92.061113	 92.045402	 92.030118	 92.015253	   92.0008	 91.986749	 91.973093	 91.959824	 91.946933	 91.934415	 91.922259	  91.91046	 91.899008	 91.887897	  91.87712	 91.866669	 91.856536	 91.846715	 91.837198	 91.827979	 91.819051	 91.810407	 91.802041	 91.793945	 91.786114	 91.778541	  91.77122	 91.764145	  91.75731	 91.750709	 91.744336	 91.738187	 91.732255	 91.726535	 91.721021	  91.71571	 91.710595	 91.705671	 91.700935	 91.696382	 91.692006	 91.687804	 91.683772	 91.679904	 91.676198	 91.672649	 91.669254	 91.666009	 91.662911	 91.659955	  91.65714	 91.654462	 91.651917	 91.649504	 91.647219	 91.645059	 91.643023	 91.641107	 91.639311	 91.637631	 91.636065	 91.634612	  91.63327	 91.632038	 91.630913	 91.629895	 91.628982	 91.628174	 91.627468	 91.626865	 91.626364	 91.625964	 91.625664	 91.625464	 91.625364	
        99	 98.901757	 98.803535	 98.705356	 98.607241	 98.509211	 98.411288	 98.313493	 98.215847	 98.118371	 98.021085	 97.924011	  97.82717	 97.730581	 97.634264	 97.538241	 97.442532	 97.347154	  97.25213	 97.157476	 97.063214	 96.969361	 96.875936	 96.782958	 96.690444	 96.598412	 96.506879	 96.415863	 96.325381	 96.235448	 96.146082	 96.057297	 95.969109	 95.881534	 95.794585	 95.708278	 95.622626	 95.537642	  95.45334	 95.369733	 95.286833	 95.204651	   95.1232	  95.04249	 94.962532	 94.883336	 94.804912	  94.72727	 94.650418	 94.574365	 94.499119	 94.424687	 94.351078	 94.278297	 94.206351	 94.135245	 94.064986	 93.995579	 93.927027	 93.859335	 93.792508	 93.726547	 93.661457	  93.59724	 93.533897	  93.47143	 93.409842	 93.349132	 93.289301	 93.230349	 93.172276	 93.115082	 93.058764	 93.003323	 92.948756	 92.895061	 92.842235	 92.790277	 92.739182	 92.688948	  92.63957	 92.591045	 92.543368	 92.496535	  92.45054	 92.405379	 92.361046	 92.317536	 92.274842	 92.232959	 92.191879	 92.151597	 92.112105	 92.073396	 92.035464	   91.9983	 91.961897	 91.926247	 91.891343	 91.857175	 91.823737	 91.791019	 91.759014	 91.727711	 91.697104	 91.667182	 91.637937	 91.609359	 91.581441	 91.554172	 91.527543	 91.501545	 91.476169	 91.451406	 91.427245	 91.403677	 91.380693	 91.358284	  91.33644	 91.315151	 91.294409	 91.274203	 91.254524	 91.235363	  91.21671	 91.198556	 91.180892	 91.163708	 91.146995	 91.130745	 91.114947	 91.099594	 91.084675	 91.070183	 91.056108	 91.042441	 91.029175	   91.0163	 91.003808	 90.991691	  90.97994	 90.968548	 90.957506	 90.946807	 90.936442	 90.926404	 90.916685	 90.907279	 90.898176	 90.889372	 90.880857	 90.872626	 90.864672	 90.856987	 90.849566	 90.842401	 90.835487	 90.828818	 90.822387	 90.816188	 90.810216	 90.804465	  90.79893	 90.793605	 90.788486	 90.783566	 90.778842	 90.774308	  90.76996	 90.765793	 90.761803	 90.757986	 90.754337	 90.750854	 90.747531	 90.744366	 90.741354	 90.738494	  90.73578	 90.733211	 90.730783	 90.728494	  90.72634	  90.72432	 90.722431	 90.720671	 90.719037	 90.717529	 90.716143	 90.714878	 90.713734	 90.712708	 90.711799	 90.711006	 90.710328	 90.709764	 90.709314	 90.708977	 90.708752	  90.70864	
        99	 98.890916	 98.781856	 98.672843	 98.563901	 98.455054	 98.346326	 98.237739	 98.129318	 98.021085	 97.913065	 97.805279	 97.697751	 97.590503	 97.483559	  97.37694	 97.270669	 97.164767	 97.059257	 96.954159	 96.849495	 96.745285	 96.641551	 96.538313	  96.43559	 96.333403	  96.23177	 96.130711	 96.030244	 95.930387	 95.831159	 95.732577	 95.634658	 95.537419	 95.440876	 95.345045	 95.249941	  95.15558	 95.061976	 94.969143	 94.877095	 94.785844	 94.695405	 94.605789	 94.517008	 94.429073	 94.341995	 94.255785	 94.170453	 94.086008	 94.002458	 93.919814	 93.838081	 93.757269	 93.677384	 93.598432	  93.52042	 93.443354	 93.367238	 93.292077	 93.217875	 93.144636	 93.072363	 93.001059	 92.930727	 92.861367	 92.792982	 92.725573	  92.65914	 92.593683	 92.529202	 92.465696	 92.403165	 92.341605	 92.281017	 92.221397	 92.162742	  92.10505	 92.048317	  91.99254	 91.937713	 91.883833	 91.830895	 91.778894	 91.727824	  91.67768	 91.628455	 91.580144	 91.532739	 91.486233	 91.440621	 91.395893	 91.352044	 91.309063	 91.266945	  91.22568	  91.18526	 91.145677	 91.106921	 91.068983	 91.031855	 90.995527	  90.95999	 90.925233	 90.891248	 90.858024	 90.825552	 90.793821	 90.762822	 90.732544	 90.702977	  90.67411	 90.645934	 90.618438	 90.591611	 90.565443	 90.539923	 90.515041	 90.490786	 90.467149	 90.444117	 90.421681	 90.399831	 90.378555	 90.357844	 90.337687	 90.318074	 90.298994	 90.280437	 90.262393	 90.244852	 90.227805	  90.21124	 90.195148	  90.17952	 90.164345	 90.149615	  90.13532	 90.121449	 90.107995	 90.094948	 90.082298	 90.070038	 90.058158	 90.046649	 90.035504	 90.024713	 90.014268	 90.004161	 89.994385	 89.984931	 89.975792	  89.96696	 89.958427	 89.950187	 89.942232	 89.934555	 89.927149	 89.920008	 89.913126	 89.906495	 89.900109	 89.893963	 89.888051	 89.882366	 89.876904	 89.871658	 89.866624	 89.861796	 89.857169	 89.852739	 89.848501	  89.84445	 89.840582	 89.836893	 89.833378	 89.830035	 89.826858	 89.823845	 89.820992	 89.818297	 89.815755	 89.813363	  89.81112	 89.809023	 89.807069	 89.805255	  89.80358	 89.802041	 89.800637	 89.799366	 89.798227	 89.797217	 89.796337	 89.795584	 89.794958	 89.794458	 89.794084	 89.793835	  89.79371	
        99	 98.880099	 98.760223	   98.6404	 98.520655	 98.401015	 98.281504	  98.16215	 98.042977	 97.924011	 97.805279	 97.686805	 97.568614	 97.450731	 97.333182	  97.21599	  97.09918	 96.982777	 96.866803	 96.751283	  96.63624	 96.521697	 96.407676	   96.2942	 96.181291	  96.06897	 95.957259	 95.846178	 95.735748	  95.62599	 95.516922	 95.408564	 95.300935	 95.194053	 95.087936	 94.982602	 94.878067	 94.774349	 94.671462	 94.569423	 94.468247	 94.367948	 94.268541	 94.170038	 94.072452	 93.975797	 93.880085	 93.785326	 93.691532	 93.598712	 93.506878	 93.416038	   93.3262	 93.237374	 93.149567	 93.062787	 92.977039	  92.89233	 92.808666	 92.726051	 92.644491	 92.563989	  92.48455	 92.406175	 92.328868	 92.252631	 92.177464	 92.103371	  92.03035	 91.958402	 91.887526	 91.817723	  91.74899	 91.681327	  91.61473	 91.549198	 91.484727	 91.421314	 91.358955	 91.297646	 91.237382	  91.17816	 91.119972	 91.062814	  91.00668	 90.951563	 90.897457	 90.844355	 90.792249	 90.741132	 90.690996	 90.641833	 90.593635	 90.546393	 90.500098	 90.454741	 90.410313	 90.366804	 90.324205	 90.282505	 90.241696	 90.201765	 90.162703	   90.1245	 90.087145	 90.050627	 90.014934	 89.980057	 89.945984	 89.912703	 89.880204	 89.848475	 89.817505	 89.787282	 89.757794	 89.729031	 89.700981	 89.673631	 89.646972	  89.62099	 89.595674	 89.571014	 89.546996	 89.523611	 89.500846	  89.47869	 89.457132	  89.43616	 89.415763	  89.39593	  89.37665	 89.357911	 89.339704	 89.322016	 89.304838	 89.288159	 89.271968	 89.256255	 89.241009	 89.226221	  89.21188	 89.197976	   89.1845	 89.171441	 89.158792	 89.146541	  89.13468	 89.123199	  89.11209	 89.101345	 89.090953	 89.080908	   89.0712	 89.061821	 89.052763	 89.044019	 89.035581	 89.027441	 89.019592	 89.012027	 89.004739	  88.99772	 88.990965	 88.984466	 88.978218	 88.972214	 88.966448	 88.960914	 88.955608	 88.950522	 88.945653	 88.940994	 88.936541	  88.93229	 88.928235	 88.924372	 88.920696	 88.917205	 88.913893	 88.910758	 88.907794	    88.905	 88.902372	 88.899907	 88.897601	 88.895453	 88.893459	 88.891618	 88.889927	 88.888384	 88.886987	 88.885734	 88.884625	 88.883657	  88.88283	 88.882142	 88.881592	 88.881181	 88.880907	  88.88077	
        99	 98.869307	 98.738643	 98.608035	 98.477513	 98.347104	 98.216838	 98.086741	 97.956842	  97.82717	 97.697751	 97.568614	 97.439785	 97.311293	 97.183164	 97.055424	 96.928101	 96.801221	  96.67481	 96.548893	 96.423496	 96.298643	  96.17436	 96.050671	   95.9276	  95.80517	 95.683404	 95.562326	 95.441957	  95.32232	 95.203436	 95.085326	  94.96801	 94.851508	 94.735841	 94.621026	 94.507083	 94.394029	 94.281883	  94.17066	 94.060378	 93.951052	 93.842697	 93.735329	  93.62896	 93.523606	 93.419279	 93.315992	 93.213756	 93.112583	 93.012483	 92.913467	 92.815544	 92.718723	 92.623014	 92.528422	 92.434957	 92.342624	  92.25143	  92.16138	 92.072479	 91.984732	 91.898143	 91.812714	 91.728449	  91.64535	 91.563419	 91.482656	 91.403063	  91.32464	 91.247386	   91.1713	 91.096381	 91.022628	 90.950037	 90.878606	 90.808333	 90.739212	 90.671241	 90.604414	 90.538727	 90.474174	  90.41075	 90.348447	 90.287261	 90.227183	 90.168208	 90.110326	  90.05353	 89.997813	 89.943165	 89.889577	 89.837041	 89.785547	 89.735085	 89.685646	 89.637219	 89.589795	 89.543361	 89.497909	 89.453426	 89.409901	 89.367324	 89.325683	 89.284965	  89.24516	 89.206255	 89.168239	 89.131099	 89.094823	 89.059399	 89.024814	 88.991057	 88.958113	 88.925972	  88.89462	 88.864045	 88.834234	 88.805175	 88.776855	 88.749261	 88.722381	 88.696202	 88.670712	 88.645898	 88.621748	 88.598249	  88.57539	 88.553157	 88.531539	 88.510523	 88.490098	 88.470252	 88.450973	 88.432249	 88.414069	  88.39642	 88.379293	 88.362675	 88.346556	 88.330924	 88.315769	  88.30108	 88.286846	 88.273058	 88.259704	 88.246775	 88.234262	 88.222153	  88.21044	 88.199114	 88.188164	 88.177582	 88.167359	 88.157487	 88.147956	 88.138758	 88.129885	  88.12133	 88.113084	  88.10514	 88.097489	 88.090126	 88.083042	 88.076232	 88.069687	 88.063402	 88.057371	 88.051587	 88.046043	 88.040736	 88.035658	 88.030804	  88.02617	  88.02175	 88.017539	 88.013533	 88.009727	 88.006118	   88.0027	  87.99947	 87.996424	  87.99356	 87.990872	 87.988359	 87.986018	 87.983845	 87.981838	 87.979994	 87.978312	  87.97679	 87.975424	 87.974215	  87.97316	 87.972258	 87.971508	  87.97091	 87.970461	 87.970163	 87.970013	
        99	 98.858544	 98.717119	 98.575755	 98.434483	 98.293335	  98.15234	 98.011529	 97.870932	 97.730581	 97.590503	 97.450731	 97.311293	 97.172218	 97.033537	 96.895278	 96.757469	  96.62014	 96.483318	 96.347031	 96.211306	 96.076172	 95.941653	 95.807778	 95.674571	 95.542058	 95.410264	 95.279214	 95.148933	 95.019443	 94.890768	  94.76293	 94.635953	 94.509857	 94.384663	 94.260393	 94.137066	 94.014702	  93.89332	 93.772937	 93.653573	 93.535243	 93.417965	 93.301754	 93.186626	 93.072595	 92.959676	 92.847882	 92.737227	 92.627721	 92.519378	 92.412207	  92.30622	 92.201425	 92.097833	 91.995452	 91.894289	 91.794352	 91.695648	 91.598182	 91.501959	 91.406986	 91.313265	 91.220801	 91.129597	 91.039654	 90.950975	 90.863561	 90.777413	 90.692531	 90.608915	 90.526563	 90.445474	 90.365647	 90.287078	 90.209765	 90.133704	 90.058891	 89.985322	 89.912991	 89.841894	 89.772025	 89.703377	 89.635944	 89.569719	 89.504693	 89.440861	 89.378212	 89.316739	 89.256433	 89.197284	 89.139283	  89.08242	 89.026685	 88.972068	 88.918557	 88.866142	 88.814812	 88.764555	 88.715359	 88.667212	 88.620104	  88.57402	 88.528949	 88.484878	 88.441795	 88.399686	 88.358539	  88.31834	 88.279077	 88.240736	 88.203303	 88.166765	 88.131108	  88.09632	 88.062386	 88.029293	 87.997027	 87.965575	 87.934922	 87.905056	 87.875962	 87.847627	 87.820038	  87.79318	 87.767041	 87.741607	 87.716865	 87.692801	 87.669403	 87.646657	  87.62455	 87.603069	 87.582202	 87.561936	 87.542259	 87.523157	 87.504619	 87.486632	 87.469185	 87.452266	 87.435863	 87.419964	 87.404558	 87.389635	 87.375181	 87.361188	 87.347644	 87.334538	  87.32186	 87.309601	 87.297749	 87.286296	 87.275231	 87.264546	  87.25423	 87.244275	 87.234671	 87.225411	 87.216486	 87.207887	 87.199607	 87.191637	  87.18397	 87.176599	 87.169515	 87.162713	 87.156185	 87.149924	 87.143924	  87.13818	 87.132683	  87.12743	 87.122414	  87.11763	 87.113073	 87.108737	 87.104618	 87.100711	 87.097011	 87.093515	 87.090219	 87.087118	  87.08421	  87.08149	 87.078955	 87.076603	 87.074431	 87.072436	 87.070615	 87.068967	  87.06749	 87.066181	 87.065039	 87.064063	 87.063251	 87.062603	 87.062118	 87.061794	 87.061633	
        99	 98.847811	 98.695655	 98.543566	 98.391575	 98.239717	 98.088024	  97.93653	 97.785265	 97.634264	 97.483559	 97.333182	 97.183164	 97.033537	 96.884333	 96.735584	 96.587319	  96.43957	 96.292367	 96.145739	 95.999717	 95.854329	 95.709604	  95.56557	 95.422256	 95.279689	 95.137896	 94.996903	 94.856736	 94.717421	 94.578983	 94.441446	 94.304835	 94.169171	 94.034479	  93.90078	 93.768095	 93.636447	 93.505855	 93.376338	 93.247917	 93.120609	 92.994432	 92.869404	 92.745541	 92.622858	 92.501372	 92.381096	 92.262044	  92.14423	 92.027666	 91.912364	 91.798335	  91.68559	 91.574137	 91.463988	  91.35515	  91.24763	 91.141436	 91.036575	 90.933052	 90.830872	 90.730041	 90.630561	 90.532436	  90.43567	 90.340262	 90.246216	 90.153532	 90.062209	 89.972248	 89.883648	 89.796407	 89.710523	 89.625992	 89.542813	 89.460981	 89.380492	 89.301341	 89.223522	 89.147031	  89.07186	 88.998004	 88.925454	 88.854204	 88.784245	 88.715569	 88.648167	  88.58203	 88.517148	 88.453511	  88.39111	 88.329933	 88.269969	 88.211207	 88.153637	 88.097245	  88.04202	 87.987949	 87.935021	 87.883221	 87.832538	 87.782958	 87.734467	 87.687053	   87.6407	 87.595397	 87.551128	 87.507879	 87.465636	 87.424386	 87.384112	 87.344802	 87.306441	 87.269013	 87.232504	   87.1969	 87.162186	 87.128347	 87.095369	 87.063236	 87.031935	  87.00145	 86.971768	 86.942873	  86.91475	 86.887387	 86.860767	 86.834878	 86.809704	 86.785232	 86.761447	 86.738337	 86.715887	 86.694083	 86.672912	 86.652361	 86.632417	 86.613066	 86.594295	 86.576092	 86.558444	 86.541339	 86.524764	 86.508708	 86.493158	 86.478103	 86.463531	 86.449431	 86.435792	 86.422602	 86.409851	 86.397529	 86.385625	 86.374128	 86.363029	 86.352319	 86.341987	 86.332025	 86.322422	 86.313171	 86.304262	 86.295688	 86.287439	 86.279508	 86.271888	 86.264569	 86.257546	  86.25081	 86.244355	 86.238174	 86.232261	 86.226609	 86.221213	 86.216066	 86.211162	 86.206498	 86.202066	 86.197862	 86.193882	 86.190121	 86.186575	 86.183239	  86.18011	 86.177183	 86.174456	 86.171926	 86.169589	 86.167442	 86.165483	  86.16371	 86.162121	 86.160712	 86.159484	 86.158434	 86.157561	 86.156863	 86.156341	 86.155993	  86.15582	
        99	 98.837111	 98.674257	 98.511474	 98.348798	 98.186263	 98.023905	 97.861758	 97.699859	 97.538241	  97.37694	  97.21599	 97.055424	 96.895278	 96.735584	 96.576376	 96.417687	  96.25955	 96.101997	  95.94506	 95.788771	 95.633161	  95.47826	   95.3241	  95.17071	 95.018119	 94.866357	 94.715451	 94.565429	 94.416319	 94.268148	 94.120941	 93.974724	 93.829522	  93.68536	  93.54226	 93.400247	 93.259343	 93.119569	 92.980947	 92.843496	 92.707237	 92.572189	  92.43837	 92.305798	  92.17449	 92.044462	  91.91573	 91.788308	  91.66221	 91.537451	 91.414042	 91.291996	 91.171323	 91.052035	 90.934141	 90.817651	 90.702571	 90.588911	 90.476677	 90.365876	 90.256512	 90.148591	 90.042117	 89.937094	 89.833523	 89.731408	 89.630749	 89.531549	 89.433805	  89.33752	  89.24269	 89.149315	 89.057392	 88.966919	 88.877891	 88.790306	 88.704157	 88.619441	 88.536152	 88.454282	 88.373827	 88.294777	 88.217127	 88.140867	  88.06599	 87.992485	 87.920344	 87.849557	 87.780113	 87.712002	 87.645213	 87.579735	 87.515555	 87.452662	 87.391044	 87.330687	 87.271579	 87.213707	 87.157057	 87.101616	 87.047369	 86.994303	 86.942403	 86.891655	 86.842044	 86.793555	 86.746173	 86.699883	 86.654671	  86.61052	 86.567415	 86.525341	 86.484282	 86.444223	 86.405148	  86.36704	 86.329886	 86.293668	 86.258371	 86.223979	 86.190477	 86.157849	 86.126079	 86.095152	 86.065053	 86.035765	 86.007274	 85.979564	 85.952621	 85.926428	 85.900972	 85.876236	 85.852208	 85.828871	 85.806212	 85.784216	 85.762869	 85.742157	 85.722067	 85.702584	 85.683695	 85.665388	 85.647648	 85.630462	 85.613819	 85.597706	 85.582109	 85.567018	 85.552419	 85.538302	 85.524655	 85.511466	 85.498725	  85.48642	 85.474541	 85.463078	  85.45202	 85.441357	 85.431079	 85.421178	 85.411643	 85.402465	 85.393637	 85.385148	 85.376991	 85.369158	 85.361641	 85.354432	 85.347523	 85.340908	 85.334579	  85.32853	 85.322754	 85.317245	 85.311997	 85.307004	 85.302261	 85.297762	 85.293502	 85.289476	  85.28568	  85.28211	 85.278761	 85.275629	  85.27271	 85.270002	   85.2675	 85.265203	 85.263106	 85.261208	 85.259507	    85.258	 85.256685	 85.255561	 85.254626	  85.25388	 85.253321	 85.252949	 85.252763	
        99	 98.826445	 98.652929	 98.479488	  98.30616	 98.132983	 97.959994	 97.787231	 97.614731	 97.442532	 97.270669	  97.09918	 96.928101	 96.757469	 96.587319	 96.417687	 96.248608	 96.080116	 95.912247	 95.745035	 95.578513	 95.412714	 95.247671	 95.083418	 94.919984	 94.757402	 94.595703	 94.434916	 94.275072	 94.116199	 93.958325	  93.80148	 93.645689	  93.49098	 93.337379	  93.18491	 93.033599	 92.883468	 92.734543	 92.586844	 92.440393	 92.295213	 92.151323	 92.008742	  91.86749	 91.727584	 91.589042	 91.451881	 91.316116	 91.181762	 91.048834	 90.917345	 90.787307	 90.658734	 90.531635	 90.406022	 90.281904	  90.15929	 90.038188	 89.918605	 89.800549	 89.684025	 89.569037	 89.455592	 89.343692	  89.23334	 89.124539	 89.017289	 88.911593	  88.80745	  88.70486	 88.603821	 88.504333	 88.406391	 88.309994	 88.215137	 88.121817	 88.030028	 87.939765	 87.851022	 87.763792	 87.678068	 87.593843	 87.511109	 87.429856	 87.350075	 87.271758	 87.194894	 87.119472	 87.045481	  86.97291	 86.901748	 86.831983	 86.763601	  86.69659	 86.630937	 86.566628	  86.50365	 86.441989	  86.38163	 86.322558	  86.26476	 86.208219	 86.152921	  86.09885	  86.04599	 85.994327	 85.943843	 85.894522	 85.846349	 85.799308	 85.753381	 85.708552	 85.664805	 85.622122	 85.580488	 85.539886	 85.500299	 85.461709	 85.424101	 85.387458	 85.351762	 85.316998	 85.283148	 85.250196	 85.218126	  85.18692	 85.156564	  85.12704	 85.098332	 85.070424	 85.043301	 85.016946	 84.991344	 84.966479	 84.942337	   84.9189	 84.896156	 84.874088	 84.852682	 84.831924	 84.811798	 84.792292	  84.77339	  84.75508	 84.737347	 84.720178	 84.703561	 84.687481	 84.671927	 84.656886	 84.642345	 84.628293	 84.614717	 84.601607	  84.58895	 84.576736	 84.564954	 84.553592	 84.542642	 84.532092	 84.521933	 84.512154	 84.502748	 84.493704	 84.485013	 84.476667	 84.468657	 84.460976	 84.453615	 84.446566	 84.439823	 84.433378	 84.427224	 84.421354	 84.415763	 84.410443	 84.405389	 84.400595	 84.396057	 84.391767	 84.387723	 84.383919	  84.38035	 84.377013	 84.373903	 84.371018	 84.368353	 84.365904	 84.363671	 84.361649	 84.359836	  84.35823	 84.356829	 84.355631	 84.354636	 84.353841	 84.353245	 84.352848	  84.35265	
        99	 98.815817	 98.631675	 98.447612	  98.26367	 98.079888	 97.896305	 97.712963	 97.529899	 97.347154	 97.164767	 96.982777	 96.801221	  96.62014	  96.43957	  96.25955	 96.080116	 95.901307	 95.723158	 95.545705	 95.368986	 95.193034	 95.017884	 94.843572	  94.67013	 94.497592	  94.32599	 94.155357	 93.985724	 93.817122	  93.64958	  93.48313	 93.317799	 93.153616	 92.990608	 92.828802	 92.668225	 92.508901	 92.350855	 92.194111	 92.038692	 91.884621	 91.731919	 91.580607	 91.430705	 91.282231	 91.135206	 90.989645	 90.845566	 90.702984	 90.561916	 90.422374	 90.284374	 90.147926	 90.013045	 89.879739	  89.74802	 89.617897	 89.489379	 89.362474	 89.237188	 89.113528	 88.991499	 88.871106	 88.752353	 88.635244	 88.519779	 88.405963	 88.293794	 88.183273	   88.0744	 87.967174	 87.861593	 87.757654	 87.655353	 87.554688	 87.455652	 87.358242	 87.262452	 87.168274	 87.075703	 86.984729	 86.895347	 86.807545	 86.721317	 86.636651	 86.553537	 86.471966	 86.391925	 86.313403	 86.236389	 86.160869	 86.086831	 86.014261	 85.943147	 85.873473	 85.805226	 85.738392	 85.672954	 85.608899	  85.54621	 85.484872	 85.424869	 85.366184	 85.308802	 85.252705	 85.197878	 85.144302	 85.091962	 85.040839	 84.990916	 84.942177	 84.894603	 84.848176	  84.80288	 84.758697	 84.715608	 84.673596	 84.632644	 84.592732	 84.553845	 84.515963	  84.47907	 84.443147	 84.408178	 84.374143	 84.341027	 84.308812	 84.277479	 84.247014	 84.217397	 84.188613	 84.160644	 84.133474	 84.107087	 84.081465	 84.056594	 84.032457	 84.009037	 83.986321	 83.964291	 83.942933	 83.922232	 83.902173	 83.882741	 83.863923	 83.845703	 83.828067	 83.811003	 83.794496	 83.778534	 83.763103	  83.74819	 83.733783	  83.71987	 83.706438	 83.693476	 83.680972	 83.668915	 83.657294	 83.646098	 83.635317	  83.62494	 83.614957	 83.605359	 83.596136	 83.587279	 83.578779	 83.570627	 83.562815	 83.555335	 83.548179	 83.541339	 83.534808	 83.528579	 83.522645	 83.516999	 83.511636	 83.506549	 83.501732	  83.49718	 83.492888	 83.488851	 83.485064	 83.481522	 83.478222	  83.47516	 83.472331	 83.469733	 83.467363	 83.465217	 83.463293	 83.461589	 83.460102	 83.458831	 83.457774	 83.456931	 83.456299	 83.455878	 83.455667	
