Time step 85:
        99	        99	        99	        99	        99	        99	        99	        99	        99	        99	        99	        99	        99	        99	        99	        99	        99	        99	        99	        99	        99	        99	        99	        99	        99	        99	        99	        99	        99	        99	        99	        99	        99	        99	        99	        99	        99	        99	        99	        99	        99	        99	        99	        99	        99	        99	        99	        99	        99	        99	        99	        99	        99	        99	        99	        99	        99	        99	        99	        99	        99	        99	        99	        99	        99	        99	        99	        99	        99	        99	        99	        99	        99	        99	        99	        99	        99	        99	        99	        99	        99	        99	        99	        99	        99	        99	        99	        99	        99	        99	        99	        99	        99	        99	        99	        99	        99	        99	        99	        99	        99	        99	        99	        99	        99	        99	        99	        99	        99	        99	        99	        99	        99	        99	        99	        99	        99	        99	        99	        99	        99	        99	        99	        99	        99	        99	        99	        99	        99	        99	        99	        99	        99	        99	        99	        99	        99	        99	        99	        99	        99	        99	        99	        99	        99	        99	        99	        99	        99	        99	        99	        99	        99	        99	        99	        99	        99	        99	        99	        99	        99	        99	        99	        99	        99	        99	        99	        99	        99	        99	        99	        99	        99	        99	        99	        99	        99	        99	        99	        99	        99	        99	        99	        99	        99	        99	        99	        99	        99	        99	        99	        99	        99	        99	        99	        99	        99	        99	        99	        99	
        99	  98.99253	 98.985061	 98.977594	 98.970131	 98.962672	 98.955219	 98.947772	 98.940333	 98.932903	 98.925482	 98.918073	 98.910676	 98.903292	 98.895922	 98.888568	  98.88123	 98.873909	 98.866607	 98.859325	 98.852062	 98.844822	 98.837604	  98.83041	  98.82324	 98.816095	 98.808978	 98.801887	 98.794825	 98.787793	  98.78079	 98.773819	  98.76688	 98.759973	 98.753101	 98.746263	 98.739461	 98.732695	 98.725966	 98.719275	 98.712622	 98.706009	 98.699437	 98.692905	 98.686414	 98.679967	 98.673562	   98.6672	 98.660884	 98.654612	 98.648385	 98.642205	 98.636071	 98.629985	 98.623946	 98.617956	 98.612014	 98.606122	  98.60028	 98.594487	 98.588746	 98.583055	 98.577416	 98.571829	 98.566293	 98.560811	 98.555381	 98.550004	  98.54468	 98.539411	 98.534195	 98.529033	 98.523925	 98.518872	 98.513874	  98.50893	 98.504041	 98.499208	 98.494429	 98.489706	 98.485038	 98.480426	 98.475869	 98.471367	 98.466921	  98.46253	 98.458195	 98.453914	  98.44969	  98.44552	 98.441405	 98.437346	 98.433341	 98.429391	 98.425496	 98.421655	 98.417869	 98.414136	 98.410458	 98.406833	 98.403262	 98.399744	 98.396278	 98.392866	 98.389506	 98.386198	 98.382942	 98.379738	 98.376585	 98.373483	 98.370432	 98.367431	  98.36448	 98.361579	 98.358727	 98.355924	 98.353169	 98.350463	 98.347805	 98.345194	  98.34263	 98.340112	 98.337641	 98.335216	 98.332836	 98.330501	 98.328211	 98.325965	 98.323763	 98.321604	 98.319488	 98.317415	 98.315384	 98.313394	 98.311446	 98.309538	 98.307671	 98.305843	 98.304055	 98.302306	 98.300596	 98.298924	  98.29729	 98.295693	 98.294133	 98.292609	 98.291122	  98.28967	 98.288254	 98.286872	 98.285525	 98.284212	 98.282933	 98.281687	 98.280474	 98.279293	 98.278145	 98.277028	 98.275942	 98.274888	 98.273864	 98.272871	 98.271908	 98.270974	  98.27007	 98.269194	 98.268348	 98.267529	 98.266739	 98.265977	 98.265242	 98.264534	 98.263853	 98.263199	 98.262571	  98.26197	 98.261394	 98.260845	  98.26032	 98.259822	 98.259348	 98.258899	 98.258474	 98.258075	 98.257699	 98.257348	 98.257021	 98.256718	 98.256439	 98.256183	 98.255951	 98.255743	 98.255558	 98.255396	 98.255257	 98.255142	  98.25505	  98.25498	 98.254934	 98.254911	
        99	 98.985061	 98.970124	 98.955192	 98.940266	 98.925349	 98.910444	 98.895551	 98.880674	 98.865815	 98.850976	 98.836158	 98.821365	 98.806598	  98.79186	 98.777152	 98.762477	 98.747837	 98.733234	  98.71867	 98.704147	 98.689667	 98.675232	 98.660844	 98.646506	 98.632218	 98.617983	 98.603804	 98.589681	 98.575617	 98.561613	 98.547671	 98.533794	 98.519982	 98.506238	 98.492564	  98.47896	 98.465429	 98.451972	 98.438591	 98.425287	 98.412062	 98.398918	 98.385855	 98.372876	 98.359981	 98.347172	  98.33445	 98.321818	 98.309274	 98.296822	 98.284463	 98.272196	 98.260024	 98.247948	 98.235968	 98.224086	 98.212303	 98.200619	 98.189035	 98.177553	 98.166172	 98.154895	 98.143721	 98.132651	 98.121687	 98.110828	 98.100075	 98.089429	  98.07889	 98.068458	 98.058135	 98.047921	 98.037816	 98.027819	 98.017933	 98.008156	  97.99849	 97.988934	 97.979488	 97.970153	 97.960929	 97.951815	 97.942813	 97.933921	  97.92514	  97.91647	  97.90791	 97.899461	 97.891122	 97.882894	 97.874776	 97.866767	 97.858868	 97.851078	 97.843397	 97.835824	  97.82836	 97.821003	 97.813754	 97.806612	 97.799576	 97.792646	 97.785822	 97.779103	 97.772488	 97.765976	 97.759568	 97.753263	  97.74706	 97.740957	 97.734956	 97.729055	 97.723252	 97.717549	 97.711943	 97.706435	 97.701022	 97.695706	 97.690484	 97.685357	 97.680323	 97.675381	 97.670531	 97.665772	 97.661102	 97.656522	 97.652031	 97.647627	  97.64331	 97.639078	 97.634932	 97.630869	  97.62689	 97.622994	 97.619178	 97.615444	 97.611789	 97.608214	 97.604716	 97.601296	 97.597952	 97.594684	  97.59149	 97.588371	 97.585324	  97.58235	 97.579446	 97.576614	 97.573851	 97.571157	 97.568531	 97.565973	 97.563481	 97.561054	 97.558693	 97.556396	 97.554163	 97.551992	 97.549884	 97.547837	  97.54585	 97.543923	 97.542056	 97.540248	 97.538497	 97.536804	 97.535167	 97.533587	 97.532062	 97.530592	 97.529177	 97.527816	 97.526508	 97.525252	  97.52405	 97.522899	 97.521799	 97.520751	 97.519753	 97.518805	 97.517907	 97.517059	  97.51626	 97.515509	 97.514807	 97.514153	 97.513547	 97.512988	 97.512477	 97.512013	 97.511596	 97.511226	 97.510902	 97.510625	 97.510394	  97.51021	 97.510072	  97.50998	 97.509933	
        99	 98.977594	 98.955192	 98.932796	 98.910411	 98.888038	 98.865682	 98.843346	 98.821034	 98.798748	 98.776491	 98.754268	 98.732081	 98.709933	 98.687829	  98.66577	  98.64376	 98.621803	 98.599901	 98.578057	 98.556275	 98.534558	 98.512908	 98.491329	 98.469824	 98.448395	 98.427046	 98.405779	 98.384597	 98.363504	 98.342501	 98.321591	 98.300777	 98.280063	 98.259449	  98.23894	 98.218537	 98.198243	  98.17806	 98.157991	 98.138037	 98.118203	 98.098488	 98.078897	  98.05943	  98.04009	 98.020879	 98.001799	 97.982852	  97.96404	 97.945364	 97.926827	  97.90843	 97.890174	 97.872062	 97.854095	 97.836274	 97.818601	 97.801077	 97.783703	 97.766482	 97.749414	 97.732499	 97.715741	 97.699138	 97.682693	 97.666407	 97.650279	 97.634312	 97.618505	 97.602861	 97.587378	 97.572058	 97.556902	  97.54191	 97.527082	 97.512419	 97.497921	 97.483588	 97.469422	 97.455421	 97.441586	 97.427918	 97.414415	 97.401079	 97.387909	 97.374906	 97.362068	 97.349396	  97.33689	 97.324548	 97.312372	 97.300361	 97.288514	  97.27683	  97.26531	 97.253953	 97.242758	 97.231724	 97.220852	  97.21014	 97.199587	 97.189194	 97.178959	 97.168881	 97.158959	 97.149194	 97.139583	 97.130126	 97.120822	  97.11167	 97.102669	 97.093818	 97.085116	 97.076561	 97.068154	 97.059892	 97.051775	 97.043801	  97.03597	 97.028279	 97.020729	 97.013317	 97.006043	 96.998905	 96.991902	 96.985033	 96.978297	 96.971691	 96.965216	  96.95887	 96.952651	 96.946558	  96.94059	 96.934746	 96.929024	 96.923423	 96.917942	 96.912579	 96.907334	 96.902204	 96.897189	 96.892287	 96.887497	 96.882818	 96.878249	 96.873788	 96.869433	 96.865185	 96.861041	 96.857001	 96.853063	 96.849225	 96.845488	 96.841849	 96.838308	 96.834863	 96.831513	 96.828257	 96.825095	 96.822025	 96.819045	 96.816156	 96.813355	 96.810643	 96.808017	 96.805477	 96.803023	 96.800653	 96.798366	 96.796161	 96.794039	 96.791997	 96.790035	 96.788152	 96.786348	 96.784622	 96.782973	 96.781401	 96.779904	 96.778483	 96.777136	 96.775864	 96.774665	 96.773539	 96.772486	 96.771505	 96.770596	 96.769759	 96.768992	 96.768296	 96.767671	 96.767115	  96.76663	 96.766214	 96.765868	 96.765592	 96.765384	 96.765246	 96.765177	
        99	 98.970131	 98.940266	 98.910411	 98.880568	 98.850743	 98.820941	 98.791165	  98.76142	  98.73171	  98.70204	 98.672414	 98.642836	 98.613312	 98.583844	 98.554437	 98.525096	 98.495824	 98.466627	 98.437507	  98.40847	 98.379518	 98.350657	  98.32189	 98.293221	 98.264655	 98.236194	 98.207843	 98.179605	 98.151485	 98.123486	 98.095611	 98.067865	  98.04025	  98.01277	 97.985429	  97.95823	 97.931175	  97.90427	 97.877515	 97.850916	 97.824474	 97.798193	 97.772075	 97.746124	 97.720342	 97.694732	 97.669296	 97.644038	 97.618959	 97.594063	  97.56935	 97.544825	 97.520489	 97.496343	 97.472391	 97.448634	 97.425074	 97.401713	 97.378552	 97.355594	  97.33284	 97.310292	 97.287951	 97.265818	 97.243895	 97.222184	 97.200684	 97.179398	 97.158326	  97.13747	  97.11683	 97.096408	 97.076203	 97.056216	 97.036449	 97.016902	 96.997575	 96.978468	 96.959582	 96.940918	 96.922475	 96.904253	 96.886253	 96.868475	 96.850918	 96.833583	 96.816469	 96.799576	 96.782904	 96.766452	  96.75022	 96.734207	 96.718414	 96.702838	 96.687481	  96.67234	 96.657416	 96.642708	 96.628214	 96.613933	 96.599866	  96.58601	 96.572366	 96.558931	 96.545705	 96.532686	 96.519874	 96.507267	 96.494864	 96.482663	 96.470664	 96.458864	 96.447263	  96.43586	 96.424652	 96.413638	 96.402817	 96.392187	 96.381747	 96.371495	 96.361429	 96.351549	 96.341851	 96.332336	    96.323	 96.313843	 96.304863	 96.296057	 96.287425	 96.278965	 96.270674	 96.262552	 96.254596	 96.246805	 96.239177	 96.231711	 96.224404	 96.217255	 96.210262	 96.203423	 96.196738	 96.190203	 96.183818	  96.17758	 96.171489	 96.165541	 96.159737	 96.154073	 96.148549	 96.143163	 96.137913	 96.132797	 96.127815	 96.122964	 96.118243	 96.113651	 96.109185	 96.104845	 96.100629	 96.096536	 96.092564	 96.088712	 96.084979	 96.081363	 96.077862	 96.074477	 96.071205	 96.068045	 96.064997	 96.062058	 96.059228	 96.056506	 96.053891	 96.051381	 96.048976	 96.046675	 96.044477	 96.042381	 96.040386	 96.038491	 96.036696	 96.034999	 96.033401	   96.0319	 96.030496	 96.029189	 96.027977	  96.02686	 96.025838	 96.024911	 96.024077	 96.023337	 96.022689	 96.022135	 96.021674	 96.021305	 96.021029	 96.020844	 96.020752	
        99	 98.962672	 98.925349	 98.888038	 98.850743	 98.813471	 98.776226	 98.739014	 98.701841	 98.664712	 98.627633	 98.590609	 98.553645	 98.516747	  98.47992	  98.44317	 98.406502	 98.369921	 98.333432	 98.297041	 98.260752	 98.224571	 98.188502	 98.152552	 98.116724	 98.081023	 98.045455	 98.010024	 97.974735	 97.939593	 97.904602	 97.869766	 97.835091	  97.80058	 97.766238	 97.732069	 97.698077	 97.664267	 97.630642	 97.597207	 97.563965	  97.53092	 97.498075	 97.465436	 97.433004	 97.400784	 97.368778	 97.336991	 97.305425	 97.274084	  97.24297	 97.212087	 97.181437	 97.151023	 97.120848	 97.090914	 97.061224	 97.031781	 97.002586	 96.973642	 96.944951	 96.916515	 96.888336	 96.860415	 96.832756	 96.805358	 96.778225	 96.751356	 96.724755	 96.698421	 96.672357	 96.646562	  96.62104	 96.595789	 96.570812	 96.546108	  96.52168	 96.497526	 96.473648	 96.450046	 96.426721	 96.403672	   96.3809	 96.358405	 96.336187	 96.314246	 96.292582	 96.271194	 96.250083	 96.229247	 96.208687	 96.188401	  96.16839	 96.148652	 96.129188	 96.109995	 96.091074	 96.072423	 96.054041	 96.035927	 96.018081	 96.000501	 95.983185	 95.966133	 95.949343	 95.932814	 95.916545	 95.900533	 95.884778	 95.869277	  95.85403	 95.839034	 95.824288	  95.80979	 95.795539	 95.781532	 95.767768	 95.754244	  95.74096	 95.727913	   95.7151	 95.702521	 95.690173	 95.678054	 95.666163	 95.654496	 95.643052	 95.631829	 95.620825	 95.610037	 95.599464	 95.589103	 95.578952	  95.56901	 95.559273	 95.549741	 95.540409	 95.531278	 95.522343	 95.513604	 95.505058	 95.496703	 95.488536	 95.480557	 95.472761	 95.465149	 95.457716	 95.450462	 95.443384	 95.436481	 95.429749	 95.423188	 95.416795	 95.410568	 95.404506	 95.398606	 95.392867	 95.387286	 95.381863	 95.376594	 95.371479	 95.366515	 95.361701	 95.357035	 95.352516	 95.348142	 95.343911	 95.339822	 95.335873	 95.332063	  95.32839	 95.324854	 95.321452	 95.318184	 95.315047	 95.312042	 95.309166	 95.306419	 95.303799	 95.301306	 95.298938	 95.296695	 95.294575	 95.292577	 95.290702	 95.288948	 95.287313	 95.285799	 95.284403	 95.283126	 95.281967	 95.280925	     95.28	 95.279191	 95.278499	 95.277922	 95.277461	 95.277115	 95.276885	  95.27677	
        99	 98.955219	 98.910444	 98.865682	 98.820941	 98.776226	 98.731544	 98.686902	 98.642307	 98.597764	 98.553281	 98.508864	  98.46452	 98.420254	 98.376074	 98.331986	 98.287996	 98.244111	 98.200336	 98.156678	 98.113144	 98.069738	 98.026468	 97.983339	 97.940357	 97.897528	 97.854858	 97.812353	 97.770017	 97.727858	  97.68588	 97.644088	 97.602489	 97.561087	 97.519888	 97.478897	 97.438118	 97.397557	 97.357218	 97.317106	 97.277227	 97.237583	 97.198181	 97.159024	 97.120117	 97.081463	 97.043067	 97.004932	 96.967064	 96.929464	 96.892138	 96.855088	 96.818318	 96.781831	 96.745631	  96.70972	 96.674102	  96.63878	 96.603756	 96.569032	 96.534612	 96.500498	 96.466693	 96.433197	 96.400015	 96.367147	 96.334595	 96.302362	 96.270449	 96.238857	 96.207588	 96.176644	 96.146025	 96.115732	 96.085768	 96.056132	 96.026825	 95.997849	 95.969203	 95.940888	 95.912906	 95.885255	 95.857936	 95.830949	 95.804295	 95.777973	 95.751983	 95.726325	 95.700998	 95.676002	 95.651336	    95.627	 95.602993	 95.579314	 95.555963	 95.532938	 95.510239	 95.487864	 95.465811	 95.444081	 95.422671	 95.401581	 95.380808	 95.360351	 95.340209	 95.320379	 95.300861	 95.281652	 95.262751	 95.244155	 95.225863	 95.207873	 95.190183	  95.17279	 95.155693	  95.13889	 95.122377	 95.106153	 95.090217	 95.074564	 95.059194	 95.044103	 95.029289	 95.014751	 95.000484	 94.986488	 94.972759	 94.959295	 94.946093	 94.933152	 94.920467	 94.908038	  94.89586	 94.883933	 94.872252	 94.860816	 94.849621	 94.838666	 94.827948	 94.817464	 94.807211	 94.797188	 94.787391	 94.777818	 94.768466	 94.759333	 94.750417	 94.741714	 94.733223	 94.724941	 94.716865	 94.708994	 94.701325	 94.693855	 94.686582	 94.679504	 94.672619	 94.665924	 94.659417	 94.653096	  94.64696	 94.641005	  94.63523	 94.629632	 94.624211	 94.618963	 94.613887	 94.608982	 94.604245	 94.599674	 94.595268	 94.591025	 94.586944	 94.583023	 94.579261	 94.575655	 94.572205	  94.56891	 94.565767	 94.562776	 94.559935	 94.557243	   94.5547	 94.552304	 94.550054	 94.547949	 94.545989	 94.544172	 94.542498	 94.540965	 94.539575	 94.538325	 94.537215	 94.536245	 94.535414	 94.534722	 94.534169	 94.533755	 94.533478	  94.53334	
        99	 98.947772	 98.895551	 98.843346	 98.791165	 98.739014	 98.686902	 98.634837	 98.582825	 98.530876	 98.478996	 98.427193	 98.375474	 98.323848	 98.272321	 98.220901	 98.169596	 98.118413	 98.067359	 98.016441	 97.965667	 97.915043	 97.864578	 97.814277	 97.764147	 97.714196	 97.664431	 97.614857	 97.565482	 97.516312	 97.467353	 97.418612	 97.370095	 97.321809	 97.273758	  97.22595	  97.17839	 97.131084	 97.084037	 97.037256	 96.990744	 96.944509	 96.898554	 96.852886	 96.807508	 96.762427	 96.717646	  96.67317	 96.629004	 96.585152	 96.541618	 96.498407	 96.455523	 96.412969	 96.370749	 96.328867	 96.287326	 96.246129	 96.205281	 96.164783	 96.124639	 96.084853	 96.045425	  96.00636	  95.96766	 95.929326	 95.891361	 95.853768	 95.816548	 95.779703	 95.743234	 95.707144	 95.671433	 95.636103	 95.601156	 95.566592	 95.532412	 95.498617	 95.465207	 95.432184	 95.399548	 95.367299	 95.335438	 95.303963	 95.272877	 95.242178	 95.211866	 95.181941	 95.152402	 95.123249	 95.094482	 95.066099	   95.0381	 95.010484	 94.983249	 94.956396	 94.929921	 94.903825	 94.878106	 94.852762	 94.827792	 94.803195	 94.778967	 94.755109	 94.731617	  94.70849	 94.685726	 94.663323	 94.641278	  94.61959	 94.598257	 94.577275	 94.556643	 94.536358	 94.516418	  94.49682	 94.477562	  94.45864	 94.440053	 94.421798	 94.403871	 94.386271	 94.368994	 94.352038	 94.335399	 94.319075	 94.303063	 94.287361	 94.271964	  94.25687	 94.242076	  94.22758	 94.213377	 94.199466	 94.185843	 94.172505	 94.159449	 94.146672	 94.134172	 94.121944	 94.109987	 94.098296	  94.08687	 94.075705	 94.064798	 94.054146	 94.043747	 94.033598	 94.023695	 94.014035	 94.004617	 93.995437	 93.986492	  93.97778	 93.969298	 93.961043	 93.953012	 93.945204	 93.937615	 93.930244	 93.923087	 93.916141	 93.909406	 93.902878	 93.896555	 93.890434	 93.884514	 93.878793	 93.873268	 93.867937	 93.862799	 93.857851	 93.853091	 93.848518	  93.84413	 93.839925	 93.835901	 93.832057	 93.828392	 93.824903	  93.82159	 93.818451	 93.815485	  93.81269	 93.810066	 93.807612	 93.805325	 93.803206	 93.801253	 93.799466	 93.797844	 93.796386	 93.795092	  93.79396	 93.792992	 93.792185	  93.79154	 93.791056	 93.790734	 93.790573	
        99	 98.940333	 98.880674	 98.821034	  98.76142	 98.701841	 98.642307	 98.582825	 98.523406	 98.464057	 98.404787	 98.345606	 98.286521	 98.227541	 98.168675	 98.109932	 98.051319	 97.992846	  97.93452	  97.87635	 97.818344	  97.76051	 97.702856	  97.64539	 97.588121	 97.531055	 97.474201	 97.417567	 97.361159	 97.304985	 97.249053	  97.19337	 97.137943	 97.082779	 97.027884	 96.973267	 96.918933	 96.864888	 96.811141	 96.757696	  96.70456	 96.651739	 96.599239	 96.547065	 96.495225	 96.443722	 96.392563	 96.341752	 96.291295	 96.241198	 96.191463	 96.142098	 96.093105	  96.04449	 95.996256	 95.948409	 95.900951	 95.853887	  95.80722	 95.760954	 95.715093	 95.669639	 95.624596	 95.579967	 95.535754	  95.49196	 95.448588	  95.40564	 95.363119	 95.321026	 95.279363	 95.238132	 95.197335	 95.156973	 95.117048	 95.077561	 95.038512	 94.999904	 94.961736	 94.924009	 94.886725	 94.849882	 94.813483	 94.777525	 94.742011	 94.706939	  94.67231	 94.638122	 94.604376	 94.571071	 94.538207	 94.505781	 94.473794	 94.442244	 94.411131	 94.380452	 94.350207	 94.320394	 94.291012	 94.262058	 94.233532	  94.20543	 94.177752	 94.150495	 94.123658	 94.097237	  94.07123	 94.045636	 94.020452	 93.995675	 93.971303	 93.947333	 93.923762	 93.900588	 93.877807	 93.855418	 93.833417	   93.8118	 93.790566	  93.76971	  93.74923	 93.729123	 93.709386	 93.690014	 93.671006	 93.652357	 93.634064	 93.616125	 93.598535	 93.581291	  93.56439	 93.547829	 93.531604	 93.515711	 93.500147	  93.48491	 93.469994	 93.455398	 93.441116	 93.427147	 93.413487	 93.400131	 93.387077	 93.374322	 93.361862	 93.349693	 93.337813	 93.326217	 93.314904	 93.303869	 93.293109	 93.282621	 93.272402	 93.262449	 93.252759	 93.243328	 93.234154	 93.225234	 93.216564	 93.208143	 93.199966	 93.192031	 93.184337	 93.176879	 93.169655	 93.162663	   93.1559	 93.149364	 93.143052	 93.136962	 93.131091	 93.125438	 93.120001	 93.114776	 93.109763	 93.104959	 93.100362	 93.095971	 93.091784	 93.087798	 93.084013	 93.080427	 93.077038	 93.073846	 93.070848	 93.068043	 93.065431	  93.06301	  93.06078	 93.058738	 93.056885	 93.055219	 93.053741	 93.052448	 93.051341	  93.05042	 93.049683	  93.04913	 93.048762	 93.048578	
        99	 98.932903	 98.865815	 98.798748	  98.73171	 98.664712	 98.597764	 98.530876	 98.464057	 98.397317	 98.330667	 98.264116	 98.197673	 98.131349	 98.065153	 97.999094	 97.933183	 97.867428	 97.801839	 97.736425	 97.671195	  97.60616	 97.541326	 97.476705	 97.412304	 97.348132	 97.284198	 97.220511	 97.157079	  97.09391	 97.031013	 96.968396	 96.906066	 96.844033	 96.782302	 96.720884	 96.659783	 96.599009	 96.538568	 96.478468	 96.418715	 96.359317	 96.300279	 96.241609	 96.183312	 96.125396	 96.067866	 96.010728	 95.953988	 95.897652	 95.841725	 95.786211	 95.731118	 95.676449	 95.622209	 95.568403	 95.515035	  95.46211	 95.409632	 95.357605	 95.306033	 95.254919	 95.204267	  95.15408	 95.104361	 95.055114	 95.006341	 94.958045	 94.910229	 94.862894	 94.816043	 94.769677	   94.7238	 94.678412	 94.633515	 94.589111	   94.5452	 94.501783	 94.458862	 94.416438	  94.37451	  94.33308	 94.292148	 94.251713	 94.211776	 94.172337	 94.133395	  94.09495	 94.057002	  94.01955	 93.982592	 93.946129	 93.910159	  93.87468	 93.839692	 93.805193	 93.771182	 93.737657	 93.704615	 93.672056	 93.639977	 93.608377	 93.577252	 93.546601	 93.516421	  93.48671	 93.457465	 93.428684	 93.400363	 93.372501	 93.345094	 93.318139	 93.291633	 93.265573	 93.239956	 93.214778	 93.190037	 93.165729	  93.14185	 93.118397	 93.095367	 93.072756	 93.050561	 93.028777	 93.007401	  92.98643	  92.96586	 92.945686	 92.925906	 92.906515	 92.887509	 92.868886	  92.85064	 92.832768	 92.815267	 92.798131	 92.781359	 92.764944	 92.748885	 92.733176	 92.717814	 92.702796	 92.688116	 92.673773	 92.659761	 92.646077	 92.632717	 92.619678	 92.606955	 92.594546	 92.582446	 92.570652	 92.559161	 92.547969	 92.537072	 92.526466	  92.51615	 92.506119	  92.49637	 92.486899	 92.477704	 92.468782	 92.460129	 92.451742	 92.443619	 92.435756	 92.428151	 92.420801	 92.413703	 92.406854	 92.400253	 92.393896	 92.387781	 92.381906	 92.376269	 92.370867	 92.365697	 92.360759	  92.35605	 92.351569	 92.347312	  92.34328	 92.339469	 92.335879	 92.332508	 92.329354	 92.326417	 92.323694	 92.321186	  92.31889	 92.316806	 92.314933	  92.31327	 92.311817	 92.310572	 92.309535	 92.308707	 92.308086	 92.307672	 92.307465	
        99	 98.925482	 98.850976	 98.776491	  98.70204	 98.627633	 98.553281	 98.478996	 98.404787	 98.330667	 98.256646	 98.182735	 98.108945	 98.035286	 97.961769	 97.888405	 97.815204	 97.742177	 97.669335	 97.596687	 97.524244	 97.452016	 97.380013	 97.308245	 97.236721	 97.165453	 97.094449	 97.023718	 96.953271	 96.883117	 96.813264	 96.743722	   96.6745	 96.605606	 96.537049	 96.468838	  96.40098	 96.333485	  96.26636	 96.199614	 96.133253	 96.067285	 96.001718	  95.93656	 95.871817	 95.807496	 95.743603	 95.680147	 95.617132	 95.554565	 95.492453	 95.430801	 95.369614	 95.308899	 95.248661	 95.188905	 95.129635	 95.070858	 95.012576	 94.954795	  94.89752	 94.840753	 94.784499	 94.728762	 94.673545	 94.618852	 94.564685	 94.511048	 94.457944	 94.405374	 94.353342	 94.301849	 94.250898	 94.200491	 94.150629	 94.101313	 94.052546	 94.004329	 93.956661	 93.909545	 93.862981	 93.816969	 93.771509	 93.726603	  93.68225	 93.638449	 93.595201	 93.552504	 93.510359	 93.468765	 93.427721	 93.387225	 93.347277	 93.307875	 93.269017	 93.230703	 93.192931	 93.155698	 93.119002	 93.082843	 93.047216	 93.012121	 92.977554	 92.943513	 92.909996	 92.876999	  92.84452	 92.812556	 92.781103	  92.75016	 92.719721	 92.689785	 92.660348	 92.631406	 92.602956	 92.574994	 92.547517	 92.520521	 92.494001	 92.467955	 92.442378	 92.417266	 92.392616	 92.368423	 92.344684	 92.321393	 92.298548	 92.276144	 92.254176	  92.23264	 92.211533	  92.19085	 92.170586	 92.150738	 92.131301	 92.112271	 92.093643	 92.075414	 92.057578	 92.040132	 92.023072	 92.006392	  91.99009	  91.97416	 91.958598	 91.943401	 91.928563	 91.914082	 91.899953	 91.886171	 91.872733	 91.859635	 91.846873	 91.834443	 91.822341	 91.810563	 91.799105	 91.787965	 91.777138	  91.76662	 91.756408	 91.746499	 91.736889	 91.727575	 91.718553	 91.709821	 91.701375	 91.693212	 91.685329	 91.677723	 91.670392	 91.663332	 91.656541	 91.650016	 91.643755	 91.637755	 91.632014	  91.62653	 91.621301	 91.616323	 91.611596	 91.607118	 91.602886	 91.598898	 91.595154	 91.591652	  91.58839	 91.585366	  91.58258	  91.58003	 91.577716	 91.575636	 91.573789	 91.572175	 91.570793	 91.569642	 91.568721	 91.568032	 91.567572	 91.567342	
        99	 98.918073	 98.836158	 98.754268	 98.672414	 98.590609	 98.508864	 98.427193	 98.345606	 98.264116	 98.182735	 98.101475	 98.020348	 97.939365	 97.858538	  97.77788	 97.697401	 97.617113	 97.537028	 97.457156	  97.37751	 97.298101	 97.218938	 97.140034	   97.0614	 96.983045	 96.904981	 96.827218	 96.749766	 96.672637	 96.595838	 96.519382	 96.443277	 96.367533	 96.292159	 96.217166	 96.142562	 96.068356	 95.994557	 95.921173	 95.848214	 95.775687	 95.703602	 95.631964	 95.560784	 95.490067	 95.419822	 95.350056	 95.280776	 95.211988	   95.1437	 95.075918	 95.008648	 94.941896	 94.875668	  94.80997	 94.744808	 94.680186	 94.616109	 94.552584	 94.489613	 94.427202	 94.365355	 94.304076	 94.243369	 94.183238	 94.123685	 94.064715	  94.00633	 93.948533	 93.891328	 93.834715	 93.778698	 93.723279	 93.668459	  93.61424	 93.560625	 93.507613	 93.455206	 93.403405	 93.352211	 93.301624	 93.251644	 93.202273	 93.153509	 93.105354	 93.057805	 93.010864	 92.964528	 92.918798	 92.873673	 92.829151	  92.78523	 92.741911	  92.69919	 92.657066	 92.615538	 92.574603	 92.534259	 92.494504	 92.455335	  92.41675	 92.378746	 92.341321	 92.304471	 92.268193	 92.232485	 92.197342	 92.162763	 92.128742	 92.095278	 92.062365	 92.030001	 91.998182	 91.966903	 91.936161	 91.905951	 91.876271	 91.847114	 91.818478	 91.790358	  91.76275	 91.735649	  91.70905	  91.68295	 91.657344	 91.632228	 91.607595	 91.583443	 91.559767	 91.536561	 91.513821	 91.491543	 91.469721	 91.448351	 91.427429	 91.406949	 91.386907	 91.367298	 91.348118	 91.329361	 91.311023	 91.293099	 91.275585	 91.258476	 91.241768	 91.225456	 91.209534	    91.194	 91.178848	 91.164074	 91.149674	 91.135643	 91.121977	 91.108671	 91.095722	 91.083126	 91.070877	 91.058974	  91.04741	 91.036183	 91.025289	 91.014723	 91.004483	 90.994564	 90.984964	 90.975678	 90.966703	 90.958036	 90.949674	 90.941614	 90.933852	 90.926386	 90.919212	 90.912329	 90.905733	 90.899421	 90.893391	 90.887642	  90.88217	 90.876972	 90.872049	 90.867396	 90.863012	 90.858896	 90.855045	 90.851458	 90.848134	 90.845071	 90.842268	 90.839724	 90.837437	 90.835406	 90.833632	 90.832112	 90.830846	 90.829835	 90.829076	 90.828571	 90.828318	
        99	 98.910676	 98.821365	 98.732081	 98.642836	 98.553645	  98.46452	 98.375474	 98.286521	 98.197673	 98.108945	 98.020348	 97.931895	 97.843601	 97.755476	 97.667535	  97.57979	 97.492253	 97.404937	 97.317854	 97.231017	 97.144437	 97.058127	 96.972099	 96.886365	 96.800935	 96.715823	 96.631039	 96.546594	   96.4625	 96.378768	 96.295408	 96.212431	 96.129849	  96.04767	 95.965905	 95.884565	 95.803659	 95.723197	 95.643187	 95.563641	 95.484566	 95.405971	 95.327866	 95.250259	 95.173157	  95.09657	 95.020505	 94.944969	 94.869971	 94.795517	 94.721615	 94.648271	 94.575492	 94.503284	 94.431655	 94.360609	 94.290152	  94.22029	 94.151029	 94.082372	 94.014326	 93.946895	 93.880084	 93.813895	 93.748335	 93.683405	 93.619111	 93.555454	 93.492439	 93.430068	 93.368344	  93.30727	 93.246847	 93.187077	 93.127963	 93.069506	 93.011708	 92.954569	 92.898091	 92.842275	  92.78712	 92.732628	 92.678799	 92.625633	 92.573129	 92.521288	 92.470108	 92.419589	  92.36973	  92.32053	 92.271988	 92.224102	 92.176871	 92.130293	 92.084366	 92.039088	 91.994457	 91.950471	 91.907126	 91.864421	 91.822352	 91.780917	 91.740112	 91.699935	 91.660382	 91.621449	 91.583134	 91.545432	  91.50834	 91.471854	  91.43597	 91.400684	 91.365991	 91.331888	  91.29837	 91.265433	 91.233073	 91.201284	 91.170062	 91.139404	 91.109302	 91.079754	 91.050754	 91.022298	  90.99438	 90.966995	 90.940139	 90.913806	 90.887992	 90.862691	 90.837898	 90.813608	 90.789816	 90.766517	 90.743706	 90.721377	 90.699525	 90.678146	 90.657233	 90.636783	 90.616789	 90.597247	 90.578152	 90.559498	 90.541281	 90.523496	 90.506137	 90.489201	 90.472681	 90.456573	 90.440872	 90.425574	 90.410674	 90.396167	 90.382049	 90.368315	 90.354961	 90.341983	 90.329375	 90.317134	 90.305256	 90.293737	 90.282572	 90.271758	  90.26129	 90.251166	 90.241381	 90.231932	 90.222815	 90.214026	 90.205564	 90.197423	 90.189602	 90.182097	 90.174905	 90.168024	  90.16145	 90.155181	 90.149215	 90.143549	  90.13818	 90.133107	 90.128328	  90.12384	 90.119641	 90.115731	 90.112107	 90.108767	 90.105711	 90.102937	 90.100443	 90.098229	 90.096294	 90.094638	 90.093258	 90.092155	 90.091328	 90.090777	 90.090501	
        99	 98.903292	 98.806598	 98.709933	 98.613312	 98.516747	 98.420254	 98.323848	 98.227541	 98.131349	 98.035286	 97.939365	 97.843601	 97.748007	 97.652598	 97.557387	 97.462388	 97.367615	 97.273081	   97.1788	 97.084784	 96.991047	 96.897603	 96.804463	 96.711641	  96.61915	 96.527002	 96.435209	 96.343784	 96.252738	 96.162084	 96.071833	 95.981998	 95.892588	 95.803616	 95.715092	 95.627028	 95.539434	  95.45232	 95.365697	 95.279575	 95.193963	 95.108872	  95.02431	 94.940287	 94.856812	 94.773893	  94.69154	  94.60976	 94.528562	 94.447954	 94.367942	 94.288536	 94.209741	 94.131564	 94.054013	 93.977094	 93.900813	 93.825176	 93.750189	 93.675858	 93.602187	 93.529181	 93.456847	 93.385187	 93.314207	  93.24391	   93.1743	 93.105382	 93.037158	 92.969631	 92.902804	 92.836681	 92.771263	 92.706553	 92.642552	 92.579263	 92.516687	 92.454824	 92.393678	 92.333247	 92.273534	 92.214537	 92.156258	 92.098697	 92.041853	 91.985726	 91.930315	  91.87562	  91.82164	 91.768373	 91.715818	 91.663974	 91.612838	  91.56241	 91.512686	 91.463666	 91.415345	 91.367722	 91.320795	 91.274559	 91.229013	 91.184152	 91.139975	 91.096476	 91.053653	 91.011503	  90.97002	 90.929202	 90.889043	 90.849541	 90.810691	 90.772487	 90.734927	 90.698005	 90.661716	 90.626057	 90.591021	 90.556604	 90.522802	 90.489609	 90.457019	 90.425028	 90.393631	 90.362822	 90.332597	 90.302948	 90.273872	 90.245362	 90.217414	 90.190022	 90.163179	 90.136881	 90.111123	 90.085898	   90.0612	 90.037026	 90.013368	 89.990221	  89.96758	 89.945439	 89.923792	 89.902635	 89.881961	 89.861766	 89.842043	 89.822787	 89.803994	 89.785657	 89.767771	 89.750332	 89.733333	 89.716771	 89.700639	 89.684933	 89.669648	 89.654778	  89.64032	 89.626269	 89.612619	 89.599366	 89.586506	 89.574035	 89.561947	 89.550239	 89.538906	 89.527945	 89.517351	 89.507121	  89.49725	 89.487735	 89.478573	  89.46976	 89.461292	 89.453167	  89.44538	  89.43793	 89.430813	 89.424026	 89.417566	 89.411431	 89.405619	 89.400127	 89.394952	 89.390093	 89.385548	 89.381314	  89.37739	 89.373775	 89.370466	 89.367462	 89.364763	 89.362366	 89.360271	 89.358477	 89.356983	 89.355789	 89.354894	 89.354297	 89.353999	
        99	 98.895922	  98.79186	 98.687829	 98.583844	  98.47992	 98.376074	 98.272321	 98.168675	 98.065153	 97.961769	 97.858538	 97.755476	 97.652598	 97.549918	 97.447452	 97.345214	 97.243218	  97.14148	 97.040014	 96.938833	 96.837953	 96.737388	 96.637151	 96.537255	 96.437716	 96.338545	 96.239757	 96.141365	 96.043381	 95.945819	  95.84869	 95.752008	 95.655785	 95.560033	 95.464763	 95.369988	 95.275719	 95.181967	 95.088742	 94.996057	 94.903921	 94.812345	 94.721339	 94.630913	 94.541077	  94.45184	 94.363211	 94.275199	 94.187813	 94.101062	 94.014953	 93.929495	 93.844695	 93.760561	   93.6771	  93.59432	 93.512226	 93.430825	 93.350123	 93.270127	 93.190842	 93.112273	 93.034426	 92.957306	 92.880916	 92.805263	 92.730348	 92.656178	 92.582755	 92.510082	 92.438163	 92.367001	 92.296597	 92.226956	 92.158078	 92.089966	 92.022621	 91.956044	 91.890238	 91.825202	 91.760938	 91.697446	 91.634726	 91.572778	 91.511602	 91.451198	 91.391564	 91.332701	 91.274607	 91.217281	 91.160721	 91.104926	 91.049894	 90.995623	  90.94211	 90.889353	 90.837351	 90.786099	 90.735595	 90.685836	 90.636819	  90.58854	 90.540995	 90.494182	 90.448096	 90.402733	 90.358089	  90.31416	 90.270942	 90.228429	 90.186618	 90.145503	 90.105081	 90.065345	 90.026291	 89.987914	 89.950208	 89.913169	 89.876791	 89.841068	 89.805995	 89.771566	 89.737776	  89.70462	  89.67209	 89.640183	 89.608891	 89.578209	  89.54813	  89.51865	 89.489762	 89.461461	 89.433739	 89.406592	 89.380012	 89.353995	 89.328534	 89.303624	 89.279257	 89.255429	 89.232133	 89.209363	 89.187114	 89.165379	 89.144154	 89.123431	 89.103205	 89.083471	 89.064222	 89.045454	  89.02716	 89.009335	 88.991974	 88.975071	 88.958621	 88.942619	 88.927059	 88.911937	 88.897247	 88.882984	 88.869144	 88.855722	 88.842713	 88.830112	 88.817916	  88.80612	 88.794718	 88.783708	 88.773086	 88.762846	 88.752985	 88.743501	 88.734388	 88.725643	 88.717263	 88.709245	 88.701585	 88.694281	 88.687329	 88.680727	 88.674472	 88.668561	 88.662992	 88.657763	 88.652871	 88.648315	 88.644092	 88.640201	  88.63664	 88.633407	 88.630502	 88.627923	 88.625668	 88.623737	  88.62213	 88.620845	 88.619881	 88.619239	 88.618918	
        99	 98.888568	 98.777152	  98.66577	 98.554437	  98.44317	 98.331986	 98.220901	 98.109932	 97.999094	 97.888405	  97.77788	 97.667535	 97.557387	 97.447452	 97.337745	 97.228282	 97.119079	 97.010152	 96.901516	 96.793186	 96.685178	 96.577506	 96.470186	 96.363232	 96.256658	  96.15048	 96.044711	 95.939366	 95.834459	 95.730002	 95.626011	 95.522497	 95.419475	 95.316956	 95.214955	 95.113483	 95.012552	 94.912175	 94.812363	 94.713128	 94.614482	 94.516435	 94.418998	 94.322183	 94.225998	 94.130455	 94.035564	 93.941333	 93.847772	 93.754891	 93.662697	   93.5712	 93.480408	 93.390329	 93.300971	 93.212341	 93.124446	 93.037293	 92.950889	  92.86524	 92.780352	 92.696232	 92.612884	 92.530314	 92.448527	 92.367527	 92.287319	 92.207908	 92.129296	 92.051488	 91.974487	 91.898296	 91.822918	 91.748356	 91.674611	 91.601685	 91.529582	 91.458301	 91.387844	 91.318213	 91.249408	 91.181429	 91.114277	 91.047952	 90.982453	  90.91778	 90.853933	 90.790911	 90.728712	 90.667335	 90.606778	 90.547041	  90.48812	 90.430013	 90.372719	 90.316235	 90.260558	 90.205684	 90.151611	 90.098336	 90.045855	 89.994165	 89.943261	  89.89314	 89.843797	 89.795229	  89.74743	 89.700397	 89.654125	 89.608608	 89.563842	 89.519823	 89.476543	    89.434	 89.392186	 89.351097	 89.310727	 89.271071	 89.232122	 89.193875	 89.156323	 89.119462	 89.083285	 89.047785	 89.012957	 88.978795	 88.945291	 88.912441	 88.880238	 88.848675	 88.817745	 88.787444	 88.757763	 88.728697	  88.70024	 88.672384	 88.645124	 88.618453	 88.592365	 88.566853	 88.541911	 88.517532	 88.493711	 88.470441	 88.447715	 88.425528	 88.403873	 88.382744	 88.362135	  88.34204	 88.322454	  88.30337	 88.284782	 88.266684	 88.249072	 88.231939	  88.21528	 88.199089	 88.183361	  88.16809	 88.153272	 88.138902	 88.124974	 88.111483	 88.098425	 88.085795	 88.073588	   88.0618	 88.050426	 88.039463	 88.028906	 88.018751	 88.008994	 87.999631	 87.990659	 87.982075	 87.973874	 87.966053	  87.95861	 87.951542	 87.944844	 87.938516	 87.932553	 87.926955	 87.921717	 87.916839	 87.912318	 87.908152	 87.904339	 87.900878	 87.897767	 87.895006	 87.892592	 87.890525	 87.888804	 87.887428	 87.886396	 87.885709	 87.885365	
        99	  98.88123	 98.762477	  98.64376	 98.525096	 98.406502	 98.287996	 98.169596	 98.051319	 97.933183	 97.815204	 97.697401	  97.57979	 97.462388	 97.345214	 97.228282	 97.111611	 96.995217	 96.879117	 96.763327	 96.647863	 96.532742	  96.41798	 96.303593	 96.189595	 96.076004	 95.962834	   95.8501	 95.737818	 95.626002	 95.514667	 95.403827	 95.293497	  95.18369	 95.074421	 94.965702	 94.857548	 94.749971	 94.642984	 94.536599	  94.43083	 94.325687	 94.221184	 94.117331	  94.01414	 93.911621	 93.809787	 93.708646	  93.60821	 93.508488	  93.40949	 93.311226	 93.213704	 93.116933	 93.020922	 92.925679	 92.831212	 92.737529	 92.644637	 92.552543	 92.461254	 92.370777	 92.281117	  92.19228	 92.104273	   92.0171	 91.930766	 91.845276	 91.760635	 91.676847	 91.593915	 91.511844	 91.430636	 91.350294	 91.270821	  91.19222	 91.114492	  91.03764	 90.961666	 90.886569	 90.812353	 90.739017	 90.666561	 90.594987	 90.524294	 90.454482	 90.385551	 90.317499	 90.250327	 90.184032	 90.118613	 90.054069	 89.990397	 89.927596	 89.865663	 89.804596	 89.744392	 89.685049	 89.626562	 89.568928	 89.512145	 89.456208	 89.401114	 89.346858	 89.293436	 89.240844	 89.189077	 89.138131	 89.088001	 89.038681	 88.990167	 88.942453	 88.895535	 88.849406	 88.804061	 88.759493	 88.715699	  88.67267	 88.630402	 88.588888	 88.548123	 88.508098	  88.46881	  88.43025	 88.392413	 88.355291	 88.318879	  88.28317	 88.248156	 88.213832	  88.18019	 88.147224	 88.114927	 88.083292	 88.052313	 88.021981	 87.992291	 87.963236	 87.934809	 87.907003	 87.879811	 87.853226	 87.827242	 87.801852	 87.777049	 87.752827	 87.729178	 87.706097	 87.683577	 87.661611	 87.640194	 87.619317	 87.598976	 87.579164	 87.559875	 87.541103	 87.522842	 87.505085	 87.487828	 87.471064	 87.454788	 87.438995	 87.423678	 87.408832	 87.394453	 87.380535	 87.367073	 87.354063	 87.341498	 87.329376	 87.317691	 87.306438	 87.295615	 87.285215	 87.275236	 87.265673	 87.256523	 87.247782	 87.239447	 87.231514	  87.22398	 87.216841	 87.210096	 87.203741	 87.197774	 87.192191	 87.186992	 87.182173	 87.177732	 87.173669	  87.16998	 87.166664	 87.163721	 87.161148	 87.158945	  87.15711	 87.155644	 87.154544	 87.153811	 87.153445	
        99	 98.873909	 98.747837	 98.621803	 98.495824	 98.369921	 98.244111	 98.118413	 97.992846	 97.867428	 97.742177	 97.617113	 97.492253	 97.367615	 97.243218	 97.119079	 96.995217	 96.871649	 96.748393	 96.625466	 96.502886	 96.380669	 96.258833	 96.137395	 96.016371	 95.895779	 95.775633	 95.655951	 95.536748	  95.41804	 95.299843	 95.182171	 95.065041	 94.948466	 94.832462	 94.717042	 94.602221	 94.488013	 94.374432	  94.26149	 94.149201	 94.037578	 93.926634	  93.81638	 93.706828	 93.597991	 93.489879	 93.382505	 93.275878	  93.17001	  93.06491	 92.960589	 92.857056	  92.75432	 92.652392	 92.551279	 92.450989	 92.351532	 92.252914	 92.155144	 92.058228	 91.962174	 91.866988	 91.772675	 91.679243	 91.586697	 91.495042	 91.404283	 91.314425	 91.225473	 91.137429	 91.050299	 90.964085	 90.878792	  90.79442	 90.710975	 90.628456	 90.546867	  90.46621	 90.386485	 90.307694	 90.229837	 90.152916	  90.07693	  90.00188	 89.927765	 89.854585	 89.782339	 89.711026	 89.640645	 89.571194	 89.502672	 89.435076	 89.368404	 89.302654	 89.237823	 89.173908	 89.110906	 89.048815	 88.987629	 88.927346	 88.867961	 88.809471	  88.75187	 88.695156	 88.639322	 88.584365	 88.530279	 88.477058	 88.424699	 88.373195	  88.32254	  88.27273	 88.223757	 88.175617	 88.128303	 88.081809	 88.036129	 87.991255	 87.947183	 87.903904	 87.861413	 87.819703	 87.778766	 87.738597	 87.699187	 87.660531	 87.622621	 87.585449	 87.549009	 87.513294	 87.478296	 87.444008	 87.410423	 87.377534	 87.345333	 87.313813	 87.282967	 87.252788	 87.223268	   87.1944	 87.166176	 87.138591	 87.111636	 87.085304	 87.059589	 87.034483	 87.009979	 86.986071	 86.962751	 86.940013	  86.91785	 86.896256	 86.875222	 86.854745	 86.834815	 86.815428	 86.796578	 86.778257	  86.76046	 86.743181	 86.726413	 86.710152	 86.694392	 86.679127	 86.664351	 86.650059	 86.636246	 86.622908	 86.610038	 86.597633	 86.585687	 86.574196	 86.563155	 86.552561	 86.542409	 86.532695	 86.523415	 86.514566	 86.506144	 86.498146	 86.490567	 86.483406	  86.47666	 86.470324	 86.464398	 86.458878	 86.453762	 86.449048	 86.444733	 86.440817	 86.437297	 86.434172	 86.431441	 86.429102	 86.427155	 86.425597	  86.42443	 86.423652	 86.423264	
