Time step 40:
        99	        99	        99	        99	        99	        99	        99	        99	        99	        99	        99	        99	        99	        99	        99	        99	        99	        99	        99	        99	        99	        99	        99	        99	        99	        99	        99	        99	        99	        99	        99	        99	        99	        99	        99	        99	        99	        99	        99	        99	        99	        99	        99	        99	        99	        99	        99	        99	        99	        99	        99	        99	        99	        99	        99	        99	        99	        99	        99	        99	        99	        99	        99	        99	        99	        99	        99	        99	        99	        99	        99	        99	        99	        99	        99	        99	        99	        99	        99	        99	        99	        99	        99	        99	        99	        99	        99	        99	        99	        99	        99	        99	        99	        99	        99	        99	        99	        99	        99	        99	        99	        99	        99	        99	        99	        99	        99	        99	        99	        99	        99	        99	        99	        99	        99	        99	        99	        99	        99	        99	        99	        99	        99	        99	        99	        99	        99	        99	        99	        99	        99	        99	        99	        99	        99	        99	        99	        99	        99	        99	        99	        99	        99	        99	        99	        99	        99	        99	        99	        99	        99	        99	        99	        99	        99	        99	        99	        99	        99	        99	        99	        99	        99	        99	        99	        99	        99	        99	        99	        99	        99	        99	        99	        99	        99	        99	        99	        99	        99	        99	        99	        99	        99	        99	        99	        99	        99	        99	        99	        99	        99	        99	        99	        99	        99	        99	        99	        99	        99	        99	
        99	 98.984126	 98.968258	 98.952399	 98.936556	 98.920732	 98.904933	 98.889164	 98.873431	 98.857736	 98.842087	 98.826486	  98.81094	 98.795452	 98.780028	 98.764672	 98.749388	 98.734182	 98.719057	 98.704017	 98.689067	 98.674212	 98.659455	 98.644799	  98.63025	 98.615811	 98.601485	 98.587276	 98.573188	 98.559224	 98.545387	  98.53168	 98.518107	 98.504671	 98.491373	 98.478218	 98.465207	 98.452343	 98.439629	 98.427066	 98.414656	 98.402403	 98.390307	  98.37837	 98.366595	 98.354981	 98.343532	 98.332247	 98.321129	 98.310178	 98.299395	 98.288781	 98.278336	 98.268062	 98.257958	 98.248024	 98.238262	 98.228671	  98.21925	 98.210001	 98.200922	 98.192014	 98.183275	 98.174706	 98.166306	 98.158073	 98.150008	 98.142109	 98.134375	 98.126806	   98.1194	 98.112155	 98.105071	 98.098146	 98.091379	 98.084769	 98.078312	 98.072009	 98.065858	 98.059855	 98.054001	 98.048293	 98.042728	 98.037306	 98.032024	 98.026881	 98.021873	    98.017	 98.012258	 98.007647	 98.003163	 97.998805	  97.99457	 97.990456	 97.986462	 97.982584	  97.97882	 97.975169	 97.971629	 97.968196	 97.964868	 97.961644	 97.958521	 97.955497	  97.95257	 97.949737	 97.946997	 97.944347	 97.941784	 97.939308	 97.936916	 97.934605	 97.932373	 97.930219	 97.928141	 97.926136	 97.924202	 97.922339	 97.920542	 97.918811	 97.917144	  97.91554	 97.913995	 97.912508	 97.911078	 97.909703	 97.908382	 97.907111	 97.905891	 97.904719	 97.903594	 97.902514	 97.901478	 97.900484	 97.899531	 97.898617	 97.897742	 97.896903	   97.8961	 97.895332	 97.894596	 97.893892	 97.893219	 97.892575	  97.89196	 97.891372	 97.890811	 97.890275	 97.889763	 97.889275	 97.888809	 97.888365	 97.887942	 97.887538	 97.887154	 97.886788	  97.88644	 97.886109	 97.885794	 97.885494	  97.88521	 97.884939	 97.884682	 97.884439	 97.884207	 97.883988	  97.88378	 97.883584	 97.883397	 97.883221	 97.883055	 97.882897	 97.882749	 97.882608	 97.882476	 97.882352	 97.882235	 97.882125	 97.882022	 97.881925	 97.881835	  97.88175	 97.881672	 97.881599	 97.881531	 97.881468	 97.881411	 97.881358	  97.88131	 97.881266	 97.881226	 97.881191	  97.88116	 97.881134	 97.881111	 97.881092	 97.881077	 97.881065	 97.881058	 97.881054	
        99	 98.968258	 98.936525	 98.904813	 98.873131	 98.841489	 98.809896	 98.778364	 98.746901	 98.715517	 98.684223	 98.653027	 98.621939	 98.590969	 98.560125	 98.529418	 98.498856	 98.468447	 98.438202	 98.408127	 98.378233	 98.348527	 98.319017	 98.289711	 98.260617	 98.231743	 98.203096	 98.174683	 98.146511	 98.118587	 98.090917	 98.063509	 98.036367	 98.009498	 97.982907	   97.9566	 97.930583	 97.904859	 97.879434	 97.854312	 97.829498	 97.804994	 97.780806	 97.756937	 97.733389	 97.710166	 97.687271	 97.664706	 97.642473	 97.620574	 97.599012	 97.577787	 97.556901	 97.536355	  97.51615	 97.496286	 97.476765	 97.457585	 97.438747	 97.420251	 97.402097	 97.384283	 97.366809	 97.349673	 97.332875	 97.316412	 97.300285	 97.284489	 97.269024	 97.253888	 97.239077	 97.224591	 97.210425	 97.196578	 97.183046	 97.169826	 97.156916	 97.144312	  97.13201	 97.120007	 97.108301	 97.096886	 97.085759	 97.074916	 97.064354	 97.054068	 97.044055	  97.03431	 97.024828	 97.015607	  97.00664	 96.997925	 96.989457	 96.981231	 96.973243	 96.965489	 96.957963	 96.950662	 96.943582	 96.936717	 96.930063	 96.923616	 96.917371	 96.911324	 96.905471	 96.899806	 96.894326	 96.889027	 96.883903	 96.878951	 96.874167	 96.869546	 96.865083	 96.860776	  96.85662	 96.852611	 96.848745	 96.845017	 96.841425	 96.837964	 96.834631	 96.831421	 96.828332	  96.82536	   96.8225	 96.819751	 96.817108	 96.814568	 96.812128	 96.809784	 96.807534	 96.805374	 96.803302	 96.801315	 96.799409	 96.797583	 96.795832	 96.794155	 96.792549	 96.791012	 96.789541	 96.788133	 96.786787	   96.7855	  96.78427	 96.783094	 96.781972	   96.7809	 96.779876	   96.7789	 96.777969	 96.777081	 96.776234	 96.775428	  96.77466	 96.773928	 96.773232	 96.772569	 96.771939	  96.77134	 96.770771	  96.77023	 96.769717	 96.769229	 96.768767	 96.768329	 96.767913	  96.76752	 96.767147	 96.766795	 96.766462	 96.766147	  96.76585	 96.765569	 96.765305	 96.765056	 96.764822	 96.764603	 96.764396	 96.764203	 96.764022	 96.763854	 96.763696	  96.76355	 96.763415	  96.76329	 96.763174	 96.763069	 96.762972	 96.762885	 96.762806	 96.762736	 96.762674	  96.76262	 96.762575	 96.762537	 96.762507	 96.762484	 96.762469	 96.762462	
        99	 98.952399	 98.904813	 98.857257	 98.809747	 98.762296	  98.71492	 98.667633	 98.620451	 98.573388	 98.526459	 98.479677	 98.433058	 98.386615	 98.340362	 98.294313	 98.248481	 98.202881	 98.157524	 98.112425	 98.067595	 98.023047	 97.978794	 97.934847	 97.891218	 97.847918	 97.804958	  97.76235	 97.720103	 97.678228	 97.636735	 97.595632	  97.55493	 97.514637	 97.474762	 97.435312	 97.396296	  97.35772	 97.319593	  97.28192	 97.244708	 97.207963	  97.17169	 97.135896	 97.100583	 97.065758	 97.031424	 96.997585	 96.964245	 96.931405	  96.89907	 96.867241	  96.83592	  96.80511	  96.77481	 96.745023	 96.715748	 96.686986	 96.658737	    96.631	 96.603776	 96.577062	 96.550857	  96.52516	  96.49997	 96.475283	 96.451097	  96.42741	 96.404219	  96.38152	 96.359311	 96.337586	 96.316343	 96.295578	 96.275285	 96.255461	 96.236101	 96.217199	 96.198752	 96.180753	 96.163197	 96.146079	 96.129393	 96.113134	 96.097295	  96.08187	 96.066854	  96.05224	 96.038022	 96.024193	 96.010747	 95.997678	 95.984979	 95.972643	 95.960664	 95.949036	  95.93775	 95.926802	 95.916184	 95.905889	 95.895911	 95.886243	 95.876878	  95.86781	 95.859032	 95.850537	  95.84232	 95.834372	 95.826689	 95.819263	 95.812089	 95.805159	 95.798467	 95.792008	 95.785776	 95.779763	 95.773965	 95.768376	 95.762989	 95.757799	   95.7528	 95.747987	 95.743355	 95.738897	  95.73461	 95.730486	 95.726523	 95.722714	 95.719054	  95.71554	 95.712166	 95.708927	  95.70582	  95.70284	 95.699982	 95.697242	 95.694617	 95.692103	 95.689695	 95.687389	 95.685183	 95.683072	 95.681053	 95.679123	 95.677278	 95.675516	 95.673832	 95.672225	  95.67069	 95.669226	  95.66783	 95.666498	 95.665229	 95.664019	 95.662867	  95.66177	 95.660726	 95.659733	 95.658788	 95.657889	 95.657036	 95.656225	 95.655455	 95.654724	 95.654031	 95.653373	  95.65275	  95.65216	 95.651602	 95.651073	 95.650574	 95.650102	 95.649656	 95.649236	 95.648839	 95.648466	 95.648115	 95.647786	 95.647476	 95.647187	 95.646916	 95.646662	 95.646427	 95.646207	 95.646004	 95.645817	 95.645644	 95.645485	 95.645341	 95.645209	 95.645092	 95.644986	 95.644894	 95.644813	 95.644745	 95.644688	 95.644642	 95.644609	 95.644586	 95.644575	
        99	 98.936556	 98.873131	 98.809747	 98.746422	 98.683178	 98.620033	 98.557008	 98.494121	 98.431394	 98.368844	 98.306492	 98.244355	 98.182454	 98.120806	  98.05943	 97.998344	 97.937565	 97.877112	 97.817002	 97.757251	 97.697876	 97.638893	 97.580318	 97.522168	 97.464456	 97.407197	 97.350407	 97.294099	 97.238286	 97.182982	 97.128199	 97.073949	 97.020245	 96.967098	 96.914517	 96.862515	   96.8111	 96.760282	  96.71007	 96.660472	 96.611497	 96.563151	 96.515442	 96.468377	  96.42196	 96.376198	 96.331096	 96.286658	 96.242889	 96.199791	 96.157368	 96.115622	 96.074557	 96.034172	  95.99447	 95.955451	 95.917116	 95.879465	 95.842496	  95.80621	 95.770604	 95.735678	 95.701428	 95.667853	 95.634949	 95.602714	 95.571143	 95.540233	 95.509979	 95.480377	 95.451421	 95.423108	 95.395431	 95.368384	 95.341961	 95.316157	 95.290965	 95.266377	 95.242387	 95.218988	 95.196173	 95.173933	 95.152262	 95.131151	 95.110592	 95.090578	   95.0711	 95.052149	 95.033717	 95.015796	 94.998377	 94.981451	  94.96501	 94.949044	 94.933545	 94.918503	 94.903911	 94.889758	 94.876037	 94.862738	 94.849852	  94.83737	 94.825284	 94.813584	 94.802262	 94.791309	 94.780717	 94.770476	 94.760579	 94.751016	 94.741779	 94.732861	 94.724252	 94.715945	 94.707931	 94.700204	 94.692753	 94.685574	 94.678656	 94.671994	 94.665579	 94.659405	 94.653463	 94.647749	 94.642253	  94.63697	 94.631893	 94.627016	 94.622332	 94.617834	 94.613518	 94.609377	 94.605404	 94.601595	 94.597944	 94.594445	 94.591094	 94.587884	 94.584811	 94.581871	 94.579057	 94.576366	 94.573794	 94.571335	 94.568986	 94.566742	 94.564599	 94.562554	 94.560603	 94.558741	 94.556966	 94.555275	 94.553663	 94.552127	 94.550665	 94.549273	 94.547949	  94.54669	 94.545493	 94.544355	 94.543274	 94.542248	 94.541274	 94.540349	 94.539473	 94.538643	 94.537857	 94.537112	 94.536408	 94.535742	 94.535113	 94.534519	 94.533958	  94.53343	 94.532933	 94.532465	 94.532026	 94.531614	 94.531227	 94.530866	 94.530529	 94.530215	 94.529922	 94.529652	 94.529401	 94.529171	  94.52896	 94.528767	 94.528592	 94.528435	 94.528295	 94.528171	 94.528064	 94.527972	 94.527897	 94.527836	 94.527791	 94.527761	 94.527746	
        99	 98.920732	 98.841489	 98.762296	 98.683178	 98.604159	 98.525266	 98.446521	 98.367951	 98.289578	 98.211428	 98.133525	 98.055891	 97.978551	 97.901527	 97.824844	 97.748522	 97.672585	 97.597054	 97.521952	 97.447298	 97.373114	 97.299421	 97.226237	 97.153583	 97.081477	 97.009938	 96.938984	 96.868632	 96.798899	 96.729802	 96.661355	 96.593576	 96.526477	 96.460074	  96.39438	 96.329407	 96.265169	 96.201676	 96.138941	 96.076973	 96.015783	  95.95538	 95.895772	 95.836968	 95.778975	 95.721799	 95.665448	 95.609927	 95.555241	 95.501394	 95.448391	 95.396233	 95.344925	 95.294468	 95.244864	 95.196114	 95.148218	 95.101176	 95.054987	 95.009651	 94.965165	 94.921528	 94.878736	 94.836787	 94.795676	 94.755401	 94.715956	 94.677336	 94.639537	 94.602552	 94.566375	    94.531	 94.496419	 94.462627	 94.429615	 94.397374	 94.365899	 94.335179	 94.305206	 94.275971	 94.247465	 94.219679	 94.192602	 94.166226	  94.14054	 94.115534	 94.091198	  94.06752	 94.044492	 94.022101	 94.000337	  93.97919	 93.958648	   93.9387	 93.919335	 93.900542	  93.88231	 93.864628	 93.847485	 93.830868	 93.814768	 93.799174	 93.784073	 93.769455	 93.755309	 93.741625	 93.728391	 93.715596	  93.70323	 93.691282	 93.679742	 93.668599	 93.657843	 93.647464	 93.637452	 93.627797	 93.618489	 93.609518	 93.600875	 93.592551	 93.584536	 93.576822	 93.569399	 93.562259	 93.555393	 93.548792	 93.542449	 93.536355	 93.530503	 93.524884	 93.519491	 93.514317	 93.509354	 93.504595	 93.500033	 93.495661	 93.491474	 93.487464	 93.483625	  93.47995	 93.476435	 93.473074	 93.469859	 93.466787	 93.463852	 93.461049	 93.458372	 93.455816	 93.453378	 93.451053	 93.448835	 93.446721	 93.444707	 93.442789	 93.440962	 93.439223	 93.437569	 93.435995	 93.434499	 93.433078	 93.431727	 93.430445	 93.429228	 93.428074	 93.426979	 93.425942	 93.424959	 93.424029	 93.423149	 93.422317	 93.421531	 93.420789	 93.420088	 93.419429	 93.418807	 93.418223	 93.417674	 93.417159	 93.416676	 93.416225	 93.415804	 93.415411	 93.415046	 93.414708	 93.414395	 93.414107	 93.413843	 93.413602	 93.413384	 93.413188	 93.413012	 93.412858	 93.412724	  93.41261	 93.412515	  93.41244	 93.412383	 93.412346	 93.412327	
        99	 98.904933	 98.809896	  98.71492	 98.620033	 98.525266	 98.430648	 98.336209	 98.241979	 98.147987	 98.054261	  97.96083	 97.867724	 97.774969	 97.682594	 97.590627	 97.499094	 97.408022	 97.317438	 97.227367	 97.137834	 97.048865	 96.960484	 96.872715	  96.78558	 96.699103	 96.613306	  96.52821	 96.443836	 96.360205	 96.277336	 96.195248	 96.113959	 96.033488	  95.95385	 95.875062	  95.79714	 95.720099	 95.643952	 95.568713	 95.494395	 95.421009	 95.348567	 95.277079	 95.206554	 95.137003	 95.068432	  95.00085	 94.934263	 94.868678	 94.804099	 94.740531	 94.677979	 94.616445	 94.555932	 94.496441	 94.437975	 94.380532	 94.324115	  94.26872	 94.214348	 94.160996	 94.108661	 94.057341	 94.007031	 93.957727	 93.909424	 93.862118	 93.815801	 93.770468	 93.726111	 93.682724	 93.640298	 93.598826	 93.558299	 93.518707	 93.480041	 93.442292	 93.405449	 93.369502	 93.334441	 93.300253	 93.266929	 93.234456	 93.202823	 93.172018	 93.142028	 93.112841	 93.084445	 93.056826	 93.029973	 93.003872	 92.978509	 92.953873	 92.929949	 92.906725	 92.884187	 92.862321	 92.841115	 92.820554	 92.800626	 92.781318	 92.762615	 92.744504	 92.726973	 92.710008	 92.693596	 92.677724	 92.662379	 92.647548	 92.633219	 92.619379	 92.606015	 92.593116	 92.580668	 92.568661	 92.557081	 92.545918	 92.535159	 92.524794	 92.514811	 92.505199	 92.495947	 92.487045	 92.478481	 92.470247	 92.462331	 92.454723	 92.447415	 92.440396	 92.433657	  92.42719	 92.420984	 92.415032	 92.409324	 92.403853	  92.39861	 92.393588	 92.388779	 92.384175	 92.379768	 92.375553	 92.371521	 92.367666	 92.363982	 92.360461	 92.357099	 92.353888	 92.350824	   92.3479	 92.345111	 92.342451	 92.339916	 92.337501	   92.3352	 92.333009	 92.330924	  92.32894	 92.327052	 92.325258	 92.323553	 92.321934	 92.320396	 92.318937	 92.317552	 92.316239	 92.314995	 92.313817	 92.312701	 92.311646	 92.310648	 92.309705	 92.308815	 92.307975	 92.307184	 92.306439	 92.305738	  92.30508	 92.304462	 92.303883	 92.303342	 92.302836	 92.302366	 92.301928	 92.301522	 92.301147	 92.300802	 92.300485	 92.300196	 92.299935	 92.299699	 92.299489	 92.299304	 92.299143	 92.299006	 92.298892	 92.298802	 92.298734	  92.29869	 92.298667	
        99	 98.889164	 98.778364	 98.667633	 98.557008	 98.446521	 98.336209	 98.226106	 98.116246	 98.006663	 97.897391	 97.788463	 97.679913	 97.571773	 97.464076	 97.356854	 97.250138	  97.14396	 97.038351	  96.93334	 96.828956	  96.72523	 96.622189	 96.519861	 96.418273	 96.317452	 96.217424	 96.118213	 96.019845	 95.922341	 95.825727	 95.730023	 95.635251	 95.541431	 95.448584	 95.356728	 95.265881	  95.17606	 95.087283	 94.999564	 94.912919	  94.82736	 94.742902	 94.659556	 94.577334	 94.496246	 94.416302	  94.33751	 94.259878	 94.183414	 94.108123	 94.034012	 93.961084	 93.889343	 93.818792	 93.749434	  93.68127	   93.6143	 93.548524	 93.483941	  93.42055	 93.358348	 93.297333	   93.2375	 93.178845	 93.121363	 93.065048	 93.009895	 92.955896	 92.903043	 92.851329	 92.800745	 92.751283	 92.702931	 92.655681	 92.609522	 92.564443	 92.520432	 92.477478	 92.435569	 92.394692	 92.354834	 92.315982	 92.278123	 92.241243	 92.205328	 92.170364	 92.136335	 92.103229	  92.07103	 92.039722	 92.009291	 91.979722	 91.950999	 91.923108	 91.896031	 91.869754	 91.844262	 91.819538	 91.795567	 91.772334	 91.749822	 91.728017	 91.706903	 91.686464	 91.666685	  91.64755	 91.629046	 91.611155	 91.593865	 91.577159	 91.561023	 91.545443	 91.530404	 91.515891	 91.501892	 91.488392	 91.475377	 91.462834	 91.450749	  91.43911	 91.427904	 91.417117	 91.406738	 91.396754	 91.387154	 91.377925	 91.369056	 91.360535	 91.352352	 91.344495	 91.336955	  91.32972	  91.32278	 91.316126	 91.309748	 91.303635	  91.29778	 91.292173	 91.286805	 91.281668	 91.276753	 91.272052	 91.267558	 91.263263	 91.259158	 91.255238	 91.251495	 91.247923	 91.244514	 91.241262	 91.238161	 91.235206	 91.232389	 91.229707	 91.227152	 91.224721	 91.222408	 91.220208	 91.218116	 91.216129	  91.21424	 91.212448	 91.210746	 91.209132	 91.207601	 91.206151	 91.204777	 91.203476	 91.202246	 91.201082	 91.199983	 91.198945	 91.197967	 91.197044	 91.196175	 91.195358	 91.194591	 91.193871	 91.193196	 91.192565	 91.191975	 91.191426	 91.190916	 91.190443	 91.190006	 91.189603	 91.189234	 91.188897	 91.188592	 91.188317	 91.188073	 91.187857	 91.187669	 91.187509	 91.187377	 91.187272	 91.187193	 91.187141	 91.187114	
        99	 98.873431	 98.746901	 98.620451	 98.494121	 98.367951	 98.241979	 98.116246	  97.99079	 97.865651	 97.740867	 97.616476	 97.492516	 97.369025	  97.24604	 97.123597	 97.001732	 96.880481	  96.75988	 96.639961	  96.52076	 96.402309	  96.28464	 96.167786	 96.051777	 95.936644	 95.822416	 95.709122	 95.596789	 95.485444	 95.375114	 95.265824	 95.157599	 95.050461	 94.944433	 94.839537	 94.735794	 94.633223	 94.531843	 94.431672	 94.332726	 94.235022	 94.138574	 94.043397	 93.949503	 93.856904	  93.76561	 93.675633	 93.586981	 93.499662	 93.413684	 93.329051	 93.245771	 93.163846	  93.08328	 93.004076	 92.926235	 92.849758	 92.774645	 92.700894	 92.628504	 92.557472	 92.487795	 92.419469	 92.352487	 92.286845	 92.222536	 92.159554	 92.097889	 92.037533	 91.978478	 91.920714	 91.864229	 91.809014	 91.755057	 91.702345	 91.650866	 91.600608	 91.551556	 91.503698	 91.457018	 91.411502	 91.367135	 91.323901	 91.281786	 91.240772	 91.200844	 91.161985	 91.124179	 91.087409	 91.051657	 91.016906	  90.98314	  90.95034	 90.918488	 90.887568	 90.857561	  90.82845	 90.800216	 90.772842	 90.746311	 90.720604	 90.695703	 90.671591	 90.648251	 90.625664	 90.603814	 90.582682	 90.562252	 90.542507	  90.52343	 90.505003	 90.487211	 90.470037	 90.453465	 90.437478	 90.422061	 90.407199	 90.392875	 90.379075	 90.365784	 90.352986	 90.340669	 90.328816	 90.317415	 90.306452	 90.295913	 90.285784	 90.276054	  90.26671	 90.257738	 90.249127	 90.240865	  90.23294	 90.225341	 90.218057	 90.211077	 90.204391	 90.197988	 90.191858	 90.185991	 90.180379	 90.175011	 90.169878	 90.164973	 90.160286	  90.15581	 90.151535	 90.147456	 90.143563	 90.139849	 90.136308	 90.132933	 90.129717	 90.126654	 90.123737	 90.120961	 90.118319	 90.115807	 90.113418	 90.111148	 90.108992	 90.106945	 90.105001	 90.103158	  90.10141	 90.099754	 90.098185	 90.096699	 90.095294	 90.093966	 90.092711	 90.091526	 90.090408	 90.089354	 90.088362	 90.087429	 90.086553	  90.08573	  90.08496	 90.084239	 90.083566	 90.082939	 90.082356	 90.081816	 90.081317	 90.080857	 90.080436	 90.080051	 90.079703	 90.079389	 90.079109	 90.078863	 90.078649	 90.078466	 90.078315	 90.078195	 90.078105	 90.078045	 90.078015	
        99	 98.857736	 98.715517	 98.573388	 98.431394	 98.289578	 98.147987	 98.006663	 97.865651	 97.724995	 97.584738	 97.444923	 97.305592	 97.166789	 97.028553	 96.890928	 96.753952	 96.617667	 96.482111	 96.347323	 96.213341	 96.080202	 95.947943	 95.816599	 95.686206	 95.556796	 95.428404	 95.301062	   95.1748	 95.049649	 94.925638	 94.802797	 94.681151	 94.560728	 94.441554	 94.323651	 94.207044	 94.091754	 93.977803	 93.865211	 93.753997	 93.644178	 93.535771	 93.428792	 93.323255	 93.219174	  93.11656	 93.015426	 92.915782	 92.817636	 92.720996	 92.625869	 92.532262	 92.440178	 92.349623	 92.260598	 92.173105	 92.087145	 92.002718	 91.919822	 91.838456	 91.758617	   91.6803	 91.603501	 91.528214	 91.454432	 91.382149	 91.311357	 91.242046	 91.174206	 91.107829	 91.042901	 90.979413	 90.917351	 90.856703	 90.797455	 90.739594	 90.683103	  90.62797	 90.574177	 90.521708	 90.470549	  90.42068	 90.372086	 90.324748	 90.278649	  90.23377	 90.190093	 90.147599	 90.106269	 90.066084	 90.027025	 89.989071	 89.952204	 89.916403	 89.881648	 89.847921	   89.8152	 89.783465	 89.752697	 89.722876	 89.693981	 89.665993	 89.638891	 89.612657	 89.587269	 89.562709	 89.538957	 89.515994	 89.493801	 89.472358	 89.451647	 89.431648	 89.412345	 89.393717	 89.375748	  89.35842	 89.341715	 89.325615	 89.310104	 89.295164	  89.28078	 89.266935	 89.253613	 89.240798	 89.228476	  89.21663	 89.205245	 89.194309	 89.183805	 89.173721	 89.164042	 89.154756	 89.145848	 89.137307	  89.12912	 89.121275	 89.113759	 89.106562	 89.099672	 89.093078	 89.086769	 89.080736	 89.074967	 89.069454	 89.064186	 89.059154	  89.05435	 89.049764	 89.045388	 89.041215	 89.037235	 89.033441	 89.029826	 89.026383	 89.023105	 89.019984	 89.017015	 89.014191	 89.011506	 89.008955	 89.006531	  89.00423	 89.002046	 88.999974	 88.998009	 88.996147	 88.994384	 88.992714	 88.991135	 88.989642	 88.988231	 88.986899	 88.985643	 88.984459	 88.983344	 88.982295	  88.98131	 88.980385	 88.979519	 88.978709	 88.977953	 88.977248	 88.976593	 88.975985	 88.975424	 88.974908	 88.974434	 88.974002	  88.97361	 88.973258	 88.972943	 88.972666	 88.972425	  88.97222	 88.972051	 88.971915	 88.971814	 88.971747	 88.971713	
        99	 98.842087	 98.684223	 98.526459	 98.368844	 98.211428	 98.054261	 97.897391	 97.740867	 97.584738	 97.429052	 97.273856	 97.119199	 96.965126	 96.811684	 96.658919	 96.506875	 96.355598	  96.20513	 96.055515	 95.906794	 95.759009	 95.612201	 95.466409	 95.321671	 95.178026	  95.03551	 94.894159	 94.754008	  94.61509	 94.477437	 94.341083	 94.206056	 94.072386	 93.940101	 93.809228	 93.679794	 93.551822	 93.425336	 93.300358	 93.176909	  93.05501	 92.934677	  92.81593	 92.698784	 92.583253	 92.469352	 92.357092	 92.246486	 92.137544	 92.030273	 91.924682	 91.820777	 91.718564	 91.618047	 91.519229	 91.422111	 91.326695	  91.23298	 91.140966	 91.050649	 90.962027	 90.875095	 90.789847	 90.706279	 90.624381	 90.544147	 90.465566	 90.388631	 90.313329	 90.239649	 90.167579	 90.097107	 90.028218	 89.960899	 89.895133	 89.830906	 89.768202	 89.707003	 89.647293	 89.589053	 89.532265	 89.476911	 89.422971	 89.370426	 89.319255	 89.269439	 89.220958	 89.173789	 89.127913	 89.083307	 89.039951	 88.997822	 88.956899	  88.91716	 88.878583	 88.841145	 88.804824	 88.769599	 88.735446	 88.702344	 88.670271	 88.639204	 88.609121	     88.58	  88.55182	 88.524559	 88.498194	 88.472705	  88.44807	 88.424268	 88.401278	  88.37908	 88.357653	 88.336977	 88.317031	 88.297796	 88.279253	 88.261382	 88.244165	 88.227582	 88.211616	 88.196248	  88.18146	 88.167236	 88.153557	 88.140408	 88.127772	 88.115632	 88.103973	  88.09278	 88.082036	 88.071728	 88.061841	  88.05236	 88.043272	 88.034564	 88.026222	 88.018233	 88.010585	 88.003265	 87.996263	 87.989566	 87.983163	 87.977043	 87.971195	  87.96561	 87.960277	 87.955187	  87.95033	 87.945697	 87.941279	 87.937068	 87.933056	 87.929234	 87.925595	 87.922131	 87.918835	   87.9157	  87.91272	 87.909888	 87.907198	 87.904644	 87.902219	 87.899919	 87.897739	 87.895672	 87.893714	 87.891861	 87.890108	 87.888451	 87.886885	 87.885406	 87.884012	 87.882697	  87.88146	 87.880296	 87.879202	 87.878176	 87.877215	 87.876315	 87.875476	 87.874693	 87.873966	 87.873292	 87.872669	 87.872096	  87.87157	  87.87109	 87.870655	 87.870264	 87.869915	 87.869608	  87.86934	 87.869113	 87.868924	 87.868774	 87.868662	 87.868587	  87.86855	
        99	 98.826486	 98.653027	 98.479677	 98.306492	 98.133525	  97.96083	 97.788463	 97.616476	 97.444923	 97.273856	 97.103329	 96.933392	 96.764099	 96.595498	 96.427641	 96.260577	 96.094355	 95.929022	 95.764626	 95.601213	 95.438829	 95.277517	 95.117322	 94.958286	  94.80045	 94.643855	 94.488539	 94.334542	   94.1819	 94.030649	 93.880824	 93.732457	 93.585582	 93.440229	 93.296427	 93.154206	 93.013591	  92.87461	 92.737285	 92.601641	 92.467699	 92.335479	    92.205	  92.07628	 91.949336	 91.824183	 91.700833	 91.579301	 91.459595	 91.341727	 91.225705	 91.111535	 90.999224	 90.888777	 90.780196	 90.673484	 90.568642	 90.465669	 90.364565	 90.265325	 90.167948	 90.072428	 89.978759	 89.886934	 89.796946	 89.708785	 89.622442	 89.537905	 89.455164	 89.374206	 89.295016	 89.217582	 89.141888	 89.067917	 88.995655	 88.925083	 88.856184	 88.788939	  88.72333	 88.659336	 88.596939	 88.536116	 88.476847	 88.419111	 88.362885	 88.308148	 88.254877	 88.203049	  88.15264	 88.103628	 88.055988	 88.009698	 87.964732	 87.921067	 87.878678	 87.837542	 87.797633	 87.758928	 87.721401	 87.685029	 87.649787	 87.615651	 87.582596	 87.550599	 87.519635	  87.48968	 87.460711	 87.432703	 87.405635	 87.379482	 87.354221	  87.32983	 87.306286	 87.283567	 87.261651	 87.240516	 87.220141	 87.200504	 87.181586	 87.163365	 87.145821	 87.128935	 87.112686	 87.097057	 87.082027	 87.067579	 87.053694	 87.040355	 87.027545	 87.015245	  87.00344	 86.992114	  86.98125	 86.970832	 86.960847	 86.951278	 86.942112	 86.933334	  86.92493	 86.916888	 86.909194	 86.901835	 86.894799	 86.888074	 86.881649	 86.875512	 86.869653	 86.864059	 86.858723	 86.853632	 86.848778	 86.844151	 86.839742	 86.835542	 86.831544	 86.827738	 86.824116	 86.820672	 86.817398	 86.814286	  86.81133	 86.808523	 86.805859	 86.803332	 86.800936	 86.798665	 86.796514	 86.794478	 86.792552	  86.79073	  86.78901	 86.787385	 86.785853	 86.784409	 86.783049	  86.78177	 86.780568	 86.779441	 86.778384	 86.777396	 86.776474	 86.775614	 86.774815	 86.774074	  86.77339	  86.77276	 86.772182	 86.771655	 86.771177	 86.770747	 86.770364	 86.770026	 86.769732	 86.769482	 86.769275	  86.76911	 86.768987	 86.768905	 86.768864	
        99	  98.81094	 98.621939	 98.433058	 98.244355	 98.055891	 97.867724	 97.679913	 97.492516	 97.305592	 97.119199	 96.933392	  96.74823	 96.563768	 96.380062	 96.197165	 96.015133	 95.834018	 95.653871	 95.474746	 95.296692	 95.119758	 94.943994	 94.769445	  94.59616	 94.424182	 94.253557	 94.084326	 93.916531	 93.750212	  93.58541	  93.42216	 93.260501	 93.100466	 92.942089	 92.785404	  92.63044	 92.477226	 92.325792	 92.176164	 92.028366	 91.882423	 91.738357	 91.596188	 91.455935	 91.317617	  91.18125	 91.046849	 90.914427	 90.783997	 90.655568	  90.52915	 90.404752	 90.282378	 90.162035	 90.043726	 89.927452	 89.813217	 89.701018	 89.590855	 89.482724	 89.376622	 89.272543	 89.170482	  89.07043	 88.972379	 88.876319	  88.78224	 88.690129	 88.599975	 88.511762	 88.425478	 88.341106	 88.258629	 88.178031	 88.099294	   88.0224	 87.947327	 87.874058	  87.80257	 87.732843	 87.664854	 87.598582	 87.534003	 87.471094	 87.409831	 87.350189	 87.292145	 87.235673	 87.180748	 87.127345	 87.075437	 87.024999	 86.976004	 86.928427	  86.88224	 86.837418	 86.793934	  86.75176	 86.710872	 86.671241	 86.632841	 86.595646	  86.55963	 86.524766	 86.491027	 86.458389	 86.426824	 86.396307	 86.366813	 86.338317	 86.310793	 86.284216	 86.258563	 86.233808	 86.209928	   86.1869	 86.164699	 86.143304	  86.12269	 86.102837	 86.083721	 86.065322	 86.047618	 86.030588	 86.014211	 85.998469	  85.98334	 85.968806	 85.954847	 85.941446	 85.928583	 85.916242	 85.904404	 85.893054	 85.882174	 85.871748	  85.86176	 85.852195	 85.843039	 85.834276	 85.825892	 85.817874	 85.810208	 85.802881	  85.79588	 85.789193	 85.782809	 85.776714	 85.770899	 85.765352	 85.760063	 85.755022	 85.750218	 85.745642	 85.741285	 85.737138	 85.733192	  85.72944	 85.725872	 85.722481	  85.71926	 85.716202	 85.713299	 85.710546	 85.707935	 85.705461	 85.703117	 85.700899	   85.6988	 85.696815	  85.69494	  85.69317	 85.691501	 85.689927	 85.688445	 85.687052	 85.685742	 85.684514	 85.683363	 85.682286	 85.681281	 85.680344	 85.679474	 85.678667	 85.677921	 85.677234	 85.676605	  85.67603	  85.67551	 85.675041	 85.674624	 85.674255	 85.673936	 85.673663	 85.673437	 85.673258	 85.673123	 85.673034	 85.672989	
        99	 98.795452	 98.590969	 98.386615	 98.182454	 97.978551	 97.774969	 97.571773	 97.369025	 97.166789	 96.965126	 96.764099	 96.563768	 96.364196	  96.16544	 95.967561	 95.770617	 95.574664	 95.379761	 95.185962	 94.993322	 94.801894	 94.611731	 94.422884	 94.235403	 94.049337	 93.864734	  93.68164	   93.5001	 93.320157	 93.141854	 92.965231	 92.790329	 92.617184	 92.445833	 92.276312	 92.108654	 91.942889	  91.77905	 91.617164	 91.457259	 91.299361	 91.143493	 90.989677	 90.837935	 90.688287	 90.540749	 90.395338	 90.252068	 90.110953	 89.972003	  89.83523	  89.70064	 89.568242	  89.43804	 89.310039	 89.184241	 89.060648	 88.939258	  88.82007	 88.703081	 88.588287	 88.475683	 88.365261	 88.257012	 88.150929	    88.047	 87.945214	 87.845558	 87.748018	  87.65258	 87.559227	 87.467943	  87.37871	  87.29151	 87.206323	 87.123129	 87.041907	 86.962635	 86.885291	 86.809852	 86.736294	 86.664593	 86.594724	 86.526661	 86.460379	 86.395852	 86.333053	 86.271955	 86.212531	 86.154752	 86.098592	 86.044022	 85.991014	 85.939539	 85.889569	 85.841075	 85.794029	 85.748401	 85.704163	 85.661285	  85.61974	 85.579498	 85.540532	 85.502811	 85.466309	 85.430996	 85.396846	 85.363829	 85.331919	 85.301089	  85.27131	 85.242556	 85.214801	 85.188019	 85.162183	 85.137268	 85.113249	   85.0901	 85.067798	 85.046318	 85.025637	  85.00573	 84.986576	 84.968151	 84.950433	 84.933401	 84.917032	 84.901308	 84.886206	 84.871706	  84.85779	 84.844438	 84.831631	  84.81935	 84.807579	 84.796299	 84.785493	 84.775145	 84.765238	 84.755757	 84.746687	 84.738012	 84.729718	  84.72179	 84.714216	 84.706982	 84.700074	  84.69348	 84.687189	 84.681188	 84.675465	 84.670011	 84.664813	 84.659863	 84.655149	 84.650662	 84.646393	 84.642333	 84.638473	 84.634804	  84.63132	 84.628011	  84.62487	 84.621891	 84.619067	  84.61639	 84.613854	 84.611454	 84.609183	 84.607036	 84.605008	 84.603093	 84.601286	 84.599583	  84.59798	 84.596473	 84.595056	 84.593727	 84.592482	 84.591317	 84.590229	 84.589216	 84.588274	 84.587401	 84.586594	 84.585851	  84.58517	 84.584549	 84.583985	 84.583479	 84.583027	 84.582628	 84.582282	 84.581987	 84.581743	 84.581549	 84.581403	 84.581307	 84.581258	
        99	 98.780028	 98.560125	 98.340362	 98.120806	 97.901527	 97.682594	 97.464076	  97.24604	 97.028553	 96.811684	 96.595498	 96.380062	  96.16544	 95.951697	 95.738897	 95.527102	 95.316374	 95.106773	 94.898361	 94.691194	 94.485332	 94.280829	 94.077742	 93.876124	 93.676028	 93.477504	 93.280604	 93.085374	 92.891862	 92.700114	 92.510173	 92.322082	 92.135881	  91.95161	 91.769306	 91.589005	 91.410741	 91.234547	 91.060454	 90.888491	 90.718686	 90.551065	  90.38565	 90.222467	 90.061533	  89.90287	 89.746494	 89.592421	 89.440665	 89.291238	 89.144151	 88.999412	 88.857031	 88.717011	 88.579358	 88.444074	  88.31116	 88.180617	 88.052442	 87.926631	 87.803182	 87.682086	 87.563337	 87.446926	 87.332844	 87.221078	 87.111617	 87.004446	 86.899551	 86.796916	 86.696524	 86.598357	 86.502395	 86.408619	 86.317009	 86.227542	 86.140195	 86.054946	 85.971769	 85.890642	 85.811537	 85.734429	 85.659291	 85.586096	 85.514816	 85.445424	 85.377889	 85.312184	 85.248278	 85.186143	 85.125748	 85.067064	 85.010058	 84.954702	 84.900964	 84.848813	 84.798219	  84.74915	 84.701576	 84.655466	 84.610788	 84.567512	 84.525606	 84.485042	 84.445787	 84.407812	 84.371086	  84.33558	 84.301264	 84.268108	 84.236084	 84.205162	 84.175314	 84.146512	 84.118728	 84.091934	 84.066104	  84.04121	 84.017226	 83.994126	 83.971885	 83.950478	 83.929879	 83.910065	 83.891011	 83.872694	 83.855092	 83.838181	  83.82194	 83.806348	 83.791382	 83.777023	  83.76325	 83.750044	 83.737385	 83.725254	 83.713633	 83.702505	 83.691851	 83.681656	 83.671901	 83.662572	 83.653652	 83.645127	 83.636982	 83.629202	 83.621773	 83.614682	 83.607917	 83.601463	 83.595309	 83.589443	 83.583854	  83.57853	 83.573461	 83.568636	 83.564045	 83.559678	 83.555527	 83.551582	 83.547835	 83.544276	 83.540899	 83.537695	 83.534658	 83.531779	 83.529052	 83.526471	 83.524029	  83.52172	 83.519538	 83.517479	 83.515536	 83.513705	 83.511981	  83.51036	 83.508836	 83.507407	 83.506068	 83.504815	 83.503646	 83.502556	 83.501543	 83.500604	 83.499736	 83.498937	 83.498205	 83.497537	 83.496931	 83.496386	   83.4959	 83.495471	 83.495099	 83.494782	  83.49452	  83.49431	 83.494154	  83.49405	 83.493998	
        99	 98.764672	 98.529418	 98.294313	  98.05943	 97.824844	 97.590627	 97.356854	 97.123597	 96.890928	 96.658919	 96.427641	 96.197165	 95.967561	 95.738897	 95.511241	  95.28466	 95.059222	 94.834989	 94.612027	 94.390399	 94.170165	 93.951386	 93.734122	 93.518429	 93.304364	 93.091982	 92.881336	 92.672477	 92.465457	 92.260323	 92.057122	   91.8559	 91.656701	 91.459565	 91.264535	 91.071647	 90.880939	 90.692445	 90.506199	 90.322231	 90.140572	 89.961249	 89.784287	 89.609712	 89.437544	 89.267805	 89.100512	 88.935683	 88.773333	 88.613474	 88.456119	 88.301277	 88.148955	 87.999161	 87.851899	 87.707171	 87.564978	 87.425322	 87.288199	 87.153606	 87.021538	 86.891988	  86.76495	 86.640413	 86.518366	 86.398798	 86.281695	 86.167043	 86.054825	 85.945025	 85.837625	 85.732605	 85.629944	 85.529622	 85.431616	 85.335903	 85.242459	 85.151258	 85.062276	 84.975485	 84.890857	 84.808367	 84.727983	 84.649679	 84.573423	 84.499186	 84.426937	 84.356645	 84.288278	 84.221805	 84.157194	 84.094413	 84.033428	 83.974207	 83.916718	 83.860927	   83.8068	 83.754306	 83.703411	 83.654082	 83.606285	 83.559987	 83.515157	  83.47176	 83.429765	 83.389139	  83.34985	 83.311865	 83.275153	 83.239683	 83.205423	 83.172342	 83.140411	 83.109598	 83.079874	  83.05121	 83.023577	 82.996945	 82.971287	 82.946575	 82.922781	 82.899879	 82.877842	 82.856644	  82.83626	 82.816665	 82.797834	 82.779743	 82.762368	 82.745687	 82.729677	 82.714315	 82.699581	 82.685453	  82.67191	 82.658932	   82.6465	 82.634595	 82.623198	  82.61229	 82.601855	 82.591874	 82.582332	 82.573212	 82.564498	 82.556175	 82.548228	 82.540642	 82.533404	 82.526499	 82.519916	 82.513641	 82.507661	 82.501966	 82.496542	  82.49138	 82.486469	 82.481798	 82.477357	 82.473136	 82.469127	 82.465321	 82.461708	  82.45828	  82.45503	 82.451951	 82.449033	 82.446272	 82.443659	 82.441189	 82.438856	 82.436653	 82.434574	 82.432615	 82.430771	 82.429036	 82.427407	 82.425877	 82.424445	 82.423105	 82.421853	 82.420688	 82.419604	   82.4186	 82.417671	 82.416816	 82.416033	 82.415318	  82.41467	 82.414087	 82.413567	 82.413109	 82.412711	 82.412372	 82.412091	 82.411867	 82.411699	 82.411588	 82.411533	
        99	 98.749388	 98.498856	 98.248481	 97.998344	 97.748522	 97.499094	 97.250138	 97.001732	 96.753952	 96.506875	 96.260577	 96.015133	 95.770617	 95.527102	  95.28466	 95.043365	 94.803284	 94.564489	 94.327047	 94.091024	 93.856487	   93.6235	 93.392125	 93.162424	 92.934456	 92.708281	 92.483954	 92.261531	 92.041065	 91.822608	 91.606211	  91.39192	 91.179784	 90.969845	 90.762148	 90.556733	 90.353639	 90.152904	 89.954562	 89.758646	 89.565189	  89.37422	 89.185765	 88.999851	 88.816502	 88.635739	 88.457581	 88.282048	 88.109153	 87.938913	 87.771338	 87.606439	 87.444225	 87.284702	 87.127876	 86.973748	 86.822321	 86.673594	 86.527566	 86.384231	 86.243586	 86.105623	 85.970334	 85.837709	 85.707736	 85.580402	 85.455694	 85.333596	  85.21409	 85.097159	 84.982783	 84.870942	 84.761614	 84.654777	 84.550406	 84.448477	 84.348964	  84.25184	 84.157078	  84.06465	 83.974527	 83.886679	 83.801075	 83.717685	 83.636477	 83.557418	 83.480477	  83.40562	 83.332813	 83.262023	 83.193216	 83.126357	 83.061411	 82.998344	 82.937121	 82.877707	 82.820065	 82.764162	 82.709961	 82.657428	 82.606527	 82.557223	 82.509481	 82.463266	 82.418543	 82.375278	 82.333437	 82.292985	 82.253889	 82.216115	  82.17963	 82.144402	 82.110396	 82.077582	 82.045928	 82.015403	 81.985974	 81.957613	 81.930288	 81.903971	 81.878632	 81.854243	 81.830775	   81.8082	 81.786493	 81.765625	 81.745571	 81.726305	 81.707802	 81.690037	 81.672987	 81.656628	 81.640936	  81.62589	 81.611468	 81.597648	 81.584408	  81.57173	 81.559592	 81.547976	 81.536863	 81.526235	 81.516073	  81.50636	  81.49708	 81.488217	 81.479753	 81.471675	 81.463967	 81.456614	 81.449603	  81.44292	 81.436552	 81.430487	 81.424711	 81.419214	 81.413984	 81.409009	  81.40428	 81.399785	 81.395516	 81.391462	 81.387614	 81.383964	 81.380503	 81.377223	 81.374117	 81.371176	 81.368394	 81.365763	 81.363278	 81.360932	 81.358719	 81.356633	 81.354668	 81.352821	 81.351085	 81.349457	 81.347931	 81.346504	 81.345172	  81.34393	 81.342776	 81.341706	 81.340718	 81.339808	 81.338973	 81.338212	 81.337522	 81.336901	 81.336347	 81.335859	 81.335435	 81.335074	 81.334775	 81.334536	 81.334358	  81.33424	 81.334181	
        99	 98.734182	 98.468447	 98.202881	 97.937565	 97.672585	 97.408022	  97.14396	 96.880481	 96.617667	 96.355598	 96.094355	 95.834018	 95.574664	 95.316374	 95.059222	 94.803284	 94.548637	 94.295352	 94.043502	 93.793158	  93.54439	 93.297265	 93.051851	 92.808212	 92.566412	 92.326512	 92.088574	 91.852655	 91.618812	   91.3871	 91.157571	 90.930278	  90.70527	 90.482593	 90.262293	 90.044414	 89.828997	 89.616081	 89.405704	   89.1979	 88.992705	 88.790148	 88.590258	 88.393064	 88.198589	 88.006857	  87.81789	 87.631705	  87.44832	 87.267749	 87.090006	 86.915102	 86.743045	 86.573843	   86.4075	 86.244021	 86.083405	 85.925654	 85.770765	 85.618733	 85.469554	  85.32322	 85.179722	 85.039049	 84.901189	  84.76613	 84.633854	 84.504347	  84.37759	 84.253564	 84.132248	 84.013621	 83.897659	 83.784339	 83.673635	 83.565521	  83.45997	 83.356953	 83.256441	 83.158405	 83.062813	 82.969635	 82.878837	 82.790387	 82.704251	 82.620395	 82.538785	 82.459386	 82.382161	 82.307076	 82.234094	 82.163178	 82.094292	 82.027398	  81.96246	  81.89944	 81.838301	 81.779006	 81.721516	 81.665795	 81.611806	  81.55951	 81.508871	 81.459852	 81.412416	 81.366526	 81.322146	 81.279239	 81.237771	 81.197705	 81.159006	  81.12164	 81.085571	 81.050766	 81.017191	 80.984813	 80.953599	 80.923517	 80.894535	  80.86662	 80.839744	 80.813875	 80.788983	 80.765038	 80.742013	 80.719879	 80.698608	 80.678173	 80.658548	 80.639705	 80.621621	 80.604269	 80.587625	 80.571666	 80.556369	  80.54171	 80.527667	 80.514219	 80.501345	 80.489025	 80.477237	 80.465964	 80.455185	 80.444883	  80.43504	 80.425639	 80.416662	 80.408093	 80.399917	 80.392118	 80.384682	 80.377594	 80.370839	 80.364406	  80.35828	 80.352449	 80.346902	 80.341625	 80.336609	 80.331841	 80.327313	 80.323013	 80.318932	 80.315061	  80.31139	 80.307911	 80.304616	 80.301496	 80.298545	 80.295755	 80.293119	 80.290631	 80.288283	  80.28607	 80.283987	 80.282028	 80.280187	 80.278459	 80.276841	 80.275327	 80.273914	 80.272597	 80.271373	 80.270239	  80.26919	 80.268225	 80.267339	 80.266532	   80.2658	 80.265141	 80.264554	 80.264036	 80.263587	 80.263204	 80.262886	 80.262633	 80.262445	 80.262319	 80.262256	
