Time step 34:
        99	        99	        99	        99	        99	        99	        99	        99	        99	        99	        99	        99	        99	        99	        99	        99	        99	        99	        99	        99	        99	        99	        99	        99	        99	        99	        99	        99	        99	        99	        99	        99	        99	        99	        99	        99	        99	        99	        99	        99	        99	        99	        99	        99	        99	        99	        99	        99	        99	        99	        99	        99	        99	        99	        99	        99	        99	        99	        99	        99	        99	        99	        99	        99	        99	        99	        99	        99	        99	        99	        99	        99	        99	        99	        99	        99	        99	        99	        99	        99	        99	        99	        99	        99	        99	        99	        99	        99	        99	        99	        99	        99	        99	        99	        99	        99	        99	        99	        99	        99	        99	        99	        99	        99	        99	        99	        99	        99	        99	        99	        99	        99	        99	        99	        99	        99	        99	        99	        99	        99	        99	        99	        99	        99	        99	        99	        99	        99	        99	        99	        99	        99	        99	        99	        99	        99	        99	        99	        99	        99	        99	        99	        99	        99	        99	        99	        99	        99	        99	        99	        99	        99	        99	        99	        99	        99	        99	        99	        99	        99	        99	        99	        99	        99	        99	        99	        99	        99	        99	        99	        99	        99	        99	        99	        99	        99	        99	        99	        99	        99	        99	        99	        99	        99	        99	        99	        99	        99	        99	        99	        99	        99	        99	        99	        99	        99	        99	        99	        99	        99	
        99	 98.981325	 98.962658	 98.944004	 98.925371	 98.906765	 98.888195	 98.869665	 98.851184	 98.832757	 98.814392	 98.796095	 98.777872	 98.759731	 98.741677	 98.723717	 98.705856	 98.688101	 98.670458	 98.652933	  98.63553	 98.618257	 98.601117	 98.584118	 98.567262	 98.550557	 98.534005	 98.517613	 98.501384	 98.485324	 98.469435	 98.453722	 98.438189	  98.42284	 98.407677	 98.392705	 98.377926	 98.363344	  98.34896	 98.334778	   98.3208	 98.307028	 98.293464	  98.28011	 98.266968	 98.254039	 98.241323	 98.228824	  98.21654	 98.204474	 98.192625	 98.180994	 98.169582	 98.158387	 98.147411	 98.136653	 98.126112	 98.115788	  98.10568	 98.095788	  98.08611	 98.076646	 98.067393	 98.058351	 98.049518	 98.040893	 98.032473	 98.024257	 98.016243	 98.008429	 98.000812	 97.993391	 97.986163	 97.979126	 97.972277	 97.965613	 97.959133	 97.952833	  97.94671	 97.940763	 97.934987	  97.92938	  97.92394	 97.918662	 97.913545	 97.908585	 97.903779	 97.899124	 97.894617	 97.890255	 97.886035	 97.881953	 97.878007	 97.874194	  97.87051	 97.866952	 97.863518	 97.860203	 97.857007	 97.853924	 97.850953	  97.84809	 97.845332	 97.842677	 97.840121	 97.837663	 97.835298	 97.833024	 97.830839	  97.82874	 97.826725	 97.824789	 97.822932	 97.821151	 97.819443	 97.817805	 97.816237	 97.814734	 97.813295	 97.811918	   97.8106	  97.80934	 97.808135	 97.806983	 97.805883	 97.804832	 97.803829	 97.802872	 97.801959	 97.801088	 97.800258	 97.799467	 97.798714	 97.797997	 97.797314	 97.796664	 97.796047	 97.795459	 97.794901	  97.79437	 97.793867	 97.793388	 97.792935	 97.792504	 97.792096	 97.791709	 97.791342	 97.790995	 97.790666	 97.790355	 97.790061	 97.789782	 97.789519	  97.78927	 97.789035	 97.788813	 97.788604	 97.788406	  97.78822	 97.788044	 97.787878	 97.787722	 97.787575	 97.787437	 97.787307	 97.787185	  97.78707	 97.786962	 97.786861	 97.786766	 97.786677	 97.786593	 97.786515	 97.786442	 97.786373	 97.786309	  97.78625	 97.786194	 97.786142	 97.786094	 97.786049	 97.786008	  97.78597	 97.785934	 97.785901	 97.785871	 97.785844	 97.785819	 97.785796	 97.785776	 97.785757	 97.785741	 97.785727	 97.785714	 97.785704	 97.785695	 97.785688	 97.785683	 97.785679	 97.785678	
        99	 98.962658	 98.925329	 98.888029	 98.850769	 98.813566	 98.776431	 98.739379	 98.702423	 98.665576	 98.628853	 98.592266	 98.555827	 98.519551	  98.48345	 98.447536	 98.411821	 98.376318	 98.341039	 98.305994	 98.271196	 98.236655	 98.202383	  98.16839	 98.134685	  98.10128	 98.068184	 98.035405	 98.002954	 97.970838	 97.939066	 97.907647	 97.876587	 97.845894	 97.815574	 97.785636	 97.756083	 97.726924	 97.698162	 97.669803	 97.641852	 97.614314	 97.587191	 97.560488	 97.534208	 97.508354	 97.482929	 97.457934	 97.433372	 97.409243	  97.38555	 97.362292	 97.339471	 97.317087	 97.295138	 97.273626	 97.252548	 97.231904	 97.211693	 97.191912	  97.17256	 97.153634	 97.135133	 97.117052	 97.099389	 97.082142	 97.065305	 97.048876	 97.032851	 97.017226	 97.001996	 96.987156	 96.972703	 96.958631	 96.944935	 96.931611	 96.918653	 96.906055	 96.893812	 96.881919	 96.870369	 96.859158	 96.848279	 96.837726	 96.827493	 96.817575	 96.807965	 96.798657	 96.789644	 96.780922	 96.772483	 96.764321	 96.756431	 96.748805	 96.741438	 96.734324	 96.727457	  96.72083	 96.714438	 96.708274	 96.702332	 96.696607	 96.691093	 96.685783	 96.680673	 96.675757	 96.671028	 96.666482	 96.662113	 96.657916	 96.653885	 96.650015	 96.646302	  96.64274	 96.639324	  96.63605	 96.632913	 96.629908	  96.62703	 96.624276	 96.621641	 96.619121	 96.616712	 96.614409	 96.612209	 96.610108	 96.608103	 96.606189	 96.604363	 96.602622	 96.600962	  96.59938	 96.597874	  96.59644	 96.595074	 96.593776	  96.59254	 96.591365	 96.590249	 96.589188	 96.588181	 96.587225	 96.586318	 96.585457	 96.584641	 96.583867	 96.583134	 96.582439	 96.581782	 96.581159	  96.58057	 96.580014	 96.579487	  96.57899	  96.57852	 96.578076	 96.577657	 96.577262	 96.576889	 96.576538	 96.576206	 96.575895	 96.575601	 96.575324	 96.575065	  96.57482	  96.57459	 96.574375	 96.574172	 96.573982	 96.573804	 96.573637	  96.57348	 96.573334	 96.573197	  96.57307	  96.57295	 96.572839	 96.572735	 96.572639	  96.57255	 96.572467	  96.57239	 96.572319	 96.572254	 96.572194	 96.572139	 96.572089	 96.572043	 96.572002	 96.571965	 96.571933	 96.571904	 96.571879	 96.571858	 96.571841	 96.571827	 96.571817	  96.57181	 96.571806	
        99	 98.944004	 98.888029	 98.832095	 98.776223	 98.720435	  98.66475	 98.609189	 98.553772	 98.498519	 98.443451	 98.388587	 98.333947	  98.27955	 98.225415	  98.17156	 98.118005	 98.064767	 98.011864	 97.959313	 97.907132	 97.855337	 97.803945	  97.75297	  97.70243	 97.652337	 97.602708	 97.553555	 97.504893	 97.456735	 97.409092	 97.361977	 97.315401	 97.269376	 97.223911	 97.179017	 97.134702	 97.090976	 97.047847	 97.005322	 96.963409	 96.922113	 96.881442	   96.8414	 96.801992	 96.763223	 96.725097	 96.687616	 96.650784	 96.614603	 96.579074	 96.544199	 96.509978	 96.476411	 96.443499	  96.41124	 96.379633	 96.348677	 96.318369	 96.288707	 96.259688	 96.231308	 96.203564	 96.176452	 96.149966	 96.124102	 96.098856	  96.07422	  96.05019	 96.026759	 96.003921	 95.981668	 95.959995	 95.938894	 95.918357	 95.898376	 95.878945	 95.860054	 95.841695	 95.823861	 95.806542	  95.78973	 95.773417	 95.757592	 95.742248	 95.727375	 95.712964	 95.699006	 95.685492	 95.672412	 95.659758	 95.647519	 95.635687	 95.624252	 95.613206	 95.602538	  95.59224	 95.582303	 95.572717	 95.563474	 95.554564	 95.545979	  95.53771	 95.529749	 95.522086	 95.514713	 95.507623	 95.500806	 95.494254	  95.48796	 95.481916	 95.476113	 95.470545	 95.465204	 95.460082	 95.455172	 95.450467	 95.445961	 95.441647	 95.437517	 95.433566	 95.429787	 95.426174	 95.422721	 95.419422	 95.416271	 95.413264	 95.410394	 95.407656	 95.405045	 95.402556	 95.400185	 95.397926	 95.395775	 95.393728	  95.39178	 95.389927	 95.388166	 95.386492	 95.384901	 95.383391	 95.381957	 95.380596	 95.379306	 95.378082	 95.376921	 95.375822	 95.374781	 95.373795	 95.372861	 95.371978	 95.371143	 95.370354	 95.369608	 95.368903	 95.368238	 95.367609	 95.367017	 95.366458	 95.365931	 95.365434	 95.364967	 95.364526	 95.364112	 95.363722	 95.363355	 95.363011	 95.362687	 95.362384	 95.362099	 95.361832	 95.361581	 95.361347	 95.361127	 95.360922	 95.360731	 95.360552	 95.360385	  95.36023	 95.360085	 95.359951	 95.359827	 95.359711	 95.359605	 95.359507	 95.359417	 95.359335	  95.35926	 95.359191	  95.35913	 95.359075	 95.359026	 95.358983	 95.358946	 95.358914	 95.358888	 95.358867	 95.358852	 95.358841	 95.358836	
        99	 98.925371	 98.850769	 98.776223	  98.70176	 98.627408	 98.553193	 98.479144	 98.405287	 98.331649	 98.258256	 98.185136	 98.112314	 98.039816	 97.967667	 97.895892	 97.824515	 97.753562	 97.683055	 97.613018	 97.543474	 97.474444	  97.40595	 97.338014	 97.270655	 97.203894	  97.13775	 97.072242	 97.007388	 96.943204	 96.879708	 96.816915	 96.754841	   96.6935	 96.632907	 96.573074	 96.514013	 96.455737	 96.398256	 96.341581	 96.285721	 96.230684	 96.176479	 96.123113	 96.070592	 96.018922	 95.968109	 95.918157	 95.869068	 95.820847	 95.773496	 95.727016	 95.681407	 95.636671	 95.592807	 95.549814	  95.50769	 95.466433	  95.42604	 95.386508	 95.347833	 95.310009	 95.273033	 95.236899	   95.2016	  95.16713	 95.133482	 95.100649	 95.068622	 95.037395	 95.006957	   94.9773	 94.948415	 94.920292	 94.892921	 94.866292	 94.840394	 94.815217	  94.79075	 94.766981	   94.7439	 94.721494	 94.699751	 94.678661	 94.658211	 94.638389	 94.619183	 94.600581	 94.582569	 94.565137	 94.548272	 94.531961	 94.516191	 94.500952	 94.486229	 94.472012	 94.458287	 94.445043	 94.432268	 94.419949	 94.408075	 94.396633	 94.385613	 94.375002	 94.364789	 94.354963	 94.345513	 94.336427	 94.327696	 94.319307	 94.311252	 94.303518	 94.296097	 94.288978	 94.282152	 94.275609	 94.269339	 94.263333	 94.257583	 94.252079	 94.246813	 94.241776	 94.236961	 94.232359	 94.227963	 94.223764	 94.219755	  94.21593	 94.212281	 94.208802	 94.205485	 94.202324	 94.199314	 94.196447	 94.193719	 94.191123	 94.188654	 94.186306	 94.184075	 94.181955	 94.179942	 94.178031	 94.176218	 94.174497	 94.172866	  94.17132	 94.169855	 94.168467	 94.167153	 94.165909	 94.164732	 94.163619	 94.162567	 94.161573	 94.160633	 94.159747	 94.158909	  94.15812	 94.157375	 94.156672	 94.156011	 94.155387	   94.1548	 94.154248	 94.153728	  94.15324	 94.152781	  94.15235	 94.151945	 94.151565	 94.151209	 94.150875	 94.150563	  94.15027	 94.149997	 94.149741	 94.149503	 94.149281	 94.149074	 94.148881	 94.148702	 94.148537	 94.148383	 94.148241	 94.148111	 94.147991	 94.147881	 94.147781	  94.14769	 94.147608	 94.147535	  94.14747	 94.147412	 94.147363	 94.147321	 94.147286	 94.147258	 94.147237	 94.147224	 94.147217	
        99	 98.906765	 98.813566	 98.720435	 98.627408	 98.534519	 98.441802	 98.349292	 98.257022	 98.165026	 98.073336	 97.981987	  97.89101	 97.800438	 97.710301	 97.620633	 97.531462	  97.44282	 97.354735	 97.267237	 97.180355	 97.094116	 97.008546	 96.923673	 96.839522	 96.756117	 96.673483	 96.591643	  96.51062	 96.430435	 96.351109	 96.272662	 96.195113	  96.11848	  96.04278	  95.96803	 95.894246	 95.821441	  95.74963	 95.678825	 95.609039	 95.540281	 95.472562	 95.405892	 95.340277	 95.275726	 95.212245	 95.149839	 95.088513	  95.02827	 94.969114	 94.911046	 94.854067	 94.798178	 94.743379	 94.689667	 94.637042	 94.585499	 94.535036	 94.485648	 94.437331	 94.390078	 94.343883	  94.29874	 94.254641	 94.211578	 94.169542	 94.128523	 94.088512	 94.049499	 94.011473	 93.974423	 93.938337	 93.903202	 93.869008	  93.83574	 93.803386	 93.771932	 93.741365	 93.711671	 93.682835	 93.654843	  93.62768	 93.601332	 93.575784	  93.55102	 93.527026	 93.503785	 93.481284	 93.459506	 93.438436	 93.418058	 93.398358	 93.379319	 93.360926	 93.343164	 93.326018	 93.309472	 93.293512	 93.278121	 93.263287	 93.248993	 93.235225	 93.221969	  93.20921	 93.196934	 93.185128	 93.173778	 93.162869	  93.15239	 93.142326	 93.132664	 93.123393	 93.114499	 93.105971	 93.097797	 93.089963	 93.082461	 93.075277	 93.068401	 93.061822	  93.05553	 93.049514	 93.043765	 93.038272	 93.033027	 93.028019	  93.02324	 93.018681	 93.014334	  93.01019	 93.006242	 93.002481	   92.9989	 92.995491	 92.992248	 92.989163	  92.98623	 92.983443	 92.980795	  92.97828	 92.975893	 92.973627	 92.971478	  92.96944	 92.967508	 92.965677	 92.963943	 92.962302	 92.960748	 92.959278	 92.957887	 92.956573	 92.955331	 92.954157	 92.953049	 92.952004	 92.951017	 92.950086	 92.949209	 92.948382	 92.947603	  92.94687	  92.94618	 92.945531	 92.944921	 92.944347	 92.943808	 92.943303	 92.942828	 92.942383	 92.941966	 92.941576	 92.941211	 92.940869	  92.94055	 92.940252	 92.939975	 92.939716	 92.939475	 92.939252	 92.939045	 92.938853	 92.938676	 92.938513	 92.938363	 92.938226	 92.938101	 92.937987	 92.937885	 92.937793	 92.937712	  92.93764	 92.937578	 92.937526	 92.937482	 92.937447	 92.937422	 92.937405	 92.937396	
        99	 98.888195	 98.776431	  98.66475	 98.553193	 98.441802	 98.330618	 98.219681	 98.109032	 97.998712	 97.888759	 97.779215	 97.670116	 97.561503	 97.453413	 97.345884	 97.238952	 97.132653	 97.027024	 96.922098	  96.81791	 96.714493	 96.611879	 96.510101	 96.409188	  96.30917	 96.210077	 96.111936	 96.014775	 95.918618	 95.823491	 95.729419	 95.636423	 95.544526	 95.453748	 95.364109	 95.275628	 95.188321	 95.102207	 95.017299	 94.933612	 94.851159	 94.769952	 94.690001	 94.611317	 94.533909	 94.457783	 94.382947	 94.309406	 94.237164	 94.166224	  94.09659	 94.028262	 93.961241	 93.895526	 93.831116	 93.768008	 93.706199	 93.645684	 93.586459	 93.528518	 93.471853	 93.416458	 93.362323	  93.30944	 93.257799	 93.207389	 93.158201	  93.11022	 93.063437	 93.017836	 92.973406	 92.930132	    92.888	 92.846994	   92.8071	 92.768301	 92.730582	 92.693927	 92.658318	 92.623738	  92.59017	 92.557597	 92.526001	 92.495364	 92.465668	 92.436894	 92.409025	 92.382042	 92.355926	 92.330659	 92.306222	 92.282598	 92.259766	  92.23771	  92.21641	 92.195849	 92.176007	 92.156868	 92.138412	 92.120623	 92.103482	 92.086971	 92.071075	 92.055775	 92.041054	 92.026896	 92.013285	 92.000204	 91.987637	 91.975568	 91.963982	 91.952864	 91.942199	 91.931972	 91.922169	 91.912776	 91.903779	 91.895164	 91.886918	 91.879029	 91.871484	  91.86427	 91.857375	 91.850789	 91.844498	 91.838493	 91.832763	 91.827296	 91.822083	 91.817114	 91.812379	 91.807868	 91.803574	 91.799486	 91.795597	 91.791898	 91.788381	 91.785038	 91.781863	 91.778847	 91.775984	 91.773267	  91.77069	 91.768246	 91.765929	 91.763734	 91.761655	 91.759686	 91.757823	  91.75606	 91.754393	 91.752816	 91.751327	  91.74992	 91.748591	 91.747337	 91.746154	 91.745038	 91.743985	 91.742994	  91.74206	 91.741181	 91.740353	 91.739575	 91.738843	 91.738155	 91.737509	 91.736903	 91.736334	   91.7358	   91.7353	 91.734832	 91.734394	 91.733985	 91.733602	 91.733245	 91.732912	 91.732602	 91.732313	 91.732045	 91.731797	 91.731567	 91.731355	 91.731159	 91.730979	 91.730815	 91.730665	 91.730529	 91.730406	 91.730296	 91.730198	 91.730112	 91.730038	 91.729975	 91.729923	 91.729881	  91.72985	  91.72983	  91.72982	
        99	 98.869665	 98.739379	 98.609189	 98.479144	 98.349292	 98.219681	 98.090359	 97.961372	 97.832768	 97.704593	 97.576894	 97.449715	 97.323101	 97.197097	 97.071747	 96.947093	 96.823178	 96.700042	 96.577727	 96.456272	 96.335716	 96.216096	 96.097449	 95.979812	 95.863219	 95.747703	 95.633297	 95.520033	  95.40794	 95.297048	 95.187384	 95.078976	 94.971849	 94.866027	 94.761532	 94.658387	 94.556611	 94.456225	 94.357245	 94.259688	  94.16357	 94.068905	 93.975704	  93.88398	 93.793743	 93.705001	 93.617762	 93.532032	 93.447818	 93.365122	 93.283947	 93.204295	 93.126166	 93.049561	 92.974476	 92.900909	 92.828856	 92.758313	 92.689272	 92.621728	 92.555672	 92.491096	 92.427989	 92.366342	 92.306143	 92.247379	 92.190038	 92.134106	 92.079569	 92.026411	 91.974617	 91.924171	 91.875056	 91.827255	 91.780749	  91.73552	 91.691551	  91.64882	 91.607309	 91.566999	 91.527868	 91.489897	 91.453064	  91.41735	 91.382732	 91.349189	 91.316701	 91.285246	 91.254802	 91.225347	 91.196861	 91.169321	 91.142706	 91.116994	 91.092165	 91.068195	 91.045066	 91.022754	  91.00124	 90.980502	  90.96052	 90.941274	 90.922742	 90.904907	 90.887746	 90.871242	 90.855375	 90.840126	 90.825476	 90.811407	 90.797902	 90.784941	 90.772509	 90.760587	 90.749159	 90.738209	 90.727721	 90.717678	 90.708066	 90.698869	 90.690073	 90.681664	 90.673627	 90.665948	 90.658616	 90.651615	 90.644935	 90.638562	 90.632485	 90.626692	 90.621173	 90.615915	 90.610909	 90.606143	  90.60161	 90.597298	 90.593198	 90.589301	   90.5856	 90.582084	 90.578747	 90.575579	 90.572575	 90.569726	 90.567025	 90.564466	 90.562043	 90.559748	 90.557575	  90.55552	 90.553577	 90.551739	 90.550003	 90.548362	 90.546814	 90.545352	 90.543972	 90.542671	 90.541445	 90.540289	   90.5392	 90.538175	  90.53721	 90.536303	  90.53545	 90.534648	 90.533895	 90.533188	 90.532525	 90.531903	  90.53132	 90.530774	 90.530264	 90.529786	  90.52934	 90.528924	 90.528536	 90.528174	 90.527838	 90.527526	 90.527236	 90.526968	 90.526721	 90.526493	 90.526283	 90.526091	 90.525917	 90.525758	 90.525615	 90.525486	 90.525373	 90.525272	 90.525186	 90.525112	 90.525051	 90.525003	 90.524967	 90.524943	 90.524931	
        99	 98.851184	 98.702423	 98.553772	 98.405287	 98.257022	 98.109032	 97.961372	 97.814095	 97.667255	 97.520905	 97.375098	 97.229885	 97.085318	 96.941447	 96.798322	 96.655992	 96.514505	 96.373909	  96.23425	 96.095573	 95.957921	  95.82134	 95.685869	 95.551551	 95.418425	 95.286529	   95.1559	 95.026575	 94.898588	 94.771971	 94.646758	 94.522977	 94.400659	 94.279831	 94.160519	 94.042748	 93.926541	  93.81192	 93.698905	 93.587515	 93.477767	 93.369678	 93.263262	 93.158531	 93.055498	 92.954173	 92.854563	 92.756678	 92.660521	 92.566099	 92.473413	 92.382467	  92.29326	 92.205792	  92.12006	 92.036061	 91.953791	 91.873245	 91.794414	 91.717293	  91.64187	 91.568137	 91.496082	 91.425693	 91.356957	 91.289861	 91.224389	 91.160526	 91.098255	  91.03756	 90.978422	 90.920823	 90.864743	 90.810163	 90.757063	 90.705421	 90.655216	 90.606427	  90.55903	 90.513003	 90.468324	 90.424968	 90.382913	 90.342134	 90.302607	 90.264308	 90.227214	 90.191298	 90.156537	 90.122906	  90.09038	 90.058935	 90.028546	 89.999188	 89.970838	  89.94347	  89.91706	 89.891585	  89.86702	 89.843341	 89.820526	 89.798551	 89.777392	 89.757027	 89.737433	 89.718589	 89.700472	  89.68306	 89.666333	 89.650269	 89.634848	  89.62005	 89.605855	 89.592242	 89.579194	 89.566692	 89.554716	 89.543249	 89.532274	 89.521773	  89.51173	 89.502128	 89.492951	 89.484184	 89.475812	 89.467819	 89.460191	 89.452915	 89.445976	 89.439362	 89.433059	 89.427056	  89.42134	 89.415899	 89.410722	 89.405799	 89.401118	 89.396669	 89.392442	 89.388428	 89.384617	 89.381001	 89.377571	 89.374318	 89.371234	 89.368312	 89.365545	 89.362924	 89.360444	 89.358098	 89.355878	  89.35378	 89.351798	 89.349925	 89.348156	 89.346487	 89.344912	 89.343426	 89.342026	 89.340706	 89.339463	 89.338293	 89.337191	 89.336155	 89.335181	 89.334266	 89.333406	 89.332599	 89.331841	 89.331131	 89.330466	 89.329843	  89.32926	 89.328714	 89.328205	  89.32773	 89.327287	 89.326874	  89.32649	 89.326133	 89.325803	 89.325497	 89.325214	 89.324954	 89.324715	 89.324496	 89.324296	 89.324115	 89.323951	 89.323805	 89.323675	 89.323561	 89.323462	 89.323378	 89.323308	 89.323253	 89.323212	 89.323185	 89.323171	
        99	 98.832757	 98.665576	 98.498519	 98.331649	 98.165026	 97.998712	 97.832768	 97.667255	 97.502234	 97.337762	 97.173901	 97.010707	  96.84824	 96.686554	 96.525708	 96.365754	 96.206749	 96.048744	 95.891792	 95.735943	 95.581248	 95.427755	  95.27551	 95.124561	  94.97495	 94.826723	  94.67992	 94.534581	 94.390746	 94.248452	 94.107735	 93.968628	 93.831164	 93.695375	  93.56129	 93.428936	  93.29834	 93.169526	 93.042518	 92.917335	 92.793999	 92.672526	 92.552933	 92.435235	 92.319444	 92.205572	 92.093629	 91.983623	  91.87556	 91.769447	 91.665285	 91.563077	 91.462824	 91.364526	 91.268178	 91.173779	 91.081322	 90.990803	 90.902211	  90.81554	 90.730779	 90.647916	 90.566939	 90.487834	 90.410588	 90.335183	 90.261605	 90.189834	 90.119853	 90.051642	 89.985182	 89.920451	 89.857427	 89.796089	 89.736414	 89.678378	 89.621957	 89.567126	  89.51386	 89.462134	 89.411923	 89.363199	 89.315936	 89.270108	 89.225687	 89.182646	 89.140958	 89.100595	  89.06153	 89.023735	 88.987182	 88.951843	 88.917691	 88.884698	 88.852838	 88.822081	 88.792401	 88.763772	 88.736165	 88.709555	 88.683914	 88.659218	 88.635439	 88.612552	 88.590533	 88.569355	 88.548994	 88.529427	 88.510629	 88.492576	 88.475246	 88.458615	 88.442662	 88.427364	   88.4127	  88.39865	 88.385191	 88.372305	 88.359971	  88.34817	 88.336883	 88.326092	 88.315779	 88.305926	 88.296517	 88.287534	 88.278962	 88.270785	 88.262987	 88.255554	 88.248471	 88.241724	   88.2353	 88.229186	 88.223368	 88.217835	 88.212574	 88.207574	 88.202824	 88.198313	 88.194031	 88.189967	 88.186111	 88.182456	  88.17899	 88.175707	 88.172596	 88.169652	 88.166864	 88.164227	 88.161733	 88.159375	 88.157147	 88.155042	 88.153055	 88.151179	 88.149409	 88.147739	 88.146166	 88.144683	 88.143286	  88.14197	 88.140732	 88.139568	 88.138473	 88.137445	 88.136478	 88.135571	  88.13472	 88.133922	 88.133174	 88.132474	 88.131819	 88.131206	 88.130634	 88.130099	 88.129601	 88.129137	 88.128706	 88.128305	 88.127934	  88.12759	 88.127272	  88.12698	 88.126711	 88.126465	  88.12624	 88.126037	 88.125853	 88.125688	 88.125542	 88.125414	 88.125303	 88.125208	  88.12513	 88.125068	 88.125022	 88.124991	 88.124976	
        99	 98.814392	 98.628853	 98.443451	 98.258256	 98.073336	 97.888759	 97.704593	 97.520905	 97.337762	  97.15523	 96.973375	 96.792261	 96.611953	 96.432513	 96.254003	 96.076485	 95.900019	 95.724664	 95.550477	 95.377514	 95.205832	 95.035483	  94.86652	 94.698995	 94.532956	 94.368451	 94.205528	  94.04423	   93.8846	  93.72668	  93.57051	 93.416128	  93.26357	 93.112869	  92.96406	 92.817172	 92.672235	 92.529276	 92.388321	 92.249392	 92.112512	   91.9777	 91.844974	 91.714351	 91.585846	 91.459469	 91.335234	 91.213148	 91.093219	 90.975453	 90.859853	 90.746422	  90.63516	 90.526067	  90.41914	 90.314374	 90.211765	 90.111305	 90.012985	 89.916797	 89.822728	 89.730765	 89.640896	 89.553105	 89.467376	 89.383692	 89.302033	 89.222381	 89.144716	 89.069015	 88.995256	 88.923417	 88.853473	 88.785399	 88.719171	 88.654762	 88.592145	 88.531293	 88.472178	 88.414772	 88.359047	 88.304972	  88.25252	 88.201659	  88.15236	 88.104593	 88.058327	 88.013532	 87.970177	 87.928232	 87.887664	 87.848445	 87.810543	 87.773928	 87.738568	 87.704434	 87.671495	 87.639721	 87.609083	 87.579551	 87.551095	 87.523686	 87.497296	 87.471897	 87.447459	 87.423956	 87.401359	 87.379643	 87.358781	 87.338746	 87.319512	 87.301056	 87.283351	 87.266373	 87.250099	 87.234505	 87.219569	 87.205267	 87.191579	 87.178482	 87.165956	  87.15398	 87.142534	   87.1316	 87.121157	 87.111188	 87.101675	 87.092599	 87.083945	 87.075696	 87.067835	 87.060348	 87.053218	 87.046432	 87.039976	 87.033835	 87.027997	 87.022448	 87.017176	  87.01217	 87.007417	 87.002907	 86.998628	 86.994571	 86.990725	 86.987081	 86.983629	 86.980361	 86.977267	 86.974341	 86.971573	 86.968956	 86.966483	 86.964147	 86.961942	 86.959859	 86.957895	 86.956042	 86.954296	  86.95265	 86.951099	  86.94964	 86.948266	 86.946974	 86.945759	 86.944617	 86.943545	 86.942538	 86.941593	 86.940708	 86.939878	   86.9391	 86.938373	 86.937693	 86.937058	 86.936465	 86.935912	 86.935398	 86.934919	 86.934474	 86.934062	  86.93368	 86.933328	 86.933003	 86.932705	 86.932432	 86.932183	 86.931957	 86.931753	  86.93157	 86.931408	 86.931265	 86.931142	 86.931037	  86.93095	 86.930882	  86.93083	 86.930796	 86.930779	
        99	 98.796095	 98.592266	 98.388587	 98.185136	 97.981987	 97.779215	 97.576894	 97.375098	 97.173901	 96.973375	 96.773593	 96.574625	 96.376542	 96.179413	 95.983306	 95.788289	 95.594427	 95.401785	 95.210427	 95.020414	 94.831807	 94.644665	 94.459047	 94.275007	   94.0926	 93.911879	 93.732894	 93.555695	  93.38033	 93.206842	 93.035277	 92.865676	 92.698079	 92.532523	 92.369044	 92.207676	 92.048452	   91.8914	 91.736549	 91.583925	 91.433551	 91.285449	  91.13964	  90.99614	 90.854967	 90.716133	  90.57965	 90.445529	 90.313778	 90.184402	 90.057406	 89.932793	 89.810564	 89.690716	 89.573248	 89.458155	 89.345431	 89.235068	 89.127056	 89.021385	 88.918043	 88.817015	 88.718287	 88.621841	 88.527661	 88.435727	 88.346019	 88.258515	 88.173193	 88.090029	    88.009	 87.930079	  87.85324	 87.778456	 87.705699	  87.63494	  87.56615	   87.4993	 87.434357	 87.371293	 87.310074	 87.250669	 87.193045	 87.137171	 87.083012	 87.030536	  86.97971	 86.930499	  86.88287	 86.836789	 86.792223	 86.749138	 86.707499	 86.667274	 86.628429	  86.59093	 86.554744	 86.519838	  86.48618	 86.453736	 86.422475	 86.392365	 86.363373	 86.335469	 86.308623	 86.282803	 86.257979	 86.234122	 86.211203	 86.189193	 86.168063	 86.147787	 86.128337	 86.109685	 86.091807	 86.074676	 86.058267	 86.042556	 86.027518	  86.01313	 85.999369	 85.986213	 85.973639	 85.961626	 85.950154	 85.939203	 85.928751	 85.918781	 85.909274	 85.900212	 85.891576	  85.88335	 85.875518	 85.868063	  85.86097	 85.854224	  85.84781	 85.841715	 85.835923	 85.830423	 85.825202	 85.820247	 85.815547	 85.811089	 85.806864	 85.802861	 85.799069	 85.795478	  85.79208	 85.788865	 85.785824	  85.78295	 85.780233	 85.777667	 85.775244	 85.772956	 85.770798	 85.768763	 85.766844	 85.765036	 85.763333	 85.761729	  85.76022	   85.7588	 85.757465	 85.756211	 85.755033	 85.753927	 85.752889	 85.751916	 85.751005	 85.750151	 85.749352	 85.748605	 85.747907	 85.747256	 85.746648	 85.746083	 85.745557	 85.745068	 85.744615	 85.744196	 85.743809	 85.743452	 85.743124	 85.742824	 85.742551	 85.742303	 85.742079	 85.741878	   85.7417	 85.741543	 85.741408	 85.741293	 85.741197	 85.741122	 85.741065	 85.741028	 85.741009	
        99	 98.777872	 98.555827	 98.333947	 98.112314	  97.89101	 97.670116	 97.449715	 97.229885	 97.010707	 96.792261	 96.574625	 96.357876	 96.142091	 95.927345	 95.713712	 95.501267	  95.29008	 95.080222	 94.871763	 94.664769	 94.459307	 94.255441	 94.053234	 93.852747	 93.654039	 93.457167	 93.262187	 93.069153	 92.878115	 92.689124	 92.502227	 92.317469	 92.134893	 91.954542	 91.776454	 91.600665	 91.427211	 91.256124	 91.087435	 90.921171	 90.757358	 90.596021	 90.437181	 90.280858	 90.127068	 89.975826	 89.827147	  89.68104	 89.537514	 89.396576	 89.258231	 89.122482	 88.989329	 88.858771	 88.730806	 88.605427	 88.482629	 88.362403	 88.244738	 88.129624	 88.017046	  87.90699	 87.799438	 87.694374	 87.591777	 87.491627	 87.393902	 87.298578	 87.205631	 87.115036	 87.026765	  86.94079	 86.857085	 86.775617	 86.696358	 86.619276	 86.544339	 86.471514	 86.400768	 86.332067	 86.265377	 86.200664	 86.137891	 86.077023	 86.018024	 85.960859	  85.90549	 85.851881	 85.799995	 85.749797	 85.701248	 85.654312	 85.608953	 85.565133	 85.522816	 85.481966	 85.442546	 85.404521	 85.367854	 85.332511	 85.298456	 85.265655	 85.234073	 85.203675	 85.174429	 85.146302	  85.11926	 85.093271	 85.068303	 85.044326	 85.021309	  84.99922	 84.978032	 84.957714	 84.938238	 84.919576	   84.9017	 84.884585	 84.868203	  84.85253	 84.837539	 84.823207	 84.809509	 84.796423	 84.783926	 84.771995	  84.76061	 84.749749	 84.739392	  84.72952	 84.720112	 84.711152	  84.70262	 84.694499	 84.686772	 84.679423	 84.672435	 84.665795	 84.659486	 84.653495	 84.647807	 84.642409	 84.637288	 84.632433	  84.62783	 84.623469	 84.619338	 84.615427	 84.611725	 84.608222	  84.60491	 84.601778	 84.598819	 84.596023	 84.593384	 84.590892	 84.588541	 84.586324	 84.584233	 84.582264	 84.580408	 84.578661	 84.577017	 84.575471	 84.574017	  84.57265	 84.571367	 84.570162	 84.569032	 84.567972	 84.566979	 84.566048	 84.565178	 84.564364	 84.563604	 84.562895	 84.562233	 84.561617	 84.561044	 84.560512	 84.560018	 84.559561	  84.55914	 84.558751	 84.558394	 84.558067	 84.557769	 84.557499	 84.557255	 84.557036	 84.556842	 84.556672	 84.556524	 84.556399	 84.556295	 84.556212	 84.556151	  84.55611	  84.55609	
        99	 98.759731	 98.519551	  98.27955	 98.039816	 97.800438	 97.561503	 97.323101	 97.085318	  96.84824	 96.611953	 96.376542	 96.142091	 95.908682	 95.676398	 95.445318	 95.215522	 94.987087	  94.76009	 94.534605	 94.310706	 94.088464	 93.867948	 93.649226	 93.432365	 93.217428	 93.004478	 92.793574	 92.584774	 92.378134	 92.173708	 91.971546	 91.771699	 91.574213	 91.379132	 91.186498	 90.996353	 90.808733	 90.623673	 90.441206	 90.261364	 90.084173	 89.909659	 89.737846	 89.568756	 89.402405	 89.238812	 89.077989	  88.91995	 88.764702	 88.612254	  88.46261	 88.315774	 88.171746	 88.030526	 87.892109	  87.75649	 87.623663	 87.493618	 87.366344	 87.241828	 87.120056	 87.001011	 86.884676	 86.771031	 86.660055	 86.551725	 86.446019	  86.34291	 86.242372	 86.144377	 86.048897	 85.955901	 85.865359	 85.777238	 85.691506	 85.608128	 85.527071	 85.448298	 85.371774	 85.297463	 85.225326	 85.155327	 85.087428	 85.021589	 84.957772	 84.895937	 84.836046	 84.778059	 84.721936	 84.667638	 84.615124	 84.564355	 84.515291	 84.467892	 84.422119	 84.377933	 84.335293	 84.294163	 84.254502	 84.216272	 84.179436	 84.143956	 84.109794	 84.076914	  84.04528	 84.014855	 83.985604	 83.957492	 83.930486	 83.904551	 83.879653	 83.855761	 83.832842	 83.810864	 83.789798	 83.769612	 83.750276	 83.731763	 83.714044	  83.69709	 83.680875	 83.665372	 83.650556	 83.636401	 83.622883	 83.609978	 83.597663	 83.585915	 83.574712	 83.564034	 83.553858	 83.544165	 83.534936	 83.526152	 83.517794	 83.509845	 83.502287	 83.495104	  83.48828	 83.481799	 83.475647	 83.469808	  83.46427	 83.459018	 83.454039	 83.449322	 83.444853	 83.440623	 83.436618	  83.43283	 83.429247	 83.425859	 83.422658	 83.419634	 83.416779	 83.414084	 83.411541	 83.409143	 83.406882	 83.404751	 83.402744	 83.400854	 83.399076	 83.397403	 83.395831	 83.394353	 83.392964	 83.391661	 83.390438	 83.389292	 83.388217	 83.387211	  83.38627	  83.38539	 83.384567	   83.3838	 83.383084	 83.382418	 83.381798	 83.381222	 83.380689	 83.380195	 83.379738	 83.379318	 83.378932	 83.378578	 83.378256	 83.377964	   83.3777	 83.377463	 83.377253	 83.377069	 83.376909	 83.376773	 83.376661	 83.376572	 83.376506	 83.376461	 83.376439	
        99	 98.741677	  98.48345	 98.225415	 97.967667	 97.710301	 97.453413	 97.197097	 96.941447	 96.686554	 96.432513	 96.179413	 95.927345	 95.676398	 95.426659	 95.178216	 94.931152	 94.685553	 94.441499	 94.199071	 93.958348	 93.719406	 93.482321	 93.247164	 93.014008	 92.782921	 92.553969	 92.327217	 92.102728	 91.880561	 91.660774	 91.443422	 91.228558	 91.016232	 90.806493	 90.599385	 90.394952	 90.193233	 89.994268	 89.798091	 89.604734	 89.414229	 89.226602	  89.04188	 88.860083	 88.681233	 88.505347	  88.33244	 88.162525	 87.995612	 87.831709	 87.670821	 87.512952	 87.358101	 87.206269	 87.057452	 86.911643	 86.768835	 86.629018	  86.49218	 86.358308	 86.227386	 86.099396	 85.974319	 85.852135	  85.73282	  85.61635	 85.502701	 85.391844	 85.283752	 85.178394	 85.075739	 84.975756	  84.87841	 84.783668	 84.691493	 84.601851	 84.514702	 84.430011	 84.347737	 84.267842	 84.190285	 84.115026	 84.042024	 83.971238	 83.902626	 83.836145	 83.771754	 83.709409	 83.649069	 83.590691	 83.534231	 83.479647	 83.426896	 83.375936	 83.326724	 83.279217	 83.233374	 83.189152	 83.146511	 83.105409	 83.065805	 83.027659	  82.99093	  82.95558	 82.921568	 82.888857	 82.857408	 82.827185	 82.798149	 82.770265	 82.743496	 82.717809	 82.693167	 82.669539	 82.646889	 82.625186	 82.604398	 82.584494	 82.565443	 82.547215	 82.529781	 82.513114	 82.497184	 82.481966	 82.467432	 82.453558	 82.440317	 82.427686	 82.415642	 82.404161	 82.393221	   82.3828	 82.372877	 82.363433	 82.354447	   82.3459	 82.337775	 82.330052	 82.322715	 82.315747	 82.309133	 82.302855	 82.296901	 82.291254	 82.285901	 82.280829	 82.276025	 82.271477	 82.267171	 82.263098	 82.259246	 82.255604	 82.252162	 82.248911	 82.245841	 82.242944	  82.24021	 82.237631	   82.2352	 82.232909	 82.230752	  82.22872	 82.226808	  82.22501	 82.223319	  82.22173	 82.220237	 82.218836	 82.217521	 82.216289	 82.215134	 82.214052	  82.21304	 82.212094	 82.211209	 82.210384	 82.209615	 82.208898	 82.208232	 82.207613	 82.207039	 82.206508	 82.206017	 82.205566	  82.20515	  82.20477	 82.204424	 82.204109	 82.203826	 82.203571	 82.203346	 82.203147	 82.202975	  82.20283	 82.202709	 82.202613	 82.202542	 82.202494	 82.202471	
        99	 98.723717	 98.447536	  98.17156	 97.895892	 97.620633	 97.345884	 97.071747	 96.798322	 96.525708	 96.254003	 95.983306	 95.713712	 95.445318	 95.178216	 94.912499	 94.648258	 94.385582	  94.12456	 93.865277	 93.607817	 93.352263	 93.098693	 92.847187	  92.59782	 92.350666	 92.105796	 91.863279	 91.623182	 91.385568	   91.1505	 90.918036	 90.688233	 90.461145	 90.236823	 90.015316	 89.796669	 89.580926	 89.368127	  89.15831	  88.95151	  88.74776	 88.547088	 88.349522	 88.155086	 87.963801	 87.775686	 87.590758	 87.409029	 87.230511	 87.055212	 86.883138	 86.714292	 86.548676	 86.386287	 86.227123	 86.071176	 85.918439	 85.768901	  85.62255	  85.47937	 85.339345	 85.202456	 85.068684	 84.938004	 84.810393	 84.685826	 84.564275	 84.445711	 84.330103	  84.21742	 84.107628	 84.000693	 83.896579	  83.79525	 83.696667	 83.600791	 83.507584	 83.417004	  83.32901	  83.24356	 83.160611	 83.080119	 83.002042	 82.926334	 82.852951	 82.781849	  82.71298	 82.646302	 82.581766	 82.519329	 82.458943	 82.400564	 82.344146	 82.289643	 82.237009	 82.186199	 82.137169	 82.089873	 82.044267	 82.000307	 81.957949	 81.917151	 81.877869	  81.84006	 81.803684	 81.768699	 81.735063	 81.702738	 81.671684	 81.641861	 81.613231	 81.585758	 81.559403	 81.534132	 81.509907	 81.486696	 81.464462	 81.443174	 81.422798	 81.403303	 81.384658	 81.366831	 81.349794	 81.333518	 81.317973	 81.303134	 81.288973	 81.275464	 81.262582	 81.250303	 81.238602	 81.227457	 81.216844	 81.206743	 81.197133	 81.187992	 81.179301	 81.171042	 81.163195	 81.155742	 81.148668	 81.141954	 81.135585	 81.129546	 81.123821	 81.118397	 81.113259	 81.108394	 81.103789	 81.099433	 81.095313	 81.091418	 81.087737	  81.08426	 81.080976	 81.077877	 81.074953	 81.072195	 81.069595	 81.067145	 81.064837	 81.062664	  81.06062	 81.058696	 81.056888	 81.055188	 81.053592	 81.052093	 81.050687	 81.049369	 81.048133	 81.046977	 81.045894	 81.044882	 81.043936	 81.043054	 81.042231	 81.041465	 81.040752	  81.04009	 81.039476	 81.038908	 81.038383	   81.0379	 81.037456	  81.03705	 81.036679	 81.036343	 81.036039	 81.035767	 81.035526	 81.035314	  81.03513	 81.034974	 81.034845	 81.034743	 81.034666	 81.034615	  81.03459	
        99	 98.705856	 98.411821	 98.118005	 97.824515	 97.531462	 97.238952	 96.947093	 96.655992	 96.365754	 96.076485	 95.788289	 95.501267	 95.215522	 94.931152	 94.648258	 94.366935	 94.087279	 93.809382	 93.533338	 93.259234	 92.987159	 92.717197	 92.449432	 92.183945	 91.920813	 91.660113	 91.401918	   91.1463	 90.893325	 90.643061	 90.395569	  90.15091	 89.909142	 89.670318	 89.434491	  89.20171	  88.97202	 88.745465	 88.522084	 88.301915	 88.084993	 87.871348	 87.661011	 87.454005	 87.250354	 87.050079	 86.853195	 86.659718	  86.46966	 86.283029	 86.099831	  85.92007	 85.743747	 85.570861	 85.401407	 85.235379	 85.072768	 84.913563	  84.75775	 84.605315	 84.456238	   84.3105	 84.168079	 84.028951	 83.893091	 83.760472	 83.631063	 83.504834	 83.381752	 83.261784	 83.144895	 83.031047	 82.920203	 82.812323	 82.707367	 82.605293	 82.506061	 82.409625	 82.315942	 82.224968	 82.136657	 82.050962	 81.967837	 81.887235	 81.809108	 81.733409	 81.660089	   81.5891	 81.520392	 81.453919	 81.389629	 81.327476	 81.267411	 81.209384	 81.153347	 81.099253	 81.047053	   80.9967	 80.948146	 80.901344	 80.856248	 80.812812	  80.77099	 80.730738	  80.69201	 80.654763	 80.618953	 80.584539	 80.551476	 80.519726	 80.489245	 80.459996	 80.431938	 80.405032	 80.379242	  80.35453	 80.330859	 80.308195	 80.286502	 80.265746	 80.245895	 80.226916	 80.208778	 80.191449	   80.1749	 80.159102	 80.144025	 80.129643	 80.115928	 80.102855	 80.090398	 80.078532	 80.067234	  80.05648	 80.046248	 80.036516	 80.027263	  80.01847	 80.010116	 80.002182	  79.99465	 79.987502	 79.980721	 79.974292	 79.968197	 79.962422	 79.956951	 79.951772	  79.94687	 79.942232	 79.937845	 79.933698	  79.92978	 79.926078	 79.922582	 79.919282	 79.916169	 79.913233	 79.910465	 79.907857	   79.9054	 79.903087	  79.90091	 79.898862	 79.896936	 79.895127	 79.893427	 79.891832	 79.890335	 79.888931	 79.887616	 79.886385	 79.885232	 79.884154	 79.883148	 79.882208	 79.881332	 79.880516	 79.879757	 79.879053	 79.878399	 79.877794	 79.877236	 79.876721	 79.876249	 79.875816	 79.875421	 79.875063	  79.87474	  79.87445	 79.874193	 79.873967	 79.873772	 79.873606	 79.873469	  79.87336	 79.873278	 79.873224	 79.873197	
        99	 98.688101	 98.376318	 98.064767	 97.753562	  97.44282	 97.132653	 96.823178	 96.514505	 96.206749	 95.900019	 95.594427	  95.29008	 94.987087	 94.685553	 94.385582	 94.087279	 93.790742	 93.496072	 93.203365	 92.912716	 92.624218	 92.337961	 92.054034	 91.772521	 91.493506	  91.21707	 90.943291	 90.672243	 90.403999	 90.138628	 89.876197	 89.616771	 89.360409	  89.10717	 88.857108	 88.610276	 88.366721	 88.126491	 87.889627	 87.656168	 87.426153	 87.199612	 86.976578	 86.757078	 86.541134	  86.32877	 86.120002	 85.914847	 85.713317	  85.51542	 85.321164	 85.130553	 84.943587	 84.760265	 84.580583	 84.404533	 84.232107	 84.063292	 83.898075	 83.736438	 83.578362	 83.423827	  83.27281	 83.125285	 82.981224	 82.840599	 82.703379	 82.569531	  82.43902	 82.311811	 82.187866	 82.067146	 81.949611	 81.835219	 81.723928	 81.615693	 81.510471	 81.408214	 81.308877	 81.212411	 81.118769	 81.027902	 80.939759	 80.854292	  80.77145	 80.691181	 80.613435	 80.538161	 80.465306	  80.39482	 80.326651	 80.260746	 80.197055	 80.135525	 80.076106	 80.018747	 79.963396	 79.910003	 79.858518	 79.808892	 79.761074	 79.715016	  79.67067	 79.627988	 79.586922	 79.547427	 79.509456	 79.472964	 79.437906	 79.404239	 79.371919	 79.340904	 79.311152	 79.282622	 79.255275	 79.229071	 79.203972	 79.179939	 79.156937	 79.134929	  79.11388	 79.093755	 79.074522	 79.056147	 79.038599	 79.021847	  79.00586	  78.99061	 78.976068	 78.962205	 78.948996	 78.936414	 78.924434	 78.913031	 78.902181	 78.891862	 78.882051	 78.872727	 78.863868	 78.855455	 78.847468	 78.839889	 78.832699	 78.825882	 78.819419	 78.813295	 78.807495	 78.802003	 78.796805	 78.791887	 78.787235	 78.782838	 78.778683	 78.774757	 78.771051	 78.767552	 78.764251	 78.761138	 78.758203	 78.755437	 78.752831	 78.750379	  78.74807	 78.745899	 78.743857	 78.741938	 78.740136	 78.738445	 78.736857	 78.735369	 78.733974	 78.732668	 78.731446	 78.730304	 78.729236	  78.72824	 78.727311	 78.726446	 78.725641	 78.724894	 78.724201	  78.72356	 78.722967	 78.722422	 78.721921	 78.721462	 78.721043	 78.720664	 78.720321	 78.720014	 78.719741	 78.719502	 78.719295	 78.719118	 78.718973	 78.718857	 78.718771	 78.718714	 78.718685	
