Time step 45:
        99	        99	        99	        99	        99	        99	        99	        99	        99	        99	        99	        99	        99	        99	        99	        99	        99	        99	        99	        99	        99	        99	        99	        99	        99	        99	        99	        99	        99	        99	        99	        99	        99	        99	        99	        99	        99	        99	        99	        99	        99	        99	        99	        99	        99	        99	        99	        99	        99	        99	        99	        99	        99	        99	        99	        99	        99	        99	        99	        99	        99	        99	        99	        99	        99	        99	        99	        99	        99	        99	        99	        99	        99	        99	        99	        99	        99	        99	        99	        99	        99	        99	        99	        99	        99	        99	        99	        99	        99	        99	        99	        99	        99	        99	        99	        99	        99	        99	        99	        99	        99	        99	        99	        99	        99	        99	        99	        99	        99	        99	        99	        99	        99	        99	        99	        99	        99	        99	        99	        99	        99	        99	        99	        99	        99	        99	        99	        99	        99	        99	        99	        99	        99	        99	        99	        99	        99	        99	        99	        99	        99	        99	        99	        99	        99	        99	        99	        99	        99	        99	        99	        99	        99	        99	        99	        99	        99	        99	        99	        99	        99	        99	        99	        99	        99	        99	        99	        99	        99	        99	        99	        99	        99	        99	        99	        99	        99	        99	        99	        99	        99	        99	        99	        99	        99	        99	        99	        99	        99	        99	        99	        99	        99	        99	        99	        99	        99	        99	        99	        99	
        99	  98.98589	 98.971784	 98.957686	 98.943599	 98.929529	 98.915478	 98.901451	 98.887451	 98.873483	  98.85955	 98.845656	 98.831805	 98.818001	 98.804246	 98.790546	 98.776903	 98.763321	 98.749804	 98.736355	 98.722978	 98.709675	 98.696451	 98.683308	 98.670249	 98.657278	 98.644398	 98.631611	 98.618921	 98.606331	 98.593842	 98.581458	 98.569181	 98.557014	 98.544959	 98.533019	 98.521195	  98.50949	 98.497906	 98.486445	 98.475108	 98.463898	 98.452817	 98.441865	 98.431044	 98.420356	 98.409803	 98.399384	 98.389103	 98.378958	 98.368953	 98.359086	  98.34936	 98.339775	 98.330331	 98.321029	  98.31187	 98.302853	  98.29398	 98.285249	 98.276662	 98.268219	 98.259919	 98.251761	 98.243747	 98.235876	 98.228146	 98.220559	 98.213112	 98.205807	 98.198642	 98.191615	 98.184728	 98.177978	 98.171365	 98.164888	 98.158546	 98.152338	 98.146262	 98.140318	 98.134504	  98.12882	 98.123262	 98.117832	 98.112526	 98.107344	 98.102284	 98.097345	 98.092525	 98.087822	 98.083235	 98.078763	 98.074404	 98.070155	 98.066016	 98.061985	 98.058059	 98.054239	  98.05052	 98.046903	 98.043384	 98.039963	 98.036638	 98.033406	 98.030266	 98.027217	 98.024256	 98.021382	 98.018593	 98.015887	 98.013263	 98.010719	 98.008252	 98.005862	 98.003546	 98.001304	 97.999132	  97.99703	 97.994996	 97.993029	 97.991126	 97.989286	 97.987507	 97.985788	 97.984128	 97.982524	 97.980976	 97.979481	 97.978039	 97.976648	 97.975306	 97.974013	 97.972766	 97.971564	 97.970407	 97.969292	 97.968219	 97.967186	 97.966193	 97.965237	 97.964317	 97.963434	 97.962584	 97.961768	 97.960985	 97.960232	  97.95951	 97.958816	 97.958151	 97.957514	 97.956902	 97.956316	 97.955755	 97.955217	 97.954703	  97.95421	 97.953739	 97.953288	 97.952857	 97.952445	 97.952052	 97.951677	 97.951318	 97.950976	  97.95065	  97.95034	 97.950044	 97.949762	 97.949494	 97.949239	 97.948997	 97.948767	 97.948549	 97.948343	 97.948147	 97.947962	 97.947787	 97.947622	 97.947467	 97.947321	 97.947183	 97.947055	 97.946934	 97.946822	 97.946718	 97.946621	 97.946531	 97.946449	 97.946374	 97.946305	 97.946244	 97.946188	  97.94614	 97.946097	 97.946061	 97.946031	 97.946007	 97.945989	 97.945977	 97.945972	
        99	 98.971784	 98.943576	 98.915383	 98.887215	 98.859078	  98.83098	  98.80293	 98.774934	 98.747002	  98.71914	 98.691356	 98.663658	 98.636052	 98.608548	 98.581151	 98.553869	 98.526709	 98.499679	 98.472785	 98.446033	 98.419432	 98.392987	 98.366704	 98.340591	 98.314653	 98.288896	 98.263326	  98.23795	 98.212772	 98.187798	 98.163033	 98.138483	 98.114152	 98.090046	 98.066168	 98.042524	 98.019117	 97.995953	 97.973033	 97.950364	 97.927947	 97.905787	 97.883886	 97.862248	 97.840875	 97.819771	 97.798937	 97.778377	 97.758091	 97.738082	 97.718352	 97.698903	 97.679735	  97.66085	 97.642249	 97.623932	 97.605902	 97.588157	 97.570699	 97.553528	 97.536643	 97.520045	 97.503733	 97.487706	 97.471965	 97.456509	 97.441336	 97.426446	 97.411837	 97.397508	 97.383458	 97.369685	 97.356187	 97.342963	 97.330011	 97.317328	 97.304914	 97.292764	 97.280877	 97.269251	 97.257883	 97.246771	 97.235911	 97.225301	 97.214939	  97.20482	 97.194943	 97.185304	   97.1759	 97.166728	 97.157785	 97.149067	 97.140571	 97.132294	 97.124233	 97.116383	 97.108742	 97.101307	 97.094073	 97.087037	 97.080196	 97.073546	 97.067083	 97.060805	 97.054707	 97.048786	 97.043039	 97.037462	 97.032051	 97.026803	 97.021715	 97.016783	 97.012003	 97.007373	 97.002888	 96.998546	 96.994342	 96.990275	  96.98634	 96.982534	 96.978855	 96.975298	 96.971861	 96.968541	 96.965334	 96.962238	 96.959249	 96.956365	 96.953583	   96.9509	 96.948313	  96.94582	 96.943417	 96.941103	 96.938874	 96.936728	 96.934663	 96.932675	 96.930764	 96.928925	 96.927158	  96.92546	 96.923828	 96.922261	 96.920756	 96.919311	 96.917925	 96.916595	  96.91532	 96.914097	 96.912926	 96.911803	 96.910728	 96.909699	 96.908714	 96.907771	  96.90687	 96.906008	 96.905185	 96.904398	 96.903647	 96.902931	 96.902247	 96.901595	 96.900974	 96.900382	 96.899819	 96.899283	 96.898773	 96.898289	  96.89783	 96.897394	 96.896981	  96.89659	 96.896219	  96.89587	  96.89554	 96.895229	 96.894937	 96.894662	 96.894405	 96.894164	 96.893939	 96.893731	 96.893537	 96.893358	 96.893193	 96.893043	 96.892906	 96.892783	 96.892672	 96.892575	  96.89249	 96.892418	 96.892358	  96.89231	 96.892275	 96.892251	 96.892239	
        99	 98.957686	 98.915383	 98.873105	 98.830862	 98.788666	 98.746529	 98.704464	 98.662481	 98.620592	 98.578808	 98.537142	 98.495604	 98.454206	 98.412959	 98.371873	  98.33096	  98.29023	 98.249694	 98.209362	 98.169244	 98.129351	 98.089693	 98.050278	 98.011117	 97.972219	 97.933593	 97.895248	 97.857192	 97.819433	 97.781981	 97.744843	 97.708026	 97.671539	 97.635388	  97.59958	 97.564122	  97.52902	 97.494281	  97.45991	 97.425914	 97.392296	 97.359064	  97.32622	 97.293771	  97.26172	  97.23007	 97.198827	 97.167993	 97.137572	 97.107566	 97.077978	  97.04881	 97.020065	 96.991744	 96.963849	 96.936381	 96.909342	 96.882731	  96.85655	 96.830799	 96.805478	 96.780586	 96.756124	  96.73209	 96.708484	 96.685305	 96.662551	  96.64022	 96.618312	 96.596824	 96.575753	 96.555099	 96.534857	 96.515026	 96.495602	 96.476583	 96.457965	 96.439745	 96.421919	 96.404484	 96.387436	 96.370771	 96.354485	 96.338574	 96.323034	  96.30786	 96.293047	 96.278592	  96.26449	 96.250735	 96.237323	 96.224249	 96.211509	 96.199096	 96.187007	 96.175235	 96.163777	 96.152626	 96.141777	 96.131226	 96.120967	 96.110994	 96.101302	 96.091887	 96.082743	 96.073864	 96.065245	 96.056881	 96.048767	 96.040897	 96.033266	 96.025869	 96.018702	 96.011757	 96.005032	  95.99852	 95.992217	 95.986117	 95.980216	 95.974509	 95.968991	 95.963657	 95.958502	 95.953523	 95.948714	 95.944071	 95.939589	 95.935264	 95.931092	 95.927068	 95.923189	  95.91945	 95.915847	 95.912376	 95.909033	 95.905815	 95.902718	 95.899738	 95.896871	 95.894114	 95.891464	 95.888917	  95.88647	 95.884119	 95.881863	 95.879696	 95.877617	 95.875623	 95.873711	 95.871877	  95.87012	 95.868437	 95.866824	 95.865281	 95.863804	  95.86239	 95.861039	 95.859746	 95.858512	 95.857332	 95.856206	 95.855131	 95.854106	 95.853128	 95.852197	 95.851309	 95.850464	 95.849661	 95.848897	 95.848171	 95.847482	 95.846828	 95.846208	 95.845622	 95.845067	 95.844543	 95.844048	 95.843582	 95.843143	 95.842732	 95.842345	 95.841984	 95.841648	 95.841334	 95.841044	 95.840776	 95.840529	 95.840303	 95.840098	 95.839913	 95.839748	 95.839602	 95.839474	 95.839366	 95.839276	 95.839204	 95.839151	 95.839115	 95.839097	
        99	 98.943599	 98.887215	 98.830862	 98.774556	 98.718313	  98.66215	 98.606081	 98.550121	 98.494288	 98.438595	 98.383058	 98.327692	 98.272513	 98.217534	 98.162771	 98.108238	 98.053949	 97.999919	 97.946161	 97.892688	 97.839515	 97.786654	 97.734119	 97.681921	 97.630074	 97.578589	 97.527479	 97.476754	 97.426426	 97.376506	 97.327005	 97.277932	 97.229298	 97.181112	 97.133384	 97.086122	 97.039335	 96.993031	 96.947219	 96.901905	 96.857096	 96.812801	 96.769024	 96.725772	 96.683051	 96.640866	 96.599222	 96.558123	 96.517575	  96.47758	 96.438142	 96.399265	  96.36095	 96.323201	  96.28602	 96.249408	 96.213367	 96.177898	 96.143002	 96.108678	 96.074927	 96.041749	 96.009144	 95.977109	 95.945645	 95.914749	  95.88442	 95.854656	 95.825455	 95.796813	 95.768729	 95.741198	 95.714218	 95.687785	 95.661895	 95.636544	 95.611728	 95.587443	 95.563683	 95.540444	 95.517721	 95.495508	 95.473801	 95.452593	  95.43188	 95.411654	 95.391911	 95.372643	 95.353846	 95.335512	 95.317636	  95.30021	 95.283228	 95.266683	 95.250569	 95.234879	 95.219606	 95.204743	 95.190283	 95.176219	 95.162545	 95.149252	 95.136334	 95.123785	 95.111596	 95.099761	 95.088273	 95.077125	 95.066309	  95.05582	 95.045649	  95.03579	 95.026236	  95.01698	 95.008016	 94.999336	 94.990934	 94.982804	 94.974939	 94.967332	 94.959976	 94.952867	 94.945997	  94.93936	  94.93295	 94.926761	 94.920787	 94.915023	 94.909462	 94.904098	 94.898928	 94.893944	 94.889141	 94.884515	  94.88006	  94.87577	 94.871642	 94.867669	 94.863848	 94.860174	 94.856641	 94.853246	 94.849985	 94.846852	 94.843844	 94.840956	 94.838185	 94.835527	 94.832978	 94.830534	 94.828192	 94.825948	 94.823799	 94.821742	 94.819773	 94.817889	 94.816087	 94.814365	 94.812719	 94.811147	 94.809646	 94.808213	 94.806847	 94.805544	 94.804302	 94.803119	 94.801993	 94.800922	 94.799904	 94.798936	 94.798017	 94.797146	  94.79632	 94.795538	 94.794799	   94.7941	 94.793441	 94.792819	 94.792235	 94.791686	 94.791171	  94.79069	 94.790241	 94.789824	 94.789436	 94.789079	  94.78875	 94.788449	 94.788176	 94.787929	 94.787709	 94.787514	 94.787345	   94.7872	  94.78708	 94.786985	 94.786913	 94.786866	 94.786842	
        99	 98.929529	 98.859078	 98.788666	 98.718313	  98.64804	 98.577865	 98.507808	 98.437888	 98.368126	 98.298539	 98.229147	 98.159969	 98.091023	 98.022329	 97.953904	 97.885766	 97.817934	 97.750424	 97.683255	 97.616442	 97.550004	 97.483956	 97.418314	 97.353094	 97.288313	 97.223984	 97.160123	 97.096743	  97.03386	 96.971486	 96.909635	  96.84832	 96.787553	 96.727346	 96.667711	 96.608658	 96.550199	 96.492344	 96.435102	 96.378484	 96.322497	  96.26715	 96.212453	 96.158411	 96.105032	 96.052323	 96.000289	 95.948938	 95.898273	 95.848301	 95.799024	 95.750448	 95.702575	 95.655409	 95.608952	 95.563206	 95.518174	 95.473856	 95.430254	 95.387367	 95.345197	 95.303742	 95.263002	 95.222975	 95.183662	 95.145058	 95.107163	 95.069974	 95.033487	   94.9977	 94.962609	  94.92821	   94.8945	 94.861472	 94.829123	 94.797448	 94.766441	 94.736097	  94.70641	 94.677374	 94.648982	 94.621227	 94.594105	 94.567606	 94.541725	 94.516454	 94.491785	 94.467711	 94.444224	 94.421316	  94.39898	 94.377207	 94.355988	 94.335316	 94.315182	 94.295578	 94.276495	 94.257924	 94.239856	 94.222284	 94.205198	 94.188589	 94.172449	 94.156768	 94.141539	 94.126752	 94.112398	 94.098468	 94.084954	 94.071848	 94.059139	 94.046821	 94.034884	 94.023319	 94.012118	 94.001273	 93.990775	 93.980617	 93.970789	 93.961284	 93.952094	 93.943211	 93.934627	 93.926334	 93.918325	 93.910592	 93.903128	 93.895925	 93.888977	 93.882276	 93.875815	 93.869588	 93.863587	 93.857807	  93.85224	 93.846881	 93.841722	 93.836759	 93.831984	 93.827393	  93.82298	 93.818738	 93.814662	 93.810748	 93.806989	 93.803381	 93.799919	 93.796598	 93.793413	 93.790359	 93.787433	 93.784629	 93.781944	 93.779374	 93.776913	  93.77456	 93.772308	 93.770156	   93.7681	 93.766136	  93.76426	  93.76247	 93.760762	 93.759134	 93.757583	 93.756105	 93.754698	  93.75336	 93.752087	 93.750878	  93.74973	 93.748642	  93.74761	 93.746633	 93.745709	 93.744836	 93.744012	 93.743236	 93.742505	 93.741819	 93.741176	 93.740575	 93.740014	 93.739492	 93.739009	 93.738562	 93.738151	 93.737775	 93.737433	 93.737125	  93.73685	 93.736607	 93.736395	 93.736215	 93.736065	 93.735945	 93.735856	 93.735797	 93.735767	
        99	 98.915478	  98.83098	 98.746529	  98.66215	 98.577865	 98.493698	 98.409673	 98.325812	  98.24214	 98.158679	 98.075451	 97.992481	 97.909789	 97.827398	  97.74533	 97.663606	 97.582249	 97.501279	 97.420717	 97.340584	 97.260898	 97.181681	 97.102952	 97.024729	  96.94703	 96.869875	 96.793281	 96.717265	 96.641844	 96.567034	 96.492851	 96.419311	 96.346428	 96.274217	 96.202691	 96.131864	 96.061749	 95.992359	 95.923704	 95.855796	 95.788647	 95.722265	 95.656661	 95.591844	 95.527823	 95.464604	 95.402196	 95.340606	  95.27984	 95.219904	 95.160802	  95.10254	 95.045123	 94.988552	 94.932833	 94.877966	 94.823955	 94.770801	 94.718505	 94.667068	 94.616489	 94.566769	 94.517906	 94.469899	 94.422747	 94.376446	 94.330995	 94.286391	  94.24263	 94.199708	  94.15762	 94.116363	  94.07593	 94.036318	 93.997519	 93.959529	  93.92234	 93.885945	 93.850339	 93.815513	  93.78146	 93.748172	 93.715642	  93.68386	 93.652818	 93.622508	 93.592921	 93.564047	 93.535877	 93.508402	 93.481612	 93.455498	 93.430049	 93.405255	 93.381107	 93.357594	 93.334705	 93.312432	 93.290762	 93.269686	 93.249193	 93.229273	 93.209915	 93.191108	 93.172842	 93.155106	  93.13789	 93.121183	 93.104975	 93.089255	 93.074013	 93.059239	 93.044921	  93.03105	 93.017616	 93.004609	 92.992018	 92.979834	 92.968047	 92.956647	 92.945625	  92.93497	 92.924675	 92.914728	 92.905123	 92.895848	 92.886895	 92.878257	 92.869923	 92.861886	 92.854137	 92.846668	 92.839471	 92.832538	 92.825861	 92.819433	 92.813246	 92.807294	 92.801567	 92.796061	 92.790767	 92.785679	 92.780791	 92.776096	 92.771588	 92.767261	 92.763109	 92.759125	 92.755305	 92.751643	 92.748133	  92.74477	  92.74155	 92.738467	 92.735516	 92.732693	 92.729993	 92.727412	 92.724945	 92.722589	  92.72034	 92.718193	 92.716145	 92.714192	 92.712331	 92.710558	 92.708871	 92.707266	  92.70574	  92.70429	 92.702913	 92.701607	  92.70037	 92.699198	  92.69809	 92.697042	 92.696054	 92.695123	 92.694247	 92.693425	 92.692654	 92.691933	  92.69126	 92.690634	 92.690054	 92.689518	 92.689025	 92.688574	 92.688164	 92.687795	 92.687464	 92.687173	 92.686919	 92.686702	 92.686523	 92.686379	 92.686272	 92.686201	 92.686165	
        99	 98.901451	  98.80293	 98.704464	 98.606081	 98.507808	 98.409673	 98.311703	 98.213925	 98.116367	 98.019054	 97.922015	 97.825274	 97.728858	 97.632794	 97.537106	  97.44182	 97.346961	 97.252554	 97.158622	 97.065189	 96.972279	 96.879915	  96.78812	 96.696915	 96.606322	 96.516363	 96.427057	 96.338426	 96.250488	 96.163262	 96.076768	 95.991023	 95.906044	 95.821849	 95.738453	 95.655872	 95.574121	 95.493214	 95.413166	 95.333989	 95.255695	 95.178297	 95.101805	 95.026231	 94.951585	 94.877874	  94.80511	 94.733298	 94.662447	 94.592564	 94.523654	 94.455723	 94.388776	 94.322818	 94.257851	 94.193879	 94.130904	 94.068929	 94.007954	  93.94798	 93.889007	 93.831035	 93.774063	 93.718089	 93.663111	 93.609127	 93.556134	 93.504127	 93.453103	 93.403057	 93.353985	 93.305881	 93.258738	 93.212552	 93.167314	 93.123019	 93.079658	 93.037223	 92.995708	 92.955102	 92.915398	 92.876586	 92.838656	   92.8016	 92.765407	 92.730067	 92.695569	 92.661903	 92.629059	 92.597024	 92.565788	 92.535339	 92.505667	 92.476759	 92.448603	 92.421187	   92.3945	  92.36853	 92.343264	 92.318691	 92.294797	  92.27157	 92.248999	 92.227071	 92.205774	 92.185095	 92.165022	 92.145542	 92.126645	 92.108316	 92.090544	 92.073317	 92.056624	 92.040451	 92.024788	 92.009622	 91.994941	 91.980735	 91.966992	   91.9537	 91.940848	 91.928426	 91.916422	 91.904825	 91.893625	 91.882811	 91.872373	   91.8623	 91.852583	 91.843213	 91.834178	 91.825469	 91.817078	 91.808994	 91.801209	 91.793714	 91.786501	  91.77956	 91.772883	 91.766463	 91.760291	 91.754359	 91.748659	 91.743185	 91.737929	 91.732884	 91.728042	 91.723398	 91.718944	 91.714673	 91.710581	 91.706661	 91.702906	 91.699311	  91.69587	 91.692578	 91.689431	 91.686421	 91.683545	 91.680798	 91.678175	 91.675672	 91.673284	 91.671007	 91.668837	 91.666771	 91.664803	 91.662932	 91.661152	 91.659462	 91.657857	 91.656334	 91.654891	 91.653525	 91.652233	 91.651012	  91.64986	 91.648774	 91.647753	 91.646794	 91.645895	 91.645054	 91.644269	  91.64354	 91.642863	 91.642238	 91.641664	 91.641138	  91.64066	 91.640229	 91.639844	 91.639504	 91.639208	 91.638956	 91.638746	 91.638579	 91.638454	 91.638371	  91.63833	
        99	 98.887451	 98.774934	 98.662481	 98.550121	 98.437888	 98.325812	 98.213925	 98.102257	  97.99084	 97.879704	 97.768879	 97.658395	 97.548283	 97.438572	 97.329291	 97.220469	 97.112135	 97.004316	  96.89704	 96.790335	 96.684227	 96.578742	 96.473906	 96.369745	 96.266283	 96.163544	 96.061552	 95.960329	 95.859899	 95.760283	 95.661501	 95.563576	 95.466525	 95.370369	 95.275126	 95.180814	  95.08745	  94.99505	  94.90363	 94.813204	 94.723789	 94.635395	 94.548038	 94.461728	 94.376477	 94.292296	 94.209194	 94.127181	 94.046266	 93.966455	 93.887756	 93.810175	 93.733718	 93.658389	 93.584193	 93.511134	 93.439213	 93.368434	 93.298797	 93.230303	 93.162953	 93.096746	  93.03168	 92.967755	 92.904967	 92.843314	 92.782792	 92.723397	 92.665125	  92.60797	 92.551927	 92.496989	  92.44315	 92.390402	 92.338738	  92.28815	 92.238629	 92.190167	 92.142754	  92.09638	 92.051035	  92.00671	 91.963392	 91.921072	 91.879737	 91.839376	 91.799978	  91.76153	 91.724019	 91.687434	 91.651761	 91.616987	 91.583099	 91.550084	 91.517928	 91.486618	  91.45614	 91.426481	 91.397626	 91.369561	 91.342273	 91.315747	  91.28997	 91.264927	 91.240604	 91.216987	 91.194063	 91.171816	 91.150234	 91.129301	 91.109005	 91.089331	 91.070266	 91.051796	 91.033907	 91.016587	 90.999821	 90.983597	 90.967901	 90.952721	 90.938044	 90.923857	 90.910147	 90.896903	 90.884111	 90.871761	  90.85984	 90.848337	  90.83724	 90.826538	 90.816219	 90.806274	  90.79669	 90.787459	 90.778568	 90.770008	  90.76177	 90.753843	 90.746218	 90.738885	 90.731836	 90.725062	 90.718553	 90.712301	 90.706298	 90.700536	 90.695007	 90.689702	 90.684616	 90.679739	 90.675065	 90.670588	 90.666299	 90.662194	 90.658264	 90.654505	  90.65091	 90.647473	 90.644189	 90.641052	 90.638056	 90.635197	  90.63247	  90.62987	 90.627392	 90.625031	 90.622784	 90.620647	 90.618615	 90.616684	 90.614851	 90.613112	 90.611464	 90.609904	 90.608428	 90.607034	 90.605718	 90.604478	 90.603312	 90.602216	  90.60119	 90.600229	 90.599333	   90.5985	 90.597727	 90.597014	 90.596357	 90.595757	 90.595212	 90.594719	  90.59428	 90.593891	 90.593553	 90.593265	 90.593026	 90.592835	 90.592692	 90.592597	  90.59255	
        99	 98.873483	 98.747002	 98.620592	 98.494288	 98.368126	  98.24214	 98.116367	  97.99084	 97.865595	 97.740666	 97.616086	 97.491891	 97.368113	 97.244786	 97.121942	 96.999615	 96.877835	 96.756635	 96.636045	 96.516097	  96.39682	 96.278243	 96.160397	 96.043308	 95.927005	 95.811516	 95.696866	 95.583081	 95.470186	 95.358207	 95.247166	 95.137087	 95.027991	 94.919902	 94.812838	 94.706821	 94.601869	 94.498002	 94.395236	 94.293588	 94.193075	 94.093712	 93.995512	 93.898491	 93.802659	 93.708031	 93.614615	 93.522424	 93.431466	  93.34175	 93.253284	 93.166074	 93.080128	 92.995451	 92.912047	  92.82992	 92.749073	 92.669509	  92.59123	 92.514236	 92.438527	 92.364102	 92.290962	 92.219103	 92.148522	 92.079218	 92.011185	 91.944418	 91.878914	 91.814666	 91.751667	 91.689911	  91.62939	 91.570095	  91.51202	 91.455153	 91.399487	  91.34501	 91.291712	 91.239583	 91.188611	 91.138784	  91.09009	 91.042517	 90.996053	 90.950683	 90.906395	 90.863175	 90.821009	 90.779883	 90.739783	 90.700693	 90.662599	 90.625487	 90.589341	 90.554145	 90.519884	 90.486544	 90.454108	  90.42256	 90.391885	 90.362067	 90.333091	  90.30494	 90.277598	  90.25105	 90.225281	 90.200273	 90.176012	 90.152482	 90.129666	 90.107551	  90.08612	 90.065357	 90.045249	 90.025778	 90.006932	 89.988694	 89.971051	 89.953987	 89.937488	  89.92154	 89.906129	  89.89124	 89.876862	 89.862979	 89.849579	 89.836648	 89.824173	 89.812143	 89.800544	 89.789364	 89.778591	 89.768213	 89.758219	 89.748598	 89.739337	 89.730426	 89.721855	 89.713612	 89.705688	 89.698073	 89.690756	 89.683728	 89.676981	 89.670503	 89.664288	 89.658325	 89.652607	 89.647125	 89.641871	 89.636838	 89.632018	 89.627402	 89.622985	  89.61876	 89.614718	 89.610855	 89.607163	 89.603636	 89.600269	 89.597055	  89.59399	 89.591067	 89.588281	 89.585628	 89.583102	 89.580699	 89.578415	 89.576244	 89.574184	 89.572229	 89.570377	 89.568623	 89.566964	 89.565396	 89.563917	 89.562524	 89.561213	 89.559981	 89.558827	 89.557748	  89.55674	 89.555804	 89.554935	 89.554133	 89.553395	  89.55272	 89.552107	 89.551554	  89.55106	 89.550623	 89.550243	 89.549919	  89.54965	 89.549435	 89.549275	 89.549168	 89.549115	
        99	  98.85955	  98.71914	 98.578808	 98.438595	 98.298539	 98.158679	 98.019054	 97.879704	 97.740666	 97.601978	 97.463679	 97.325807	 97.188397	 97.051489	 96.915116	 96.779317	 96.644126	 96.509578	 96.375709	 96.242551	 96.110138	 95.978503	 95.847678	 95.717695	 95.588584	 95.460376	 95.333099	 95.206784	 95.081456	 94.957145	 94.833875	 94.711673	 94.590564	  94.47057	 94.351716	 94.234024	 94.117514	 94.002208	 93.888124	 93.775282	   93.6637	 93.553394	  93.44438	 93.336674	 93.230289	 93.125239	 93.021536	 92.919192	 92.818217	  92.71862	 92.620412	 92.523598	 92.428187	 92.334184	 92.241595	 92.150424	 92.060674	 91.972348	 91.885448	 91.799974	 91.715927	 91.633307	 91.552112	 91.472339	 91.393986	 91.317049	 91.241523	 91.167404	 91.094686	 91.023362	 90.953426	 90.884868	 90.817682	 90.751858	 90.687387	 90.624258	  90.56246	 90.501984	 90.442817	 90.384947	 90.328361	 90.273047	 90.218991	 90.166179	 90.114598	 90.064231	 90.015066	 89.967086	 89.920277	 89.874622	 89.830105	  89.78671	 89.744422	 89.703222	 89.663095	 89.624023	  89.58599	 89.548978	 89.512969	 89.477947	 89.443894	 89.410793	 89.378625	 89.347374	 89.317021	  89.28755	 89.258942	  89.23118	 89.204247	 89.178126	 89.152798	 89.128247	 89.104456	 89.081407	 89.059083	 89.037469	 89.016547	 88.996301	 88.976714	 88.957771	 88.939455	 88.921751	 88.904642	 88.888115	 88.872153	 88.856741	 88.841865	  88.82751	 88.813662	 88.800307	  88.78743	 88.775019	  88.76306	 88.751539	 88.740445	 88.729763	 88.719482	  88.70959	 88.700075	 88.690925	 88.682128	 88.673674	 88.665551	  88.65775	 88.650259	 88.643068	 88.636168	 88.629549	 88.623201	 88.617116	 88.611283	 88.605696	 88.600344	 88.595221	 88.590317	 88.585626	  88.58114	 88.576851	 88.572752	 88.568837	 88.565099	 88.561532	 88.558128	 88.554883	 88.551791	 88.548846	 88.546042	 88.543374	 88.540838	 88.538429	 88.536142	 88.533972	 88.531915	 88.529968	 88.528126	 88.526386	 88.524744	 88.523197	 88.521742	 88.520375	 88.519093	 88.517895	 88.516777	 88.515737	 88.514773	 88.513882	 88.513063	 88.512314	 88.511634	 88.511019	 88.510471	 88.509986	 88.509564	 88.509204	 88.508906	 88.508668	  88.50849	 88.508371	 88.508312	
        99	 98.845656	 98.691356	 98.537142	 98.383058	 98.229147	 98.075451	 97.922015	 97.768879	 97.616086	 97.463679	 97.311699	 97.160188	 97.009185	 96.858733	  96.70887	 96.559637	 96.411072	 96.263214	 96.116102	 95.969771	 95.824259	 95.679602	 95.535836	 95.392994	 95.251111	  95.11022	 94.970352	 94.831541	 94.693816	 94.557207	 94.421743	 94.287452	 94.154362	 94.022498	 93.891886	 93.762551	 93.634516	 93.507803	 93.382434	 93.258429	 93.135808	  93.01459	 92.894792	 92.776431	 92.659522	  92.54408	 92.430118	  92.31765	 92.206686	 92.097237	 91.989313	 91.882922	 91.778073	 91.674771	 91.573022	 91.472832	 91.374203	  91.27714	 91.181643	 91.087714	 90.995353	  90.90456	 90.815332	 90.727668	 90.641563	 90.557015	 90.474019	 90.392567	 90.312656	 90.234276	 90.157421	 90.082082	 90.008249	 89.935913	 89.865064	  89.79569	  89.72778	 89.661321	 89.596301	 89.532706	 89.470522	 89.409736	 89.350333	 89.292296	 89.235612	 89.180264	 89.126235	 89.073508	 89.022068	 88.971897	 88.922976	 88.875289	 88.828817	 88.783541	 88.739445	 88.696508	 88.654712	 88.614038	 88.574468	 88.535981	  88.49856	 88.462184	 88.426834	 88.392491	 88.359136	 88.326749	 88.295311	 88.264803	 88.235206	   88.2065	 88.178667	 88.151687	 88.125542	 88.100213	 88.075682	 88.051929	 88.028937	 88.006688	 87.985164	 87.964347	 87.944219	 87.924763	 87.905963	   87.8878	 87.870259	 87.853322	 87.836975	   87.8212	 87.805982	 87.791305	 87.777155	 87.763516	 87.750374	 87.737714	 87.725521	 87.713783	 87.702486	 87.691615	 87.681158	 87.671103	 87.661436	 87.652146	  87.64322	 87.634646	 87.626414	 87.618512	  87.61093	 87.603656	  87.59668	 87.589992	 87.583583	 87.577443	 87.571562	 87.565932	 87.560543	 87.555388	 87.550458	 87.545744	  87.54124	 87.536938	  87.53283	  87.52891	  87.52517	 87.521604	 87.518206	 87.514969	 87.511887	 87.508956	 87.506169	 87.503522	 87.501008	 87.498623	 87.496363	 87.494224	   87.4922	 87.490288	 87.488483	 87.486783	 87.485184	 87.483681	 87.482273	 87.480956	 87.479728	 87.478585	 87.477525	 87.476547	 87.475647	 87.474824	 87.474075	   87.4734	 87.472797	 87.472265	 87.471801	 87.471406	 87.471078	 87.470816	  87.47062	  87.47049	 87.470425	
        99	 98.831805	 98.663658	 98.495604	 98.327692	 98.159969	 97.992481	 97.825274	 97.658395	 97.491891	 97.325807	 97.160188	 96.995079	 96.830525	 96.666571	 96.503259	 96.340634	 96.178736	 96.017609	 95.857294	 95.697832	 95.539261	 95.381623	 95.224954	 95.069294	 94.914678	 94.761142	 94.608723	 94.457455	  94.30737	 94.158501	  94.01088	 93.864538	 93.719504	 93.575806	 93.433473	 93.292531	 93.153006	 93.014921	 92.878301	 92.743168	 92.609543	 92.477447	 92.346898	 92.217915	 92.090514	 91.964712	 91.840523	 91.717962	  91.59704	 91.477769	 91.360159	 91.244221	 91.129962	 91.017389	 90.906509	 90.797328	 90.689848	 90.584074	 90.480007	 90.377649	 90.276999	 90.178058	 90.080823	 89.985291	  89.89146	 89.799324	 89.708879	 89.620118	 89.533035	 89.447622	 89.363869	 89.281769	  89.20131	 89.122483	 89.045276	 88.969676	 88.895671	 88.823248	 88.752393	 88.683091	 88.615327	 88.549086	 88.484351	 88.421107	 88.359335	  88.29902	 88.240142	 88.182684	 88.126628	 88.071954	 88.018643	 87.966676	 87.916033	 87.866695	 87.818641	 87.771851	 87.726304	  87.68198	 87.638859	 87.596918	 87.556138	 87.516498	 87.477976	 87.440551	 87.404202	 87.368909	  87.33465	 87.301404	 87.269151	 87.237869	 87.207538	 87.178137	 87.149645	 87.122043	  87.09531	 87.069426	 87.044371	 87.020126	  86.99667	 86.973984	  86.95205	 86.930848	  86.91036	 86.890568	 86.871452	 86.852996	 86.835181	 86.817991	 86.801407	 86.785413	 86.769993	 86.755131	 86.740809	 86.727012	 86.713726	 86.700935	 86.688623	 86.676777	 86.665382	 86.654424	  86.64389	 86.633765	 86.624038	 86.614696	 86.605725	 86.597114	 86.588851	 86.580924	 86.573322	 86.566034	  86.55905	 86.552358	  86.54595	 86.539814	 86.533942	 86.528324	 86.522952	 86.517815	 86.512907	 86.508219	 86.503742	  86.49947	 86.495394	 86.491509	 86.487805	 86.484278	  86.48092	 86.477726	 86.474689	 86.471803	 86.469064	 86.466466	 86.464003	 86.461671	 86.459466	 86.457382	 86.455416	 86.453563	  86.45182	 86.450183	 86.448648	 86.447213	 86.445874	 86.444629	 86.443474	 86.442408	 86.441427	  86.44053	 86.439715	 86.438979	 86.438322	 86.437741	 86.437236	 86.436806	 86.436448	 86.436163	  86.43595	 86.435808	 86.435737	
        99	 98.818001	 98.636052	 98.454206	 98.272513	 98.091023	 97.909789	 97.728858	 97.548283	 97.368113	 97.188397	 97.009185	 96.830525	 96.652466	 96.475055	  96.29834	 96.122366	 95.947181	  95.77283	 95.599357	 95.426807	 95.255222	 95.084645	 94.915118	 94.746681	 94.579375	 94.413239	  94.24831	 94.084626	 93.922223	 93.761136	 93.601399	 93.443046	 93.286108	 93.130617	 92.976602	 92.824092	 92.673115	 92.523697	 92.375864	  92.22964	 92.085048	 91.942109	 91.800846	 91.661276	 91.523419	 91.387292	  91.25291	 91.120289	 90.989443	 90.860382	  90.73312	 90.607666	 90.484029	 90.362218	 90.242237	 90.124095	 90.007794	 89.893338	  89.78073	  89.66997	  89.56106	 89.453998	 89.348782	  89.24541	 89.143878	  89.04418	 88.946312	 88.850266	 88.756035	 88.663612	 88.572985	 88.484147	 88.397084	 88.311787	 88.228243	 88.146439	  88.06636	 87.987993	 87.911322	 87.836332	 87.763006	 87.691328	 87.621281	 87.552846	 87.486004	 87.420738	 87.357028	 87.294855	 87.234197	 87.175036	  87.11735	 87.061118	 87.006318	 86.952931	 86.900933	 86.850302	 86.801017	 86.753056	 86.706395	 86.661012	 86.616885	 86.573991	 86.532307	 86.491811	 86.452479	 86.414289	 86.377218	 86.341244	 86.306343	 86.272494	 86.239673	 86.207859	 86.177029	 86.147162	 86.118235	 86.090226	 86.063115	 86.036879	 86.011498	 85.986951	 85.963216	 85.940274	 85.918105	 85.896688	 85.876004	 85.856032	 85.836756	 85.818154	 85.800209	 85.782903	 85.766217	 85.750135	 85.734637	 85.719709	 85.705332	  85.69149	 85.678168	  85.66535	  85.65302	 85.641162	 85.629764	 85.618808	 85.608283	 85.598174	 85.588467	 85.579149	 85.570207	  85.56163	 85.553404	 85.545518	 85.537961	  85.53072	 85.523785	 85.517146	 85.510792	 85.504713	   85.4989	 85.493342	 85.488031	 85.482958	 85.478114	 85.473491	 85.469081	 85.464876	 85.460869	 85.457052	 85.453419	 85.449962	 85.446676	 85.443553	 85.440589	 85.437778	 85.435113	  85.43259	 85.430203	 85.427948	 85.425821	 85.423816	  85.42193	 85.420158	 85.418498	 85.416945	 85.415496	 85.414149	 85.412899	 85.411745	 85.410684	 85.409713	 85.408831	 85.408035	 85.407324	 85.406696	 85.406149	 85.405683	 85.405296	 85.404988	 85.404757	 85.404604	 85.404527	
        99	 98.804246	 98.608548	 98.412959	 98.217534	 98.022329	 97.827398	 97.632794	 97.438572	 97.244786	 97.051489	 96.858733	 96.666571	 96.475055	 96.284237	 96.094166	 95.904894	  95.71647	 95.528942	 95.342359	 95.156769	 94.972216	 94.788749	  94.60641	 94.425244	 94.245294	 94.066602	 93.889209	 93.713155	 93.538478	 93.365217	 93.193409	 93.023088	  92.85429	 92.687048	 92.521393	 92.357358	 92.194971	 92.034261	 91.875256	 91.717981	 91.562462	 91.408721	 91.256782	 91.106664	 90.958389	 90.811974	 90.667437	 90.524793	 90.384058	 90.245244	 90.108365	  89.97343	 89.840449	 89.709431	 89.580384	 89.453313	 89.328223	 89.205117	 89.083999	 88.964869	 88.847728	 88.732575	 88.619408	 88.508223	 88.399017	 88.291785	 88.186521	 88.083217	 87.981865	 87.882456	 87.784981	 87.689428	 87.595787	 87.504043	 87.414185	 87.326199	 87.240068	 87.155778	 87.073313	 86.992656	 86.913789	 86.836694	 86.761353	 86.687746	 86.615853	 86.545655	  86.47713	 86.410258	 86.345016	 86.281384	 86.219338	 86.158856	 86.099916	 86.042493	 85.986566	 85.932109	 85.879099	 85.827513	 85.777326	 85.728513	 85.681052	 85.634916	 85.590082	 85.546525	 85.504221	 85.463145	 85.423272	 85.384579	 85.347041	 85.310633	 85.275333	 85.241114	 85.207955	  85.17583	 85.144717	 85.114591	 85.085431	 85.057213	 85.029913	 85.003511	 84.977983	 84.953307	 84.929462	 84.906427	 84.884179	 84.862699	 84.841965	 84.821958	 84.802657	 84.784043	 84.766096	 84.748798	  84.73213	 84.716073	 84.700609	 84.685722	 84.671393	 84.657606	 84.644344	  84.63159	  84.61933	 84.607547	 84.596226	 84.585353	 84.574912	  84.56489	 84.555273	 84.546047	   84.5372	 84.528718	 84.520589	 84.512801	 84.505343	 84.498202	 84.491368	 84.484829	 84.478576	 84.472599	 84.466886	  84.46143	  84.45622	 84.451247	 84.446504	 84.441981	 84.437671	 84.433566	 84.429658	  84.42594	 84.422406	 84.419047	 84.415859	 84.412835	 84.409969	 84.407255	 84.404688	 84.402263	 84.399974	 84.397818	 84.395789	 84.393884	 84.392098	 84.390428	  84.38887	 84.387421	 84.386077	 84.384835	 84.383694	  84.38265	 84.381701	 84.380845	  84.38008	 84.379404	 84.378817	 84.378315	 84.377899	 84.377567	 84.377319	 84.377154	 84.377071	
        99	 98.790546	 98.581151	 98.371873	 98.162771	 97.953904	  97.74533	 97.537106	 97.329291	 97.121942	 96.915116	  96.70887	 96.503259	  96.29834	 96.094166	 95.890793	 95.688274	 95.486663	  95.28601	 95.086369	 94.887789	 94.690321	 94.494012	 94.298912	 94.105067	 93.912522	 93.721324	 93.531516	  93.34314	 93.156238	 92.970851	 92.787018	 92.604777	 92.424165	 92.245218	  92.06797	 91.892454	 91.718702	 91.546744	  91.37661	 91.208328	 91.041924	 90.877424	  90.71485	 90.554227	 90.395574	 90.238912	 90.084259	 89.931632	 89.781047	 89.632518	 89.486058	 89.341679	 89.199392	 89.059205	 88.921125	 88.785161	 88.651316	 88.519594	 88.389999	 88.262532	 88.137192	  88.01398	 87.892892	 87.773926	 87.657078	 87.542341	 87.429709	 87.319175	 87.210729	 87.104363	 87.000066	 86.897826	  86.79763	 86.699466	 86.603319	 86.509175	 86.417016	 86.326827	  86.23859	 86.152288	 86.067901	 85.985411	 85.904797	 85.826038	 85.749114	 85.674002	 85.600682	 85.529129	 85.459321	 85.391235	 85.324847	 85.260132	 85.197067	 85.135626	 85.075783	 85.017515	 84.960796	 84.905599	 84.851899	 84.799671	 84.748887	 84.699523	 84.651551	 84.604945	  84.55968	 84.515729	 84.473066	 84.431665	   84.3915	 84.352544	 84.314773	  84.27816	 84.242679	 84.208306	 84.175015	 84.142782	 84.111581	 84.081387	 84.052177	 84.023927	 83.996612	  83.97021	 83.944696	 83.920048	 83.896243	  83.87326	 83.851075	 83.829667	 83.809016	 83.789099	 83.769896	 83.751387	 83.733552	 83.716372	 83.699826	 83.683897	 83.668565	 83.653813	 83.639622	 83.625977	 83.612858	  83.60025	 83.588137	 83.576503	 83.565331	 83.554608	 83.544318	 83.534446	  83.52498	 83.515904	 83.507207	 83.498874	 83.490893	 83.483253	  83.47594	 83.468944	 83.462253	 83.455857	 83.449745	 83.443907	 83.438332	 83.433012	 83.427936	 83.423097	 83.418485	 83.414093	 83.409911	 83.405933	 83.402151	 83.398558	 83.395147	 83.391911	 83.388844	  83.38594	 83.383194	 83.380599	  83.37815	 83.375843	 83.373672	 83.371634	 83.369723	 83.367936	 83.366269	 83.364718	  83.36328	 83.361952	  83.36073	 83.359613	 83.358598	 83.357682	 83.356864	 83.356141	 83.355512	 83.354975	  83.35453	 83.354175	 83.353909	 83.353733	 83.353644	
        99	 98.776903	 98.553869	  98.33096	 98.108238	 97.885766	 97.663606	  97.44182	 97.220469	 96.999615	 96.779317	 96.559637	 96.340634	 96.122366	 95.904894	 95.688274	 95.472564	 95.257821	 95.044099	 94.831454	 94.619939	 94.409609	 94.200514	 93.992706	 93.786234	 93.581149	 93.377497	 93.175325	 92.974679	 92.775603	 92.578141	 92.382334	 92.188223	 91.995847	 91.805244	  91.61645	 91.429502	 91.244433	 91.061275	 90.880059	 90.700816	 90.523573	 90.348358	 90.175196	  90.00411	 89.835123	 89.668257	  89.50353	 89.340962	 89.180568	 89.022365	 88.866366	 88.712583	 88.561027	 88.411709	 88.264636	 88.119815	 87.977252	 87.836951	 87.698915	 87.563145	 87.429641	 87.298403	 87.169429	 87.042714	 86.918254	 86.796044	 86.676076	 86.558342	 86.442833	 86.329539	 86.218448	 86.109548	 86.002827	 85.898269	 85.795859	 85.695582	 85.597421	 85.501357	 85.407373	  85.31545	 85.225567	 85.137703	 85.051838	 84.967949	 84.886014	 84.806011	 84.727914	 84.651701	 84.577346	 84.504826	 84.434113	 84.365183	  84.29801	 84.232567	 84.168827	 84.106763	 84.046349	 83.987557	  83.93036	 83.874729	 83.820638	 83.768058	 83.716962	 83.667321	 83.619107	 83.572293	 83.526852	 83.482754	 83.439972	 83.398479	 83.358247	 83.319249	 83.281458	 83.244846	 83.209387	 83.175054	  83.14182	  83.10966	 83.078548	 83.048457	 83.019364	 82.991241	 82.964066	 82.937812	 82.912457	 82.887976	 82.864347	 82.841545	 82.819548	 82.798334	  82.77788	 82.758166	 82.739169	 82.720869	 82.703246	 82.686279	 82.669949	 82.654236	 82.639121	 82.624586	 82.610613	 82.597185	 82.584282	  82.57189	 82.559991	 82.548569	 82.537609	 82.527094	 82.517011	 82.507345	  82.49808	 82.489205	 82.480704	 82.472566	 82.464777	 82.457325	 82.450199	 82.443386	 82.436876	 82.430657	 82.424719	 82.419053	 82.413647	 82.408492	  82.40358	 82.398901	 82.394448	 82.390211	 82.386182	 82.382355	 82.378722	 82.375275	 82.372008	 82.368915	  82.36599	 82.363226	 82.360618	  82.35816	 82.355848	 82.353677	 82.351642	 82.349738	 82.347962	  82.34631	 82.344779	 82.343364	 82.342063	 82.340874	 82.339792	 82.338816	 82.337945	 82.337175	 82.336505	 82.335933	 82.335459	 82.335081	 82.334798	  82.33461	 82.334516	
        99	 98.763321	 98.526709	  98.29023	 98.053949	 97.817934	 97.582249	 97.346961	 97.112135	 96.877835	 96.644126	 96.411072	 96.178736	 95.947181	  95.71647	 95.486663	 95.257821	 95.030004	 94.803271	 94.577681	  94.35329	 94.130154	  93.90833	 93.687871	  93.46883	 93.251259	 93.035209	 92.820729	 92.607869	 92.396674	  92.18719	 91.979463	 91.773535	 91.569447	  91.36724	 91.166954	 90.968624	 90.772288	  90.57798	 90.385732	 90.195577	 90.007544	 89.821662	 89.637958	 89.456457	 89.277182	 89.100158	 88.925403	 88.752938	  88.58278	 88.414945	 88.249449	 88.086304	 87.925522	 87.767114	 87.611087	  87.45745	 87.306208	 87.157365	 87.010926	  86.86689	 86.725259	 86.586032	 86.449206	 86.314777	  86.18274	  86.05309	 85.925818	 85.800917	 85.678376	 85.558185	 85.440331	 85.324802	 85.211583	  85.10066	 84.992016	 84.885634	 84.781497	 84.679585	  84.57988	  84.48236	 84.387005	 84.293792	   84.2027	 84.113704	 84.026781	 83.941907	 83.859056	 83.778203	 83.699322	 83.622387	 83.547369	 83.474243	  83.40298	 83.333553	 83.265933	 83.200091	 83.135999	 83.073628	 83.012949	 82.953931	 82.896547	 82.840766	 82.786559	 82.733896	 82.682747	 82.633084	 82.584875	 82.538093	 82.492707	 82.448688	 82.406007	 82.364635	 82.324543	 82.285702	 82.248084	 82.211661	 82.176404	 82.142286	  82.10928	 82.077357	 82.046492	 82.016658	 81.987828	 81.959976	 81.933078	 81.907107	 81.882038	 81.857848	 81.834512	 81.812006	 81.790308	 81.769393	  81.74924	 81.729826	  81.71113	  81.69313	 81.675806	 81.659136	 81.643101	 81.627682	 81.612858	 81.598612	 81.584924	 81.571778	 81.559154	 81.547037	 81.535409	 81.524255	 81.513558	 81.503303	 81.493474	 81.484058	  81.47504	 81.466407	 81.458144	 81.450238	 81.442678	 81.435451	 81.428544	 81.421947	 81.415647	 81.409635	   81.4039	 81.398432	 81.393221	 81.388258	 81.383533	 81.379038	 81.374764	 81.370704	 81.366849	 81.363193	 81.359727	 81.356446	 81.353343	  81.35041	 81.347643	 81.345036	 81.342584	  81.34028	 81.338121	 81.336101	 81.334218	 81.332465	  81.33084	 81.329339	 81.327959	 81.326697	  81.32555	 81.324515	  81.32359	 81.322773	 81.322062	 81.321456	 81.320953	 81.320552	 81.320252	 81.320052	 81.319952	
