Time step 49:
        99	        99	        99	        99	        99	        99	        99	        99	        99	        99	        99	        99	        99	        99	        99	        99	        99	        99	        99	        99	        99	        99	        99	        99	        99	        99	        99	        99	        99	        99	        99	        99	        99	        99	        99	        99	        99	        99	        99	        99	        99	        99	        99	        99	        99	        99	        99	        99	        99	        99	        99	        99	        99	        99	        99	        99	        99	        99	        99	        99	        99	        99	        99	        99	        99	        99	        99	        99	        99	        99	        99	        99	        99	        99	        99	        99	        99	        99	        99	        99	        99	        99	        99	        99	        99	        99	        99	        99	        99	        99	        99	        99	        99	        99	        99	        99	        99	        99	        99	        99	        99	        99	        99	        99	        99	        99	        99	        99	        99	        99	        99	        99	        99	        99	        99	        99	        99	        99	        99	        99	        99	        99	        99	        99	        99	        99	        99	        99	        99	        99	        99	        99	        99	        99	        99	        99	        99	        99	        99	        99	        99	        99	        99	        99	        99	        99	        99	        99	        99	        99	        99	        99	        99	        99	        99	        99	        99	        99	        99	        99	        99	        99	        99	        99	        99	        99	        99	        99	        99	        99	        99	        99	        99	        99	        99	        99	        99	        99	        99	        99	        99	        99	        99	        99	        99	        99	        99	        99	        99	        99	        99	        99	        99	        99	        99	        99	        99	        99	        99	        99	
        99	 98.987042	 98.974087	 98.961139	   98.9482	 98.935275	 98.922367	 98.909479	 98.896614	 98.883775	 98.870966	  98.85819	 98.845451	  98.83275	 98.820092	  98.80748	 98.794916	 98.782404	 98.769947	 98.757547	 98.745208	 98.732932	 98.720723	 98.708583	 98.696514	  98.68452	 98.672603	 98.660765	 98.649009	 98.637338	 98.625754	 98.614259	 98.602856	 98.591546	 98.580332	 98.569215	 98.558199	 98.547284	 98.536473	 98.525767	 98.515168	 98.504678	 98.494298	  98.48403	 98.473875	 98.463835	  98.45391	 98.444102	 98.434413	 98.424842	 98.415392	 98.406062	 98.396854	 98.387769	 98.378807	 98.369969	 98.361255	 98.352666	 98.344203	 98.335865	 98.327652	 98.319566	 98.311606	 98.303772	 98.296064	 98.288482	 98.281026	 98.273696	 98.266491	 98.259412	 98.252457	 98.245627	  98.23892	 98.232337	 98.225876	 98.219537	  98.21332	 98.207223	 98.201246	 98.195388	 98.189648	 98.184025	 98.178519	 98.173127	 98.167849	 98.162685	 98.157632	  98.15269	 98.147858	 98.143134	 98.138517	 98.134006	 98.129599	 98.125296	 98.121095	 98.116994	 98.112992	 98.109088	 98.105281	 98.101568	 98.097949	 98.094422	 98.090986	 98.087639	 98.084379	 98.081206	 98.078117	 98.075112	 98.072188	 98.069345	  98.06658	 98.063893	 98.061282	 98.058744	  98.05628	 98.053887	 98.051564	 98.049309	 98.047122	    98.045	 98.042942	 98.040946	 98.039012	 98.037138	 98.035323	 98.033565	 98.031862	 98.030214	 98.028619	 98.027076	 98.025583	  98.02414	 98.022745	 98.021397	 98.020094	 98.018835	  98.01762	 98.016447	 98.015314	 98.014222	 98.013168	 98.012151	 98.011171	 98.010227	 98.009317	  98.00844	 98.007596	 98.006784	 98.006001	 98.005249	 98.004525	  98.00383	 98.003161	 98.002518	 98.001901	 98.001309	  98.00074	 98.000194	 97.999671	 97.999169	 97.998688	 97.998227	 97.997786	 97.997364	 97.996961	 97.996575	 97.996206	 97.995854	 97.995518	 97.995197	 97.994892	 97.994601	 97.994325	 97.994062	 97.993812	 97.993575	 97.993351	 97.993139	 97.992938	 97.992749	 97.992571	 97.992404	 97.992247	   97.9921	 97.991964	 97.991837	 97.991719	 97.991611	 97.991512	 97.991422	  97.99134	 97.991268	 97.991203	 97.991147	 97.991099	 97.991059	 97.991027	 97.991003	 97.990988	  97.99098	
        99	 98.974087	  98.94818	 98.922287	 98.896414	 98.870567	 98.844754	 98.818981	 98.793254	  98.76758	 98.741966	 98.716417	 98.690941	 98.665543	 98.640231	 98.615009	 98.589885	 98.564864	 98.539953	 98.515157	 98.490482	 98.465934	 98.441518	  98.41724	 98.393106	 98.369121	 98.345289	 98.321617	 98.298109	  98.27477	 98.251604	 98.228618	 98.205813	 98.183197	 98.160771	 98.138542	 98.116512	 98.094685	 98.073065	 98.051656	 98.030462	 98.009484	 97.988727	 97.968194	 97.947886	 97.927808	 97.907961	 97.888348	 97.868971	 97.849832	 97.830934	 97.812277	 97.793864	 97.775696	 97.757774	 97.740101	 97.722675	   97.7055	 97.688575	 97.671901	 97.655478	 97.639308	 97.623389	 97.607723	 97.592309	 97.577148	 97.562238	 97.547579	 97.533172	 97.519015	 97.505107	 97.491448	 97.478036	 97.464871	 97.451951	 97.439276	 97.426843	 97.414651	 97.402698	 97.390984	 97.379505	 97.368261	 97.357249	 97.346467	 97.335913	 97.325585	 97.315481	 97.305599	 97.295935	 97.286489	 97.277256	 97.268235	 97.259423	 97.250818	 97.242416	 97.234215	 97.226213	 97.218406	 97.210792	 97.203368	 97.196131	 97.189078	 97.182206	 97.175513	 97.168994	 97.162649	 97.156472	 97.150462	 97.144616	  97.13893	 97.133401	 97.128027	 97.122805	 97.117731	 97.112803	 97.108018	 97.103372	 97.098863	 97.094489	 97.090245	  97.08613	  97.08214	 97.078272	 97.074525	 97.070894	 97.067378	 97.063973	 97.060678	 97.057488	 97.054403	 97.051418	 97.048532	 97.045742	 97.043045	  97.04044	 97.037923	 97.035493	 97.033147	 97.030882	 97.028697	 97.026589	 97.024557	 97.022597	 97.020709	 97.018889	 97.017136	 97.015448	 97.013823	 97.012259	 97.010754	 97.009307	 97.007916	 97.006579	 97.005294	  97.00406	 97.002875	 97.001737	 97.000646	 96.999599	 96.998596	 96.997634	 96.996713	 96.995831	 96.994987	  96.99418	 96.993408	  96.99267	 96.991966	 96.991294	 96.990653	 96.990043	 96.989461	 96.988908	 96.988382	 96.987883	  96.98741	 96.986961	 96.986537	 96.986136	 96.985758	 96.985402	 96.985067	 96.984754	 96.984461	 96.984187	 96.983934	 96.983699	 96.983482	 96.983284	 96.983104	 96.982941	 96.982795	 96.982666	 96.982554	 96.982458	 96.982378	 96.982315	 96.982267	 96.982235	  96.98222	
        99	 98.961139	 98.922287	 98.883456	 98.844654	 98.805893	 98.767181	  98.72853	 98.689948	 98.651445	 98.613032	 98.574717	 98.536511	 98.498423	 98.460462	 98.422638	  98.38496	 98.347437	 98.310078	 98.272892	 98.235887	 98.199073	 98.162457	 98.126048	 98.089855	 98.053884	 98.018145	 97.982644	 97.947389	 97.912388	 97.877648	 97.843175	 97.808976	 97.775058	 97.741427	  97.70809	 97.675052	 97.642319	 97.609897	  97.57779	 97.546005	 97.514545	 97.483416	 97.452623	 97.422168	 97.392057	 97.362293	  97.33288	 97.303821	 97.275119	 97.246777	 97.218798	 97.191184	 97.163938	 97.137062	 97.110557	 97.084424	 97.058667	 97.033284	 97.008279	  96.98365	 96.959399	 96.935527	 96.912033	 96.888917	  96.86618	  96.84382	 96.821837	  96.80023	 96.778999	 96.758142	 96.737657	 96.717544	 96.697801	 96.678426	 96.659416	 96.640771	 96.622487	 96.604562	 96.586994	  96.56978	 96.552917	 96.536402	 96.520233	 96.504406	 96.488917	 96.473765	 96.458944	 96.444452	 96.430285	 96.416439	  96.40291	 96.389695	  96.37679	  96.36419	 96.351892	 96.339891	 96.328183	 96.316765	 96.305631	 96.294778	   96.2842	 96.273895	 96.263857	 96.254081	 96.244565	 96.235302	 96.226289	 96.217521	 96.208994	 96.200703	 96.192644	 96.184812	 96.177203	 96.169812	 96.162636	 96.155669	 96.148907	 96.142347	 96.135983	 96.129811	 96.123827	 96.118027	 96.112407	 96.106963	 96.101689	 96.096584	 96.091641	 96.086858	  96.08223	 96.077754	 96.073426	 96.069242	 96.065198	 96.061291	 96.057517	 96.053872	 96.050353	 96.046957	 96.043681	  96.04052	 96.037471	 96.034533	   96.0317	 96.028971	 96.026342	 96.023811	 96.021374	 96.019029	 96.016772	 96.014602	 96.012516	  96.01051	 96.008583	 96.006732	 96.004955	 96.003249	 96.001612	 96.000043	 95.998538	 95.997096	 95.995714	 95.994392	 95.993126	 95.991915	 95.990758	 95.989652	 95.988596	 95.987588	 95.986627	 95.985711	 95.984839	  95.98401	 95.983221	 95.982473	 95.981763	  95.98109	 95.980453	 95.979852	 95.979285	 95.978751	  95.97825	  95.97778	  95.97734	  95.97693	  95.97655	 95.976197	 95.975873	 95.975576	 95.975305	 95.975061	 95.974842	 95.974649	  95.97448	 95.974336	 95.974217	 95.974122	  95.97405	 95.974003	 95.973979	
        99	   98.9482	 98.896414	 98.844654	 98.792935	 98.741268	 98.689668	 98.638148	 98.586721	   98.5354	 98.484197	 98.433126	   98.3822	 98.331431	 98.280832	 98.230415	 98.180193	 98.130177	  98.08038	 98.030813	 97.981489	 97.932418	 97.883611	 97.835081	 97.786838	 97.738891	 97.691253	 97.643933	 97.596941	 97.550287	  97.50398	  97.45803	 97.412445	 97.367235	 97.322407	 97.277971	 97.233933	 97.190302	 97.147086	  97.10429	 97.061922	 97.019989	 96.978496	  96.93745	 96.896856	  96.85672	 96.817047	 96.777841	 96.739107	  96.70085	 96.663072	 96.625778	 96.588971	 96.552653	 96.516829	 96.481499	 96.446667	 96.412333	   96.3785	 96.345169	 96.312341	 96.280017	 96.248197	 96.216881	 96.186069	 96.155761	 96.125957	 96.096655	 96.067855	 96.039555	 96.011754	 95.984449	  95.95764	 95.931324	 95.905498	 95.880159	 95.855306	 95.830935	 95.807042	 95.783625	  95.76068	 95.738203	  95.71619	 95.694637	 95.673541	 95.652896	 95.632698	 95.612943	 95.593626	 95.574743	 95.556287	 95.538254	 95.520639	 95.503437	 95.486643	  95.47025	 95.454254	 95.438648	 95.423428	 95.408587	  95.39412	 95.380022	 95.366285	 95.352905	 95.339875	  95.32719	 95.314844	  95.30283	 95.291143	 95.279777	 95.268725	 95.257983	 95.247544	 95.237401	  95.22755	 95.217984	 95.208698	 95.199685	  95.19094	 95.182458	 95.174231	 95.166255	 95.158524	 95.151033	 95.143776	 95.136747	 95.129941	 95.123353	 95.116978	  95.11081	 95.104843	 95.099074	 95.093497	 95.088107	 95.082899	 95.077868	  95.07301	  95.06832	 95.063793	 95.059425	 95.055212	 95.051149	 95.047232	 95.043456	 95.039818	 95.036314	  95.03294	 95.029692	 95.026566	 95.023558	 95.020666	 95.017884	 95.015211	 95.012642	 95.010175	 95.007806	 95.005533	 95.003351	 95.001259	 94.999253	 94.997331	 94.995489	 94.993726	 94.992039	 94.990425	 94.988883	 94.987409	 94.986001	 94.984658	 94.983377	 94.982156	 94.980994	 94.979888	 94.978837	 94.977839	 94.976893	 94.975996	 94.975148	 94.974346	  94.97359	 94.972879	  94.97221	 94.971584	 94.970998	 94.970452	 94.969944	 94.969475	 94.969042	 94.968646	 94.968285	 94.967959	 94.967668	  94.96741	 94.967186	 94.966994	 94.966835	 94.966708	 94.966613	 94.966549	 94.966518	
        99	 98.935275	 98.870567	 98.805893	 98.741268	  98.67671	 98.612235	  98.54786	 98.483601	 98.419474	 98.355495	 98.291682	 98.228049	 98.164612	 98.101388	 98.038391	 97.975637	 97.913141	 97.850919	 97.788984	 97.727353	 97.666037	 97.605053	 97.544414	 97.484133	 97.424223	 97.364698	 97.305571	 97.246854	 97.188558	 97.130697	 97.073282	 97.016323	 96.959832	 96.903819	 96.848295	 96.793269	 96.738752	 96.684752	 96.631278	 96.578338	 96.525942	 96.474096	 96.422808	 96.372086	 96.321935	 96.272363	 96.223374	 96.174976	 96.127172	 96.079968	 96.033368	 95.987377	 95.941998	 95.897235	  95.85309	 95.809566	 95.766666	 95.724391	 95.682743	 95.641724	 95.601334	 95.561574	 95.522444	 95.483945	 95.446075	 95.408833	  95.37222	 95.336234	 95.300873	 95.266135	 95.232018	 95.198519	 95.165636	 95.133366	 95.101705	 95.070651	 95.040198	 95.010344	 94.981084	 94.952413	 94.924328	 94.896822	 94.869892	 94.843532	 94.817736	 94.792498	 94.767814	 94.743677	 94.720082	 94.697021	 94.674489	 94.652479	 94.630985	     94.61	 94.589516	 94.569529	 94.550029	 94.531012	 94.512468	 94.494391	 94.476775	  94.45961	 94.442892	 94.426611	 94.410761	 94.395333	 94.380322	 94.365719	 94.351517	 94.337708	 94.324285	 94.311241	 94.298568	 94.286259	 94.274306	 94.262703	 94.251441	 94.240514	 94.229915	 94.219636	  94.20967	  94.20001	  94.19065	 94.181581	 94.172799	 94.164295	 94.156063	 94.148097	 94.140389	 94.132935	 94.125726	 94.118757	 94.112022	 94.105514	 94.099228	 94.093158	 94.087297	 94.081641	 94.076184	 94.070919	 94.065842	 94.060948	  94.05623	 94.051685	 94.047307	  94.04309	 94.039032	 94.035125	 94.031367	 94.027753	 94.024278	 94.020937	 94.017728	 94.014645	 94.011685	 94.008844	 94.006118	 94.003504	 94.000998	 93.998596	 93.996295	 93.994092	 93.991984	 93.989967	  93.98804	 93.986198	 93.984439	 93.982761	  93.98116	 93.979635	 93.978183	 93.976801	 93.975488	 93.974241	 93.973058	 93.971938	 93.970878	 93.969876	 93.968932	 93.968043	 93.967207	 93.966424	 93.965692	  93.96501	 93.964376	 93.963789	 93.963249	 93.962754	 93.962303	 93.961896	 93.961531	 93.961209	 93.960929	 93.960689	  93.96049	 93.960332	 93.960213	 93.960134	 93.960094	
        99	 98.922367	 98.844754	 98.767181	 98.689668	 98.612235	 98.534902	 98.457688	 98.380613	 98.303697	 98.226959	 98.150419	 98.074095	 97.998007	 97.922174	 97.846613	 97.771344	 97.696385	 97.621753	 97.547467	 97.473544	      97.4	 97.326854	 97.254121	 97.181817	  97.10996	 97.038564	 96.967645	 96.897217	 96.827296	 96.757895	 96.689029	  96.62071	 96.552953	  96.48577	 96.419172	 96.353172	 96.287782	 96.223013	 96.158874	 96.095377	 96.032531	 95.970345	 95.908829	 95.847991	 95.787838	  95.72838	 95.669621	  95.61157	 95.554233	 95.497615	 95.441722	 95.386558	 95.332129	 95.278438	 95.225489	 95.173285	 95.121829	 95.071124	  95.02117	  94.97197	 94.923525	 94.875836	 94.828902	 94.782724	 94.737302	 94.692633	 94.648719	 94.605555	 94.563142	 94.521476	 94.480554	 94.440375	 94.400934	 94.362228	 94.324253	 94.287005	  94.25048	 94.214672	 94.179576	 94.145188	 94.111501	  94.07851	 94.046209	 94.014591	 93.983651	  93.95338	 93.923773	 93.894823	 93.866521	 93.838861	 93.811836	 93.785436	 93.759655	 93.734485	 93.709917	 93.685943	 93.662555	 93.639744	 93.617502	 93.595821	 93.574691	 93.554103	  93.53405	 93.514522	 93.495511	 93.477007	 93.459002	 93.441487	 93.424452	 93.407889	  93.39179	 93.376144	 93.360944	  93.34618	 93.331843	 93.317926	 93.304418	 93.291312	 93.278599	 93.266269	 93.254316	  93.24273	 93.231502	 93.220626	 93.210092	 93.199892	 93.190018	 93.180463	 93.171219	 93.162277	 93.153631	 93.145272	 93.137194	 93.129388	 93.121849	 93.114568	 93.107539	 93.100754	 93.094208	 93.087894	 93.081804	 93.075934	 93.070275	 93.064824	 93.059572	 93.054515	 93.049647	 93.044962	 93.040454	 93.036119	  93.03195	 93.027944	 93.024094	 93.020397	 93.016847	 93.013439	  93.01017	 93.007034	 93.004027	 93.001146	 92.998387	 92.995745	 92.993216	 92.990797	 92.988485	 92.986276	 92.984167	 92.982153	 92.980234	 92.978404	 92.976662	 92.975005	  92.97343	 92.971934	 92.970516	 92.969172	 92.967901	 92.966699	 92.965567	   92.9645	 92.963498	 92.962559	 92.961681	 92.960862	 92.960102	 92.959398	  92.95875	 92.958156	 92.957616	 92.957127	  92.95669	 92.956304	 92.955968	  92.95568	 92.955442	 92.955251	 92.955109	 92.955014	 92.954967	
        99	 98.909479	 98.818981	  98.72853	 98.638148	  98.54786	 98.457688	 98.367655	 98.277785	   98.1881	 98.098622	 98.009375	  97.92038	  97.83166	 97.743237	 97.655132	 97.567367	 97.479964	 97.392942	 97.306323	 97.220127	 97.134374	 97.049084	 96.964276	 96.879969	 96.796182	 96.712933	  96.63024	  96.54812	 96.466591	 96.385669	  96.30537	 96.225709	 96.146703	 96.068366	 95.990712	 95.913756	  95.83751	 95.761987	 95.687201	 95.613162	 95.539882	 95.467373	 95.395644	 95.324706	 95.254567	 95.185237	 95.116724	 95.049035	 94.982179	 94.916162	 94.850989	 94.786668	 94.723202	 94.660598	 94.598858	 94.537988	 94.477989	 94.418866	 94.360619	 94.303251	 94.246764	 94.191157	 94.136431	 94.082587	 94.029624	  93.97754	 93.926334	 93.876005	 93.826551	 93.777967	 93.730252	 93.683402	 93.637414	 93.592282	 93.548003	 93.504571	 93.461981	 93.420229	 93.379307	 93.339209	  93.29993	 93.261462	 93.223798	 93.186932	 93.150854	 93.115559	 93.081036	  93.04728	  93.01428	 92.982028	 92.950515	 92.919733	 92.889672	 92.860323	 92.831676	 92.803722	 92.776452	 92.749854	 92.723919	 92.698638	    92.674	 92.649995	 92.626613	 92.603843	 92.581676	   92.5601	 92.539106	 92.518682	  92.49882	 92.479507	 92.460735	 92.442492	 92.424768	 92.407553	 92.390836	 92.374608	 92.358858	 92.343576	 92.328752	 92.314376	 92.300438	 92.286928	 92.273837	 92.261155	 92.248872	 92.236979	 92.225466	 92.214325	 92.203545	 92.193119	 92.183038	 92.173291	 92.163872	  92.15477	 92.145979	 92.137489	 92.129293	 92.121383	  92.11375	 92.106387	 92.099287	 92.092441	 92.085844	 92.079487	 92.073364	 92.067467	  92.06179	 92.056328	 92.051072	 92.046017	 92.041156	 92.036485	 92.031996	 92.027685	 92.023545	 92.019572	 92.015759	 92.012103	 92.008598	 92.005238	 92.002021	  91.99894	 91.995991	 91.993171	 91.990475	 91.987899	 91.985439	 91.983092	 91.980854	 91.978721	  91.97669	 91.974757	 91.972921	 91.971177	 91.969523	 91.967956	 91.966473	 91.965073	 91.963752	 91.962508	  91.96134	 91.960245	 91.959221	 91.958266	  91.95738	 91.956559	 91.955804	 91.955111	 91.954481	 91.953911	 91.953402	 91.952951	 91.952559	 91.952224	 91.951946	 91.951724	 91.951558	 91.951447	 91.951392	
        99	 98.896614	 98.793254	 98.689948	 98.586721	 98.483601	 98.380613	 98.277785	 98.175142	  98.07271	 97.970516	 97.868585	 97.766942	 97.665613	 97.564623	 97.463996	 97.363758	 97.263932	 97.164543	 97.065613	 96.967167	 96.869226	 96.771815	 96.674954	 96.578665	  96.48297	 96.387889	 96.293444	 96.199653	 96.106537	 96.014113	 95.922402	  95.83142	 95.741185	 95.651715	 95.563025	 95.475131	 95.388049	 95.301793	 95.216377	 95.131816	 95.048122	 94.965307	 94.883384	 94.802364	 94.722257	 94.643073	 94.564823	 94.487514	 94.411156	 94.335756	 94.261321	 94.187858	 94.115373	 94.043871	 93.973357	 93.903835	  93.83531	 93.767783	 93.701258	 93.635737	 93.571222	 93.507712	 93.445209	 93.383712	 93.323221	 93.263735	 93.205252	  93.14777	 93.091287	 93.035799	 92.981302	 92.927794	 92.875269	 92.823723	 92.773151	 92.723547	 92.674904	 92.627217	 92.580479	 92.534683	 92.489822	 92.445886	  92.40287	 92.360764	 92.319559	 92.279247	 92.239818	 92.201264	 92.163574	 92.126738	 92.090747	  92.05559	 92.021257	 91.987737	 91.955019	 91.923092	 91.891945	 91.861567	 91.831947	 91.803073	 91.774933	 91.747516	 91.720811	 91.694805	 91.669487	 91.644845	 91.620867	 91.597541	 91.574855	 91.552798	 91.531358	 91.510522	 91.490279	 91.470617	 91.451525	 91.432991	 91.415002	 91.397548	 91.380617	 91.364198	 91.348279	  91.33285	 91.317898	 91.303413	 91.289384	 91.275801	 91.262652	 91.249927	 91.237616	 91.225708	 91.214194	 91.203062	 91.192304	 91.181909	 91.171868	 91.162172	 91.152811	 91.143776	 91.135059	 91.126649	  91.11854	 91.110722	 91.103186	 91.095926	 91.088932	 91.082198	 91.075715	 91.069475	 91.063472	 91.057699	 91.052148	 91.046812	 91.041686	 91.036762	 91.032034	 91.027496	 91.023141	 91.018965	 91.014962	 91.011125	  91.00745	 91.003931	 91.000564	 90.997343	 90.994264	 90.991322	 90.988512	 90.985831	 90.983275	 90.980839	 90.978519	 90.976312	 90.974214	 90.972222	 90.970333	 90.968544	  90.96685	 90.965251	 90.963742	 90.962322	 90.960988	 90.959737	 90.958567	 90.957477	 90.956465	 90.955528	 90.954665	 90.953874	 90.953154	 90.952503	 90.951922	 90.951407	 90.950959	 90.950576	 90.950258	 90.950005	 90.949815	 90.949689	 90.949626	
        99	 98.883775	  98.76758	 98.651445	   98.5354	 98.419474	 98.303697	   98.1881	  98.07271	 97.957559	 97.842674	 97.728084	 97.613819	 97.499907	 97.386376	 97.273254	 97.160568	 97.048346	 96.936614	 96.825399	 96.714728	 96.604625	 96.495117	 96.386227	 96.277981	 96.170403	 96.063515	 95.957341	 95.851903	 95.747224	 95.643323	 95.540223	 95.437943	 95.336503	 95.235922	 95.136218	 95.037409	 94.939513	 94.842546	 94.746523	 94.651461	 94.557374	 94.464275	 94.372179	 94.281097	 94.191042	 94.102026	 94.014058	 93.927149	 93.841309	 93.756546	 93.672868	 93.590282	 93.508795	 93.428414	 93.349144	 93.270989	 93.193954	 93.118042	 93.043256	 92.969598	 92.897071	 92.825674	  92.75541	 92.686276	 92.618274	   92.5514	 92.485655	 92.421035	 92.357537	 92.295159	 92.233895	 92.173742	 92.114695	 92.056748	 91.999895	 91.944131	 91.889448	 91.835839	 91.783297	 91.731814	 91.681381	  91.63199	 91.583632	 91.536297	 91.489975	 91.444657	 91.400333	  91.35699	  91.31462	  91.27321	  91.23275	 91.193227	  91.15463	 91.116947	 91.080166	 91.044275	  91.00926	  90.97511	 90.941811	 90.909351	 90.877717	 90.846896	 90.816874	 90.787639	 90.759177	 90.731475	 90.704519	 90.678297	 90.652794	 90.627998	 90.603895	 90.580472	 90.557715	 90.535612	 90.514148	 90.493312	  90.47309	 90.453469	 90.434435	 90.415977	 90.398082	 90.380736	 90.363927	 90.347644	 90.331873	 90.316603	 90.301821	 90.287516	 90.273676	 90.260289	 90.247345	 90.234831	 90.222737	 90.211051	 90.199763	 90.188863	  90.17834	 90.168183	 90.158383	 90.148929	 90.139813	 90.131024	 90.122553	 90.114391	 90.106529	 90.098958	 90.091669	 90.084655	 90.077907	 90.071416	 90.065176	 90.059178	 90.053415	 90.047879	 90.042564	 90.037462	 90.032568	 90.027873	 90.023372	 90.019059	 90.014928	 90.010972	 90.007186	 90.003566	 90.000104	 89.996796	 89.993638	 89.990624	  89.98775	 89.985012	 89.982404	 89.979923	 89.977565	 89.975325	 89.973202	  89.97119	 89.969286	 89.967488	 89.965792	 89.964196	 89.962696	 89.961289	 89.959975	 89.958749	 89.957611	 89.956558	 89.955587	 89.954698	 89.953889	 89.953158	 89.952504	 89.951925	 89.951421	 89.950991	 89.950634	 89.950349	 89.950136	 89.949994	 89.949923	
        99	 98.870966	 98.741966	 98.613032	 98.484197	 98.355495	 98.226959	 98.098622	 97.970516	 97.842674	 97.715128	  97.58791	 97.461052	 97.334586	 97.208542	 97.082953	 96.957848	 96.833258	 96.709213	 96.585742	 96.462873	 96.340636	 96.219059	  96.09817	 95.977994	  95.85856	 95.739892	 95.622017	 95.504959	 95.388743	 95.273392	 95.158929	 95.045377	 94.932758	 94.821092	   94.7104	 94.600702	 94.492017	 94.384363	 94.277758	 94.172219	 94.067763	 93.964404	 93.862158	 93.761038	 93.661059	 93.562232	 93.464569	 93.368083	 93.272782	 93.178677	 93.085777	  92.99409	 92.903623	 92.814383	 92.726377	 92.639608	 92.554083	 92.469805	 92.386777	 92.305002	 92.224482	 92.145217	 92.067208	 91.990456	 91.914959	 91.840716	 91.767725	 91.695983	 91.625487	 91.556234	 91.488219	 91.421436	 91.355882	 91.291548	  91.22843	  91.16652	 91.105811	 91.046294	 90.987962	 90.930805	 90.874814	  90.81998	 90.766292	  90.71374	 90.662314	 90.612001	 90.562792	 90.514673	 90.467633	 90.421659	  90.37674	 90.332861	 90.290011	 90.248175	  90.20734	 90.167493	  90.12862	 90.090706	 90.053738	 90.017701	  89.98258	 89.948362	 89.915032	 89.882575	 89.850976	 89.820221	 89.790294	 89.761182	 89.732868	  89.70534	  89.67858	 89.652576	 89.627311	 89.602772	 89.578943	 89.555811	  89.53336	 89.511576	 89.490445	 89.469953	 89.450085	 89.430827	 89.412166	 89.394088	  89.37658	 89.359626	 89.343216	 89.327334	 89.311969	 89.297107	 89.282736	 89.268843	 89.255416	 89.242442	  89.22991	 89.217809	 89.206126	  89.19485	 89.183969	 89.173474	 89.163353	 89.153595	 89.144191	 89.135129	 89.126401	 89.117995	 89.109904	 89.102116	 89.094624	 89.087419	 89.080491	 89.073831	 89.067433	 89.061287	 89.055387	 89.049723	 89.044288	 89.039076	  89.03408	 89.029291	 89.024704	 89.020313	  89.01611	  89.01209	 89.008247	 89.004575	 89.001069	 88.997723	 88.994532	 88.991491	 88.988596	 88.985842	 88.983224	 88.980738	  88.97838	 88.976146	 88.974033	 88.972037	 88.970154	 88.968381	 88.966716	 88.965155	 88.963695	 88.962335	 88.961071	 88.959902	 88.958824	 88.957837	 88.956939	 88.956127	 88.955401	 88.954759	 88.954199	 88.953722	 88.953325	 88.953009	 88.952772	 88.952614	 88.952536	
        99	  98.85819	 98.716417	 98.574717	 98.433126	 98.291682	 98.150419	 98.009375	 97.868585	 97.728084	  97.58791	 97.448096	 97.308677	  97.16969	 97.031167	 96.893142	 96.755651	 96.618725	 96.482397	 96.346701	 96.211667	 96.077327	 95.943713	 95.810853	 95.678779	 95.547519	 95.417102	 95.287556	 95.158908	 95.031185	 94.904413	 94.778617	 94.653822	 94.530051	 94.407329	 94.285677	 94.165118	 94.045672	 93.927359	 93.810199	 93.694211	 93.579412	 93.465819	 93.353449	 93.242318	 93.132439	 93.023827	 92.916495	 92.810455	 92.705718	 92.602296	 92.500198	 92.399432	 92.300008	 92.201932	 92.105212	 92.009853	  91.91586	 91.823237	 91.731988	 91.642116	 91.553623	  91.46651	 91.380778	 91.296426	 91.213454	  91.13186	 91.051642	 90.972797	 90.895322	 90.819211	 90.744462	 90.671067	 90.599022	 90.528319	 90.458951	 90.390911	 90.324191	 90.258781	 90.194673	 90.131857	 90.070323	 90.010059	 89.951055	   89.8933	 89.836782	 89.781488	 89.727406	 89.674523	 89.622825	   89.5723	 89.522933	  89.47471	 89.427617	 89.381639	 89.336761	 89.292968	 89.250246	 89.208578	  89.16795	 89.128344	 89.089747	 89.052141	  89.01551	 88.979839	 88.945112	 88.911311	 88.878422	 88.846427	  88.81531	 88.785056	 88.755647	 88.727068	 88.699302	 88.672333	 88.646145	 88.620722	 88.596048	 88.572107	 88.548884	 88.526363	 88.504528	 88.483364	 88.462855	 88.442987	 88.423745	 88.405113	 88.387077	 88.369623	 88.352737	 88.336403	 88.320609	  88.30534	 88.290584	 88.276326	 88.262554	 88.249254	 88.236414	 88.224021	 88.212064	 88.200529	 88.189406	 88.178682	 88.168346	 88.158388	 88.148795	 88.139557	 88.130665	 88.122106	 88.113873	 88.105953	 88.098339	 88.091021	 88.083989	 88.077235	  88.07075	 88.064525	 88.058553	 88.052825	 88.047333	 88.042071	  88.03703	 88.032203	 88.027584	 88.023166	 88.018943	 88.014907	 88.011054	 88.007377	  88.00387	 88.000528	 87.997346	 87.994319	 87.991442	  87.98871	 87.986119	 87.983664	 87.981341	 87.979147	 87.977078	  87.97513	   87.9733	 87.971584	  87.96998	 87.968485	 87.967096	  87.96581	 87.964626	 87.963542	 87.962554	 87.961662	 87.960864	 87.960158	 87.959544	 87.959019	 87.958583	 87.958235	 87.957975	 87.957802	 87.957715	
        99	 98.845451	 98.690941	 98.536511	   98.3822	 98.228049	 98.074095	  97.92038	 97.766942	 97.613819	 97.461052	 97.308677	 97.156734	  97.00526	 96.854293	 96.703869	 96.554025	 96.404798	 96.256224	 96.108337	 95.961172	 95.814764	 95.669145	  95.52435	 95.380411	 95.237359	 95.095226	 94.954042	 94.813836	 94.674639	 94.536478	 94.399381	 94.263374	 94.128485	 93.994738	 93.862157	 93.730767	  93.60059	 93.471649	 93.343963	 93.217555	 93.092443	 92.968645	 92.846181	 92.725065	 92.605316	 92.486946	 92.369972	 92.254406	  92.14026	 92.027546	 91.916276	 91.806458	 91.698102	 91.591215	 91.485806	  91.38188	 91.279443	 91.178499	 91.079053	 90.981107	 90.884664	 90.789725	 90.696291	 90.604361	 90.513935	 90.425011	 90.337586	 90.251658	 90.167222	 90.084275	  90.00281	 89.922822	 89.844304	 89.767249	  89.69165	 89.617498	 89.544783	 89.473498	  89.40363	 89.335171	 89.268108	 89.202431	 89.138126	 89.075183	 89.013587	 88.953326	 88.894385	 88.836751	 88.780409	 88.725345	 88.671543	 88.618987	 88.567664	 88.517555	 88.468646	 88.420919	 88.374358	 88.328947	 88.284669	 88.241506	  88.19944	 88.158456	 88.118535	 88.079659	 88.041812	 88.004975	 87.969131	 87.934262	  87.90035	 87.867377	 87.835326	 87.804179	 87.773919	 87.744527	 87.715987	  87.68828	 87.661389	 87.635298	 87.609989	 87.585444	 87.561647	 87.538582	 87.516231	 87.494578	 87.473607	 87.453301	 87.433645	 87.414623	  87.39622	 87.378419	 87.361206	 87.344566	 87.328483	 87.312944	 87.297935	  87.28344	 87.269447	 87.255941	 87.242909	 87.230338	 87.218216	 87.206529	 87.195264	 87.184411	 87.173956	 87.163889	 87.154197	  87.14487	 87.135897	 87.127266	 87.118968	 87.110992	 87.103329	 87.095968	   87.0889	 87.082116	 87.075607	 87.069365	  87.06338	 87.057644	 87.052151	 87.046891	 87.041857	 87.037042	 87.032439	 87.028041	 87.023841	 87.019833	 87.016012	  87.01237	 87.008902	 87.005603	 87.002467	  86.99949	 86.996666	  86.99399	 86.991459	 86.989068	 86.986813	  86.98469	 86.982695	 86.980825	 86.979077	 86.977448	 86.975934	 86.974533	 86.973243	 86.972061	 86.970985	 86.970012	 86.969143	 86.968373	 86.967703	 86.967131	 86.966656	 86.966277	 86.965994	 86.965805	 86.965711	
        99	  98.83275	 98.665543	 98.498423	 98.331431	 98.164612	 97.998007	  97.83166	 97.665613	 97.499907	 97.334586	  97.16969	  97.00526	 96.841338	 96.677965	  96.51518	 96.353023	 96.191533	 96.030748	 95.870708	  95.71145	  95.55301	 95.395426	 95.238732	 95.082964	 94.928157	 94.774343	 94.621557	  94.46983	 94.319194	 94.169679	 94.021316	 93.874133	 93.728159	 93.583421	 93.439945	 93.297758	 93.156883	 93.017345	 92.879167	 92.742371	 92.606977	 92.473007	 92.340478	  92.20941	  92.07982	 91.951723	 91.825136	 91.700073	 91.576547	 91.454571	 91.334157	 91.215314	 91.098054	 90.982384	 90.868312	 90.755846	  90.64499	 90.535752	 90.428133	 90.322139	  90.21777	 90.115029	 90.013917	 89.914433	 89.816576	 89.720344	 89.625735	 89.532746	 89.441371	 89.351607	 89.263448	 89.176886	 89.091916	 89.008529	 88.926718	 88.846472	 88.767782	 88.690638	 88.615029	 88.540944	 88.468371	 88.397296	 88.327707	 88.259591	 88.192934	  88.12772	 88.063936	 88.001566	 87.940594	 87.881004	 87.822781	 87.765907	 87.710365	 87.656139	 87.603211	 87.551562	 87.501175	 87.452032	 87.404115	 87.357405	 87.311883	  87.26753	 87.224329	 87.182259	 87.141301	 87.101437	 87.062647	 87.024913	 86.988214	 86.952532	 86.917847	 86.884141	 86.851393	 86.819586	   86.7887	 86.758717	 86.729616	 86.701381	 86.673992	  86.64743	 86.621678	 86.596717	 86.572529	 86.549097	 86.526402	 86.504428	 86.483157	 86.462572	 86.442656	 86.423392	 86.404765	 86.386757	 86.369353	 86.352537	 86.336294	 86.320609	 86.305465	 86.290849	 86.276747	 86.263143	 86.250024	 86.237377	 86.225187	 86.213441	 86.202128	 86.191233	 86.180745	 86.170651	  86.16094	 86.151601	 86.142621	 86.133989	 86.125696	  86.11773	 86.110081	  86.10274	 86.095696	 86.088941	 86.082464	 86.076257	 86.070312	  86.06462	 86.059172	 86.053962	 86.048981	 86.044221	 86.039676	 86.035339	 86.031204	 86.027262	  86.02351	  86.01994	 86.016546	 86.013324	 86.010268	 86.007373	 86.004634	 86.002046	 85.999605	 85.997308	 85.995149	 85.993126	 85.991234	 85.989471	 85.987832	 85.986317	  85.98492	 85.983641	 85.982476	 85.981424	 85.980483	  85.97965	 85.978925	 85.978306	 85.977792	 85.977382	 85.977075	 85.976871	 85.976769	
        99	 98.820092	 98.640231	 98.460462	 98.280832	 98.101388	 97.922174	 97.743237	 97.564623	 97.386376	 97.208542	 97.031167	 96.854293	 96.677965	 96.502227	 96.327122	 96.152692	  95.97898	 95.806027	 95.633875	 95.462563	 95.292133	 95.122622	 94.954069	 94.786512	 94.619988	 94.454534	 94.290184	 94.126974	 93.964937	 93.804107	 93.644515	 93.486193	 93.329171	 93.173479	 93.019145	 92.866196	  92.71466	 92.564561	 92.415926	 92.268776	 92.123136	 91.979026	 91.836467	 91.695479	 91.556081	  91.41829	 91.282122	 91.147594	 91.014719	 90.883512	 90.753984	 90.626148	 90.500012	 90.375588	 90.252883	 90.131905	  90.01266	 89.895154	 89.779391	 89.665374	 89.553107	  89.44259	 89.333825	 89.226812	 89.121549	 89.018034	 88.916265	 88.816238	 88.717948	  88.62139	 88.526558	 88.433446	 88.342045	 88.252347	 88.164344	 88.078025	 87.993379	 87.910397	 87.829066	 87.749374	 87.671308	 87.594854	 87.519999	 87.446727	 87.375025	 87.304876	 87.236264	 87.169174	 87.103587	 87.039488	 86.976858	  86.91568	 86.855935	 86.797604	  86.74067	 86.685112	 86.630912	  86.57805	 86.526506	 86.476261	 86.427294	 86.379585	 86.333113	 86.287859	 86.243802	 86.200921	 86.159195	 86.118605	 86.079128	 86.040746	 86.003436	 85.967179	 85.931953	 85.897739	 85.864515	 85.832262	  85.80096	 85.770587	 85.741125	 85.712553	 85.684852	 85.658002	 85.631984	 85.606778	 85.582366	 85.558729	 85.535848	 85.513705	 85.492281	  85.47156	 85.451522	 85.432152	 85.413431	 85.395342	  85.37787	 85.360997	 85.344707	 85.328986	 85.313816	 85.299182	 85.285071	 85.271466	 85.258353	 85.245719	 85.233549	  85.22183	 85.210548	 85.199691	 85.189245	 85.179198	 85.169538	 85.160254	 85.151333	 85.142764	 85.134537	  85.12664	 85.119063	 85.111796	 85.104829	 85.098153	 85.091758	 85.085634	 85.079775	  85.07417	 85.068811	 85.063692	 85.058803	 85.054138	 85.049689	  85.04545	 85.041413	 85.037572	 85.033922	 85.030456	 85.027169	 85.024054	 85.021108	 85.018325	 85.015699	 85.013228	 85.010906	 85.008729	 85.006695	 85.004798	 85.003035	 85.001405	 84.999903	 84.998527	 84.997274	 84.996142	  84.99513	 84.994234	 84.993454	 84.992788	 84.992236	 84.991794	 84.991464	 84.991244	 84.991135	
        99	  98.80748	 98.615009	 98.422638	 98.230415	 98.038391	 97.846613	 97.655132	 97.463996	 97.273254	 97.082953	 96.893142	 96.703869	  96.51518	 96.327122	 96.139741	 95.953083	 95.767193	 95.582115	 95.397894	 95.214573	 95.032194	   94.8508	 94.670431	 94.491127	 94.312929	 94.135876	 93.960005	 93.785353	 93.611957	 93.439851	 93.269071	  93.09965	  92.93162	 92.765013	 92.599859	 92.436189	 92.274029	 92.113408	 91.954352	 91.796887	 91.641036	 91.486824	 91.334271	 91.183399	 91.034229	 90.886778	 90.741064	 90.597105	 90.454915	 90.314509	 90.175901	 90.039103	 89.904125	 89.770978	 89.639671	 89.510211	 89.382607	 89.256863	 89.132984	 89.010974	 88.890837	 88.772572	 88.656183	 88.541667	 88.429025	 88.318253	 88.209349	  88.10231	 87.997129	 87.893802	 87.792323	 87.692683	 87.594874	 87.498888	 87.404715	 87.312345	 87.221765	 87.132966	 87.045933	 86.960654	 86.877115	 86.795301	 86.715198	  86.63679	 86.560061	 86.484995	 86.411573	 86.339779	 86.269595	 86.201002	 86.133981	 86.068514	 86.004581	 85.942161	 85.881235	 85.821783	 85.763783	 85.707215	 85.652058	  85.59829	  85.54589	 85.494836	 85.445107	  85.39668	 85.349534	 85.303647	 85.258997	 85.215561	 85.173317	 85.132243	 85.092318	 85.053519	 85.015824	 84.979211	 84.943658	 84.909144	 84.875647	 84.843146	 84.811618	 84.781043	   84.7514	 84.722667	 84.694825	 84.667852	 84.641729	 84.616435	  84.59195	 84.568254	 84.545329	 84.523155	 84.501713	 84.480984	 84.460951	 84.441594	 84.422897	 84.404841	  84.38741	 84.370586	 84.354352	 84.338693	 84.323592	 84.309033	 84.295002	 84.281482	 84.268459	 84.255918	 84.243845	 84.232226	 84.221048	 84.210297	  84.19996	 84.190025	 84.180478	 84.171309	 84.162505	 84.154054	 84.145946	  84.13817	 84.130715	  84.12357	 84.116727	 84.110174	 84.103904	 84.097906	 84.092172	 84.086693	 84.081462	  84.07647	 84.071709	 84.067172	 84.062853	 84.058743	 84.054837	 84.051128	  84.04761	 84.044277	 84.041124	 84.038146	 84.035337	 84.032692	 84.030207	 84.027878	   84.0257	 84.023671	 84.021785	  84.02004	 84.018433	  84.01696	 84.015619	 84.014408	 84.013325	 84.012367	 84.011532	 84.010819	 84.010228	 84.009756	 84.009402	 84.009167	  84.00905	
        99	 98.794916	 98.589885	  98.38496	 98.180193	 97.975637	 97.771344	 97.567367	 97.363758	 97.160568	 96.957848	 96.755651	 96.554025	 96.353023	 96.152692	 95.953083	 95.754244	 95.556223	 95.359067	 95.162824	  94.96754	 94.773259	 94.580027	 94.387887	 94.196882	 94.007055	 93.818447	 93.631099	  93.44505	 93.260338	 93.077001	 92.895076	 92.714598	 92.535603	 92.358123	 92.182192	  92.00784	 91.835098	 91.663995	  91.49456	 91.326818	 91.160797	 90.996521	 90.834012	 90.673295	  90.51439	 90.357316	 90.202093	 90.048739	  89.89727	 89.747702	 89.600048	 89.454322	 89.310536	   89.1687	 89.028824	 88.890916	 88.754984	 88.621034	 88.489071	 88.359099	 88.231122	  88.10514	 87.981154	 87.859166	 87.739172	 87.621172	 87.505161	 87.391136	 87.279092	 87.169022	  87.06092	 86.954777	 86.850586	 86.748336	 86.648017	 86.549618	 86.453128	 86.358533	 86.265821	 86.174977	 86.085986	 85.998834	 85.913503	 85.829978	 85.748242	 85.668276	 85.590063	 85.513584	  85.43882	 85.365751	 85.294356	 85.224617	 85.156511	 85.090018	 85.025116	 84.961784	 84.899999	  84.83974	 84.780983	 84.723706	 84.667887	 84.613501	 84.560527	  84.50894	 84.458717	 84.409835	 84.362271	    84.316	    84.271	 84.227246	 84.184715	 84.143384	 84.103229	 84.064227	 84.026354	 83.989588	 83.953904	 83.919282	 83.885697	 83.853126	 83.821549	 83.790941	 83.761282	 83.732549	 83.704721	 83.677776	 83.651693	 83.626451	  83.60203	 83.578409	 83.555567	 83.533486	 83.512145	 83.491525	 83.471608	 83.452374	 83.433805	 83.415883	  83.39859	 83.381909	 83.365822	 83.350314	 83.335366	 83.320964	 83.307091	 83.293732	 83.280871	 83.268495	 83.256587	 83.245134	 83.234123	 83.223539	  83.21337	 83.203602	 83.194223	 83.185221	 83.176584	   83.1683	 83.160358	 83.152748	 83.145457	 83.138477	 83.131798	 83.125408	   83.1193	 83.113464	 83.107891	 83.102573	 83.097502	 83.092669	 83.088068	  83.08369	 83.079529	 83.075578	  83.07183	  83.06828	 83.064921	 83.061748	 83.058756	 83.055939	 83.053292	  83.05081	 83.048491	 83.046329	  83.04432	 83.042461	 83.040749	  83.03918	 83.037752	 83.036462	 83.035308	 83.034287	 83.033398	 83.032639	 83.032008	 83.031506	 83.031129	 83.030879	 83.030754	
        99	 98.782404	 98.564864	 98.347437	 98.130177	 97.913141	 97.696385	 97.479964	 97.263932	 97.048346	 96.833258	 96.618725	 96.404798	 96.191533	  95.97898	 95.767193	 95.556223	 95.346121	 95.136937	 94.928721	 94.721522	 94.515389	 94.310368	 94.106505	 93.903848	  93.70244	 93.502325	 93.303547	 93.106146	 92.910165	 92.715643	 92.522619	 92.331131	 92.141215	 91.952908	 91.766243	 91.581254	 91.397973	 91.216431	 91.036659	 90.858684	 90.682533	 90.508235	 90.335812	 90.165289	 89.996689	 89.830033	  89.66534	  89.50263	  89.34192	 89.183227	 89.026565	 88.871948	 88.719389	   88.5689	  88.42049	 88.274169	 88.129944	 87.987822	 87.847808	 87.709907	 87.574121	 87.440453	 87.308903	 87.179472	 87.052158	 86.926958	  86.80387	 86.682889	 86.564008	 86.447223	 86.332526	 86.219908	 86.109359	 86.000871	 85.894432	 85.790031	 85.687654	 85.587288	 85.488919	 85.392532	 85.298112	 85.205643	 85.115106	 85.026486	 84.939763	 84.854919	 84.771934	 84.690789	 84.611463	 84.533936	 84.458186	 84.384192	 84.311931	 84.241381	  84.17252	 84.105324	 84.039769	 83.975834	 83.913492	 83.852721	 83.793496	 83.735792	 83.679586	 83.624852	 83.571565	 83.519701	 83.469235	 83.420141	 83.372395	 83.325972	 83.280846	 83.236993	 83.194389	 83.153007	 83.112824	 83.073814	 83.035954	 82.999219	 82.963585	 82.929028	 82.895524	 82.863049	  82.83158	 82.801094	 82.771568	 82.742979	 82.715305	 82.688523	 82.662612	  82.63755	 82.613315	 82.589886	 82.567243	 82.545366	 82.524233	 82.503826	 82.484124	 82.465108	  82.44676	 82.429062	 82.411994	 82.395539	  82.37968	 82.364399	 82.349679	 82.335505	  82.32186	 82.308728	 82.296094	 82.283942	 82.272259	  82.26103	  82.25024	 82.239876	 82.229925	 82.220374	  82.21121	 82.202421	 82.193994	 82.185919	 82.178184	 82.170779	 82.163691	 82.156912	 82.150432	 82.144239	 82.138327	 82.132684	 82.127303	 82.122176	 82.117293	 82.112648	 82.108234	 82.104041	 82.100065	 82.096299	 82.092735	 82.089368	 82.086193	 82.083204	 82.080396	 82.077763	 82.075302	 82.073008	 82.070876	 82.068904	 82.067087	 82.065423	 82.063908	 82.062539	 82.061314	 82.060231	 82.059288	 82.058483	 82.057814	 82.057281	 82.056881	 82.056615	 82.056483	
