Time step 23:
        99	        99	        99	        99	        99	        99	        99	        99	        99	        99	        99	        99	        99	        99	        99	        99	        99	        99	        99	        99	        99	        99	        99	        99	        99	        99	        99	        99	        99	        99	        99	        99	        99	        99	        99	        99	        99	        99	        99	        99	        99	        99	        99	        99	        99	        99	        99	        99	        99	        99	        99	        99	        99	        99	        99	        99	        99	        99	        99	        99	        99	        99	        99	        99	        99	        99	        99	        99	        99	        99	        99	        99	        99	        99	        99	        99	        99	        99	        99	        99	        99	        99	        99	        99	        99	        99	        99	        99	        99	        99	        99	        99	        99	        99	        99	        99	        99	        99	        99	        99	        99	        99	        99	        99	        99	        99	        99	        99	        99	        99	        99	        99	        99	        99	        99	        99	        99	        99	        99	        99	        99	        99	        99	        99	        99	        99	        99	        99	        99	        99	        99	        99	        99	        99	        99	        99	        99	        99	        99	        99	        99	        99	        99	        99	        99	        99	        99	        99	        99	        99	        99	        99	        99	        99	        99	        99	        99	        99	        99	        99	        99	        99	        99	        99	        99	        99	        99	        99	        99	        99	        99	        99	        99	        99	        99	        99	        99	        99	        99	        99	        99	        99	        99	        99	        99	        99	        99	        99	        99	        99	        99	        99	        99	        99	        99	        99	        99	        99	        99	        99	
        99	 98.972395	 98.944806	 98.917246	 98.889733	 98.862279	 98.834901	 98.807612	 98.780429	 98.753364	 98.726433	  98.69965	 98.673027	  98.64658	  98.62032	 98.594262	 98.568417	 98.542799	 98.517418	 98.492287	 98.467417	 98.442818	 98.418501	 98.394477	 98.370753	 98.347341	 98.324247	 98.301481	  98.27905	  98.25696	  98.23522	 98.213835	 98.192811	 98.172153	 98.151866	 98.131954	  98.11242	  98.09327	 98.074504	 98.056126	 98.038137	 98.020538	 98.003332	 97.986517	 97.970095	 97.954065	 97.938426	 97.923177	 97.908316	 97.893842	 97.879752	 97.866043	 97.852713	 97.839758	 97.827175	 97.814959	 97.803106	 97.791613	 97.780473	 97.769682	 97.759236	 97.749127	 97.739352	 97.729903	 97.720776	 97.711964	 97.703461	  97.69526	 97.687356	 97.679741	 97.672409	 97.665353	 97.658567	 97.652044	 97.645778	  97.63976	 97.633986	 97.628447	 97.623137	  97.61805	 97.613179	 97.608517	 97.604058	 97.599795	 97.595722	 97.591832	  97.58812	 97.584579	 97.581203	 97.577986	 97.574922	 97.572007	 97.569233	 97.566595	 97.564089	 97.561709	  97.55945	 97.557307	 97.555275	 97.553349	 97.551525	 97.549799	 97.548165	 97.546621	 97.545161	 97.543783	 97.542481	 97.541253	 97.540095	 97.539004	 97.537976	 97.537008	 97.536098	 97.535242	 97.534437	 97.533681	 97.532971	 97.532305	  97.53168	 97.531095	 97.530546	 97.530033	 97.529552	 97.529103	 97.528683	 97.528291	 97.527924	 97.527582	 97.527263	 97.526966	 97.526689	 97.526431	 97.526191	 97.525968	  97.52576	 97.525567	 97.525388	 97.525222	 97.525068	 97.524925	 97.524792	 97.524669	 97.524556	 97.524451	 97.524354	 97.524264	 97.524181	 97.524105	 97.524034	 97.523969	 97.523909	 97.523854	 97.523803	 97.523756	 97.523713	 97.523674	 97.523637	 97.523604	 97.523573	 97.523545	  97.52352	 97.523496	 97.523475	 97.523455	 97.523437	  97.52342	 97.523405	 97.523392	 97.523379	 97.523368	 97.523357	 97.523348	 97.523339	 97.523331	 97.523324	 97.523318	 97.523312	 97.523306	 97.523302	 97.523297	 97.523293	  97.52329	 97.523286	 97.523284	 97.523281	 97.523279	 97.523277	 97.523275	 97.523273	 97.523272	  97.52327	 97.523269	 97.523268	 97.523267	 97.523267	 97.523266	 97.523266	 97.523265	 97.523265	 97.523265	
        99	 98.944806	 98.889642	 98.834538	 98.779526	 98.724633	 98.669892	  98.61533	 98.560978	 98.506864	 98.453017	 98.399464	 98.346234	 98.293354	 98.240849	 98.188747	 98.137072	 98.085848	 98.035101	 97.984853	 97.935126	 97.885942	 97.837322	 97.789286	 97.741852	  97.69504	 97.648865	 97.603345	 97.558495	 97.514329	  97.47086	 97.428102	 97.386065	  97.34476	 97.304197	 97.264384	 97.225328	 97.187037	 97.149516	 97.112769	 97.076801	 97.041614	  97.00721	 96.973591	 96.940756	 96.908704	 96.877434	 96.846945	 96.817232	 96.788291	 96.760119	 96.732709	 96.706056	 96.680154	 96.654994	 96.630569	  96.60687	 96.583889	 96.561615	  96.54004	 96.519152	 96.498941	 96.479396	 96.460504	 96.442255	 96.424635	 96.407634	 96.391237	 96.375432	 96.360206	 96.345546	 96.331439	 96.317871	 96.304828	 96.292298	 96.280267	 96.268721	 96.257646	  96.24703	 96.236859	 96.227119	 96.217798	 96.208882	 96.200359	 96.192215	 96.184438	 96.177015	 96.169935	 96.163184	 96.156752	 96.150627	 96.144797	 96.139251	 96.133978	 96.128967	 96.124208	 96.119691	 96.115406	 96.111343	 96.107492	 96.103846	 96.100394	 96.097128	 96.094039	 96.091121	 96.088364	 96.085762	 96.083307	 96.080992	  96.07881	 96.076755	  96.07482	 96.072999	 96.071287	 96.069678	 96.068166	 96.066747	 96.065416	 96.064167	 96.062996	   96.0619	 96.060873	 96.059912	 96.059013	 96.058174	 96.057389	 96.056656	 96.055972	 96.055335	  96.05474	 96.054186	 96.053671	 96.053191	 96.052744	 96.052329	 96.051943	 96.051585	 96.051253	 96.050945	 96.050659	 96.050394	 96.050149	 96.049922	 96.049712	 96.049517	 96.049338	 96.049172	 96.049019	 96.048878	 96.048748	 96.048628	 96.048518	 96.048416	 96.048323	 96.048237	 96.048158	 96.048085	 96.048018	 96.047957	 96.047901	  96.04785	 96.047803	  96.04776	  96.04772	 96.047684	 96.047651	 96.047621	 96.047594	 96.047569	 96.047546	 96.047525	 96.047506	 96.047489	 96.047473	 96.047459	 96.047446	 96.047434	 96.047423	 96.047414	 96.047405	 96.047397	  96.04739	 96.047384	 96.047378	 96.047372	 96.047368	 96.047364	  96.04736	 96.047357	 96.047354	 96.047351	 96.047349	 96.047347	 96.047345	 96.047344	 96.047343	 96.047342	 96.047341	 96.047341	  96.04734	
        99	 98.917246	 98.834538	 98.751921	  98.66944	 98.587139	 98.505064	 98.423259	 98.341768	 98.260634	   98.1799	 98.099608	 98.019799	 97.940515	 97.861794	 97.783676	 97.706199	   97.6294	 97.553313	 97.477975	 97.403419	 97.329677	 97.256781	 97.184759	 97.113641	 97.043455	 96.974224	 96.905976	 96.838731	 96.772512	 96.707339	 96.643231	 96.580204	 96.518275	 96.457458	 96.397766	 96.339209	 96.281799	 96.225543	 96.170448	 96.116521	 96.063764	 96.012182	 95.961776	 95.912546	  95.86449	 95.817607	 95.771894	 95.727344	 95.683954	 95.641714	 95.600619	 95.560658	 95.521821	 95.484099	 95.447478	 95.411946	  95.37749	 95.344095	 95.311747	  95.28043	 95.250127	 95.220822	 95.192498	 95.165136	 95.138719	 95.113228	 95.088644	 95.064948	  95.04212	  95.02014	 94.998989	 94.978646	 94.959091	 94.940305	 94.922266	 94.904954	  94.88835	 94.872434	 94.857184	 94.842581	 94.828605	 94.815238	 94.802458	 94.790248	 94.778588	 94.767459	 94.756843	 94.746722	 94.737079	 94.727895	 94.719154	 94.710838	 94.702932	 94.695419	 94.688285	 94.681512	 94.675087	 94.668995	 94.663222	 94.657755	 94.652579	 94.647682	 94.643052	 94.638677	 94.634544	 94.630642	 94.626961	  94.62349	 94.620218	 94.617137	 94.614236	 94.611506	 94.608939	 94.606527	  94.60426	 94.602132	 94.600136	 94.598263	 94.596508	 94.594864	 94.593325	 94.591884	 94.590537	 94.589278	 94.588101	 94.587003	 94.585978	 94.585022	  94.58413	   94.5833	 94.582527	 94.581807	 94.581137	 94.580515	 94.579937	   94.5794	 94.578902	 94.578439	 94.578011	 94.577614	 94.577246	 94.576906	 94.576591	   94.5763	 94.576031	 94.575782	 94.575553	 94.575341	 94.575146	 94.574967	 94.574801	 94.574649	 94.574508	 94.574379	 94.574261	 94.574152	 94.574052	 94.573961	 94.573876	 94.573799	 94.573729	 94.573664	 94.573605	 94.573551	 94.573502	 94.573457	 94.573415	 94.573378	 94.573344	 94.573312	 94.573284	 94.573258	 94.573235	 94.573213	 94.573194	 94.573176	  94.57316	 94.573146	 94.573132	 94.573121	  94.57311	   94.5731	 94.573092	 94.573084	 94.573077	  94.57307	 94.573065	  94.57306	 94.573055	 94.573052	 94.573048	 94.573045	 94.573043	 94.573041	 94.573039	 94.573038	 94.573037	 94.573036	 94.573036	
        99	 98.889733	 98.779526	  98.66944	 98.559535	 98.449871	 98.340508	 98.231504	 98.122919	  98.01481	 97.907233	 97.800245	 97.693902	 97.588257	 97.483363	 97.379273	 97.276036	 97.173702	 97.072319	 96.971932	 96.872588	 96.774328	 96.677195	 96.581227	 96.486464	 96.392942	 96.300694	 96.209754	 96.120151	 96.031916	 95.945074	 95.859651	  95.77567	 95.693151	 95.612113	 95.532574	 95.454549	 95.378051	 95.303091	 95.229678	 95.157821	 95.087524	 95.018792	 94.951627	 94.886028	 94.821995	 94.759525	 94.698612	 94.639251	 94.581433	 94.525151	 94.470392	 94.417144	 94.365396	 94.315131	 94.266334	 94.218989	 94.173077	 94.128579	 94.085475	 94.043746	 94.003368	  93.96432	 93.926578	  93.89012	  93.85492	 93.820953	 93.788195	  93.75662	 93.726202	 93.696915	 93.668731	 93.641625	 93.615568	 93.590536	 93.566499	 93.543432	 93.521308	 93.500099	 93.479779	 93.460321	 93.441699	 93.423887	 93.406858	 93.390588	 93.375051	 93.360222	 93.346077	 93.332591	 93.319741	 93.307504	 93.295856	 93.284776	 93.274242	 93.264231	 93.254724	   93.2457	 93.237139	 93.229021	 93.221329	 93.214044	 93.207147	 93.200622	 93.194453	 93.188622	 93.183115	 93.177917	 93.173012	 93.168386	 93.164027	 93.159921	 93.156056	 93.152418	 93.148998	 93.145783	 93.142763	 93.139928	 93.137268	 93.134773	 93.132434	 93.130243	 93.128192	 93.126273	 93.124478	   93.1228	 93.121232	 93.119768	 93.118402	 93.117128	 93.115941	 93.114834	 93.113804	 93.112845	 93.111953	 93.111124	 93.110353	 93.109638	 93.108974	 93.108358	 93.107787	 93.107258	 93.106768	 93.106314	 93.105894	 93.105507	 93.105148	 93.104817	 93.104511	  93.10423	  93.10397	  93.10373	 93.103509	 93.103306	  93.10312	 93.102948	  93.10279	 93.102645	 93.102512	  93.10239	 93.102278	 93.102175	 93.102081	 93.101995	 93.101916	 93.101844	 93.101778	 93.101718	 93.101663	 93.101613	 93.101568	 93.101526	 93.101488	 93.101454	 93.101422	 93.101394	 93.101368	 93.101344	 93.101323	 93.101304	 93.101286	  93.10127	 93.101256	 93.101243	 93.101232	 93.101221	 93.101212	 93.101204	 93.101196	 93.101189	 93.101184	 93.101178	 93.101174	  93.10117	 93.101167	 93.101164	 93.101162	  93.10116	 93.101158	 93.101158	 93.101157	
        99	 98.862279	 98.724633	 98.587139	 98.449871	 98.312904	 98.176312	  98.04017	  97.90455	 97.769524	 97.635164	  97.50154	  97.36872	 97.236772	 97.105762	 96.975756	 96.846816	 96.719004	 96.592379	 96.466999	  96.34292	 96.220197	  96.09888	 95.979019	 95.860663	 95.743856	 95.628641	 95.515059	 95.403148	 95.292945	 95.184482	 95.077791	   94.9729	 94.869836	 94.768622	  94.66928	 94.571829	 94.476285	 94.382662	 94.290972	 94.201224	 94.113425	 94.027581	 93.943693	 93.861762	 93.781787	 93.703763	 93.627685	 93.553544	 93.481332	 93.411036	 93.342644	 93.276139	 93.211507	 93.148727	 93.087782	 93.028648	 92.971305	 92.915729	 92.861894	 92.809775	 92.759344	 92.710574	 92.663436	   92.6179	 92.573936	 92.531513	 92.490599	 92.451163	 92.413172	 92.376592	 92.341392	 92.307536	 92.274993	 92.243728	 92.213707	 92.184897	 92.157264	 92.130775	 92.105396	 92.081093	 92.057835	 92.035588	  92.01432	 91.993999	 91.974594	 91.956073	 91.938406	 91.921562	 91.905513	 91.890229	 91.875682	 91.861843	 91.848685	 91.836183	 91.824308	 91.813037	 91.802345	 91.792207	 91.782599	   91.7735	 91.764886	 91.756737	 91.749031	 91.741749	 91.734871	 91.728378	 91.722252	 91.716475	 91.711031	 91.705902	 91.701074	 91.696531	 91.692259	 91.688244	 91.684473	 91.680931	 91.677609	 91.674493	 91.671572	 91.668836	 91.666274	 91.663876	 91.661634	 91.659539	 91.657581	 91.655752	 91.654046	 91.652455	 91.650972	  91.64959	 91.648303	 91.647105	 91.645991	 91.644955	 91.643993	 91.643099	  91.64227	 91.641501	 91.640788	 91.640127	 91.639515	 91.638948	 91.638424	  91.63794	 91.637492	 91.637079	 91.636697	 91.636345	  91.63602	 91.635721	 91.635446	 91.635192	 91.634959	 91.634744	 91.634547	 91.634366	 91.634199	 91.634047	 91.633907	 91.633779	 91.633661	 91.633554	 91.633455	 91.633366	 91.633283	 91.633208	  91.63314	 91.633077	  91.63302	 91.632968	 91.632921	 91.632878	 91.632839	 91.632803	 91.632771	 91.632741	 91.632715	 91.632691	 91.632669	 91.632649	 91.632631	 91.632615	 91.632601	 91.632588	 91.632576	 91.632565	 91.632556	 91.632548	 91.632541	 91.632534	 91.632528	 91.632524	 91.632519	 91.632516	 91.632513	 91.632511	 91.632509	 91.632508	 91.632507	
        99	 98.834901	 98.669892	 98.505064	 98.340508	 98.176312	 98.012567	  97.84936	  97.68678	 97.524911	 97.363841	 97.203653	 97.044429	  96.88625	 96.729197	 96.573346	 96.418773	 96.265552	 96.113755	  95.96345	 95.814705	 95.667585	 95.522151	 95.378462	 95.236577	  95.09655	  94.95843	 94.822269	 94.688111	 94.555999	 94.425975	 94.298074	 94.172331	 94.048779	 93.927444	 93.808353	 93.691529	 93.576991	 93.464756	 93.354839	 93.247249	 93.141997	 93.039087	 92.938522	 92.840304	  92.74443	 92.650895	 92.559693	 92.470814	 92.384246	 92.299976	 92.217987	 92.138262	 92.060781	 91.985521	  91.91246	 91.841571	 91.772829	 91.706204	 91.641667	 91.579186	  91.51873	 91.460265	 91.403756	 91.349168	 91.296464	 91.245608	 91.196561	 91.149285	 91.103741	 91.059889	 91.017691	 90.977106	 90.938093	 90.900612	 90.864624	 90.830086	  90.79696	 90.765205	  90.73478	 90.705647	 90.677764	 90.651095	 90.625599	 90.601238	 90.577975	 90.555772	 90.534593	 90.514402	 90.495162	  90.47684	   90.4594	  90.44281	 90.427037	 90.412049	 90.397814	 90.384302	 90.371484	 90.359331	 90.347813	 90.336905	 90.326579	  90.31681	 90.307572	 90.298843	 90.290597	 90.282813	 90.275469	 90.268544	 90.262017	 90.255869	 90.250081	 90.244636	 90.239514	 90.234701	 90.230179	 90.225934	 90.221951	 90.218216	 90.214714	 90.211434	 90.208363	 90.205489	 90.202801	 90.200289	 90.197941	  90.19575	 90.193705	 90.191797	 90.190019	 90.188362	 90.186819	 90.185383	 90.184048	 90.182806	 90.181653	 90.180582	 90.179587	 90.178665	  90.17781	 90.177018	 90.176284	 90.175605	 90.174977	 90.174396	  90.17386	 90.173364	 90.172906	 90.172484	 90.172095	 90.171736	 90.171406	 90.171102	 90.170822	 90.170565	 90.170329	 90.170112	 90.169912	 90.169729	 90.169562	 90.169408	 90.169267	 90.169138	  90.16902	 90.168913	 90.168814	 90.168724	 90.168642	 90.168567	 90.168499	 90.168436	  90.16838	 90.168328	 90.168281	 90.168238	   90.1682	 90.168164	 90.168132	 90.168104	 90.168077	 90.168054	 90.168032	 90.168013	 90.167996	  90.16798	 90.167966	 90.167954	 90.167942	 90.167932	 90.167924	 90.167916	 90.167909	 90.167903	 90.167898	 90.167894	 90.167891	 90.167888	 90.167886	 90.167885	 90.167884	
        99	 98.807612	  98.61533	 98.423259	 98.231504	  98.04017	  97.84936	 97.659178	 97.469725	 97.281103	  97.09341	 96.906745	 96.721204	 96.536881	  96.35387	 96.172259	 95.992138	 95.813592	 95.636705	 95.461557	 95.288227	  95.11679	 94.947318	 94.779881	 94.614544	 94.451372	 94.290424	 94.131757	 93.975425	 93.821478	 93.669962	 93.520921	 93.374395	 93.230421	 93.089032	 92.950258	 92.814124	 92.680655	 92.549869	 92.421784	 92.296412	 92.173763	 92.053844	 91.936658	 91.822206	 91.710485	 91.601491	 91.495214	 91.391645	 91.290769	  91.19257	  91.09703	 91.004127	  90.91384	 90.826141	 90.741003	 90.658398	 90.578294	 90.500657	 90.425453	 90.352645	 90.282197	 90.214068	 90.148219	 90.084608	 90.023194	 89.963931	 89.906778	 89.851688	 89.798616	 89.747517	 89.698344	  89.65105	 89.605589	 89.561914	 89.519977	 89.479731	  89.44113	 89.404125	 89.368672	 89.334723	 89.302233	 89.271155	 89.241445	 89.213058	  89.18595	 89.160077	 89.135398	 89.111869	 89.089449	 89.068098	 89.047776	 89.028444	 89.010064	 88.992599	 88.976011	 88.960266	 88.945329	 88.931167	 88.917746	 88.905034	 88.893002	 88.881618	 88.870854	 88.860681	 88.851073	 88.842002	 88.833445	 88.825375	 88.817769	 88.810605	 88.803861	 88.797515	 88.791547	 88.785938	 88.780669	 88.775722	 88.771081	 88.766728	 88.762648	 88.758825	 88.755247	 88.751898	 88.748766	 88.745838	 88.743103	 88.740549	 88.738166	 88.735943	  88.73387	  88.73194	 88.730142	 88.728469	 88.726913	 88.725466	 88.724122	 88.722874	 88.721715	  88.72064	 88.719644	 88.718721	 88.717866	 88.717075	 88.716343	 88.715666	  88.71504	 88.714463	  88.71393	 88.713438	 88.712984	 88.712566	 88.712182	 88.711827	 88.711501	 88.711202	 88.710926	 88.710673	 88.710441	 88.710228	 88.710032	 88.709853	 88.709689	 88.709539	 88.709402	 88.709276	 88.709161	 88.709056	  88.70896	 88.708873	 88.708793	 88.708721	 88.708655	 88.708595	  88.70854	  88.70849	 88.708445	 88.708404	 88.708367	 88.708333	 88.708303	 88.708275	  88.70825	 88.708228	 88.708207	 88.708189	 88.708173	 88.708158	 88.708145	 88.708134	 88.708123	 88.708114	 88.708107	   88.7081	 88.708094	 88.708089	 88.708085	 88.708082	  88.70808	 88.708078	 88.708077	
        99	 98.780429	 98.560978	 98.341768	 98.122919	  97.90455	  97.68678	 97.469725	 97.253504	  97.03823	 96.824017	 96.610977	 96.399219	 96.188853	 95.979982	 95.772711	 95.567139	 95.363366	 95.161485	  94.96159	 94.763769	 94.568108	  94.37469	 94.183595	 93.994897	 93.808669	  93.62498	 93.443894	 93.265473	 93.089773	 92.916849	 92.746749	  92.57952	 92.415203	 92.253836	 92.095453	 91.940085	 91.787757	 91.638492	 91.492309	 91.349222	 91.209243	  91.07238	 90.938636	 90.808012	 90.680506	 90.556111	 90.434818	 90.316615	 90.201485	 90.089411	 89.980372	 89.874343	 89.771298	 89.671207	 89.574041	 89.479763	  89.38834	 89.299734	 89.213904	 89.130809	 89.050406	 88.972651	 88.897498	   88.8249	 88.754807	 88.687171	 88.621942	 88.559068	 88.498498	 88.440178	 88.384057	 88.330081	 88.278197	  88.22835	 88.180488	 88.134555	   88.0905	 88.048267	 88.007804	 87.969059	 87.931977	 87.896508	 87.862601	 87.830202	 87.799264	 87.769736	 87.741569	 87.714716	 87.689128	 87.664761	 87.641567	 87.619504	 87.598526	 87.578593	 87.559662	 87.541692	 87.524645	 87.508481	 87.493164	 87.478657	 87.464924	 87.451931	 87.439646	 87.428036	  87.41707	 87.406718	 87.396951	 87.387741	 87.379061	 87.370885	 87.363187	 87.355945	 87.349134	 87.342732	 87.336719	 87.331073	 87.325776	 87.320808	 87.316151	 87.311789	 87.307704	 87.303882	 87.300308	 87.296966	 87.293845	  87.29093	  87.28821	 87.285673	 87.283308	 87.281104	 87.279053	 87.277143	 87.275367	 87.273716	 87.272182	 87.270757	 87.269435	 87.268208	 87.267071	 87.266018	 87.265042	 87.264139	 87.263303	 87.262531	 87.261817	 87.261158	  87.26055	 87.259988	 87.259471	 87.258994	 87.258554	  87.25815	 87.257778	 87.257436	 87.257121	 87.256833	 87.256568	 87.256324	 87.256101	 87.255897	  87.25571	 87.255538	 87.255381	 87.255238	 87.255107	 87.254987	 87.254878	 87.254778	 87.254687	 87.254605	 87.254529	  87.25446	 87.254398	 87.254341	  87.25429	 87.254243	 87.254201	 87.254162	 87.254127	 87.254096	 87.254067	 87.254042	 87.254019	 87.253998	 87.253979	 87.253963	 87.253948	 87.253935	 87.253923	 87.253913	 87.253904	 87.253896	 87.253889	 87.253884	 87.253879	 87.253875	 87.253873	 87.253871	  87.25387	
        99	 98.753364	 98.506864	 98.260634	  98.01481	 97.769524	 97.524911	 97.281103	  97.03823	 96.796421	 96.555804	 96.316505	 96.078646	 95.842349	 95.607733	 95.374913	 95.144003	 94.915112	 94.688348	 94.463813	 94.241609	 94.021831	 93.804572	 93.589922	 93.377965	 93.168783	 92.962452	 92.759046	 92.558632	 92.361276	 92.167036	  91.97597	 91.788128	 91.603558	 91.422301	 91.244396	 91.069876	 90.898772	 90.731109	 90.566907	 90.406183	  90.24895	 90.095217	 89.944988	 89.798264	 89.655041	 89.515313	 89.379069	 89.246296	 89.116976	 88.991088	 88.868608	  88.74951	 88.633763	 88.521336	 88.412192	 88.306294	 88.203602	 88.104074	 88.007664	 87.914327	 87.824014	 87.736675	 87.652259	 87.570711	 87.491979	 87.416007	 87.342737	 87.272113	 87.204077	 87.138569	 87.075531	 87.014902	 86.956622	 86.900631	 86.846869	 86.795275	 86.745789	 86.698351	 86.652901	 86.609379	 86.567727	 86.527886	 86.489799	 86.453408	 86.418656	 86.385488	 86.353849	 86.323686	 86.294944	 86.267573	 86.241521	 86.216738	 86.193175	 86.170785	  86.14952	 86.129335	 86.110187	 86.092031	 86.074825	  86.05853	 86.043104	 86.028511	 86.014711	  86.00167	 85.989353	 85.977724	 85.966753	 85.956408	 85.946658	 85.937474	 85.928828	 85.920692	 85.913042	 85.905851	 85.899097	 85.892755	 85.886805	 85.881224	 85.875994	 85.871094	 85.866506	 85.862213	 85.858197	 85.854444	 85.850938	 85.847664	 85.844608	 85.841759	 85.839102	 85.836627	 85.834323	 85.832178	 85.830183	 85.828328	 85.826605	 85.825005	 85.823519	 85.822142	 85.820865	 85.819681	 85.818585	 85.817571	 85.816632	 85.815765	 85.814963	 85.814222	 85.813539	 85.812908	 85.812327	 85.811791	 85.811298	 85.810843	 85.810426	 85.810041	 85.809688	 85.809364	 85.809066	 85.808793	 85.808542	 85.808313	 85.808102	  85.80791	 85.807734	 85.807573	 85.807426	 85.807291	 85.807168	 85.807056	 85.806954	 85.806861	 85.806776	 85.806699	 85.806629	 85.806565	 85.806507	 85.806455	 85.806407	 85.806364	 85.806325	  85.80629	 85.806258	 85.806229	 85.806203	  85.80618	 85.806159	  85.80614	 85.806123	 85.806108	 85.806095	 85.806084	 85.806074	 85.806065	 85.806057	 85.806051	 85.806046	 85.806042	 85.806039	 85.806037	 85.806036	
        99	 98.726433	 98.453017	   98.1799	 97.907233	 97.635164	 97.363841	  97.09341	 96.824017	 96.555804	 96.288913	 96.023484	 95.759652	 95.497554	 95.237319	 94.979077	 94.722952	 94.469068	 94.217543	  93.96849	 93.722023	 93.478246	 93.237264	 92.999176	 92.764075	 92.532051	  92.30319	 92.077573	 91.855275	 91.636369	  91.42092	 91.208991	 91.000638	 90.795913	 90.594864	 90.397533	 90.203957	 90.014169	 89.828198	 89.646066	 89.467793	 89.293391	 89.122871	 88.956238	 88.793492	  88.63463	 88.479645	 88.328525	 88.181253	 88.037812	 87.898178	 87.762324	 87.630221	 87.501836	 87.377132	  87.25607	 87.138609	 87.024704	 86.914308	 86.807371	 86.703842	 86.603667	 86.506791	 86.413157	 86.322705	 86.235376	 86.151108	 86.069838	 85.991502	 85.916037	 85.843376	 85.773454	 85.706205	 85.641561	 85.579456	 85.519824	 85.462596	 85.407707	 85.355089	 85.304675	 85.256402	 85.210202	  85.16601	 85.123764	 85.083399	 85.044852	 85.008063	 84.972969	 84.939512	 84.907633	 84.877272	 84.848376	 84.820886	 84.794751	 84.769915	 84.746329	  84.72394	 84.702701	 84.682562	 84.663478	 84.645403	 84.628293	 84.612106	   84.5968	 84.582335	 84.568672	 84.555774	 84.543605	  84.53213	 84.521315	 84.511128	 84.501538	 84.492515	 84.484029	 84.476053	 84.468561	 84.461527	 84.454927	 84.448737	 84.442935	   84.4375	 84.432411	 84.427649	 84.423196	 84.419033	 84.415143	 84.411512	 84.408123	 84.404962	 84.402015	  84.39927	 84.396714	 84.394335	 84.392122	 84.390065	 84.388153	 84.386378	 84.384731	 84.383203	 84.381786	 84.380473	 84.379258	 84.378133	 84.377092	 84.376129	  84.37524	 84.374419	 84.373661	 84.372961	 84.372316	 84.371722	 84.371175	 84.370671	 84.370207	 84.369781	 84.369389	  84.36903	 84.368699	 84.368396	 84.368118	 84.367864	 84.367631	 84.367417	 84.367222	 84.367043	  84.36688	 84.366731	 84.366594	  84.36647	 84.366357	 84.366254	  84.36616	 84.366074	 84.365996	 84.365926	 84.365861	 84.365803	  84.36575	 84.365702	 84.365659	  84.36562	 84.365584	 84.365552	 84.365524	 84.365498	 84.365475	 84.365454	 84.365435	 84.365419	 84.365404	 84.365391	  84.36538	 84.365371	 84.365362	 84.365355	  84.36535	 84.365345	 84.365342	  84.36534	 84.365339	
        99	  98.69965	 98.399464	 98.099608	 97.800245	  97.50154	 97.203653	 96.906745	 96.610977	 96.316505	 96.023484	 95.732067	 95.442406	 95.154646	 94.868933	 94.585407	 94.304207	 94.025466	 93.749315	 93.475879	 93.205281	 92.937638	 92.673063	 92.411664	 92.153545	 91.898805	 91.647538	 91.399831	  91.15577	 90.915431	 90.678889	  90.44621	 90.217458	  89.99269	 89.771957	 89.555306	 89.342779	  89.13441	 88.930231	 88.730268	  88.53454	 88.343064	 88.155849	 87.972901	 87.794222	 87.619807	 87.449648	 87.283732	 87.122042	 86.964557	 86.811252	 86.662097	  86.51706	 86.376105	 86.239192	 86.106278	 85.977317	  85.85226	 85.731056	 85.613649	 85.499984	 85.390002	 85.283641	  85.18084	 85.081532	 84.985653	 84.893135	 84.803908	 84.717903	 84.635049	 84.555274	 84.478506	 84.404673	   84.3337	 84.265516	 84.200045	 84.137214	  84.07695	 84.019181	 83.963832	 83.910832	 83.860109	 83.811591	 83.765208	 83.720891	 83.678571	  83.63818	  83.59965	 83.562917	 83.527917	 83.494584	 83.462858	 83.432677	 83.403983	 83.376716	  83.35082	  83.32624	 83.302921	 83.280811	 83.259858	 83.240013	 83.221228	 83.203456	 83.186652	  83.17077	  83.15577	 83.141609	 83.128249	 83.115651	 83.103777	 83.092593	 83.082063	 83.072156	  83.06284	 83.054083	 83.045858	 83.038135	 83.030889	 83.024093	 83.017723	 83.011756	 83.006169	  83.00094	 82.996051	  82.99148	  82.98721	 82.983223	 82.979502	 82.976032	 82.972797	 82.969783	 82.966976	 82.964364	 82.961935	 82.959676	 82.957578	 82.955629	  82.95382	 82.952143	 82.950587	 82.949146	 82.947811	 82.946576	 82.945433	 82.944376	   82.9434	 82.942498	 82.941666	 82.940898	  82.94019	 82.939538	 82.938937	 82.938384	 82.937875	 82.937407	 82.936977	 82.936582	 82.936219	 82.935886	 82.935581	 82.935302	 82.935046	 82.934811	 82.934597	   82.9344	 82.934221	 82.934057	 82.933908	 82.933772	 82.933647	 82.933534	 82.933431	 82.933337	 82.933251	 82.933174	 82.933103	 82.933039	 82.932981	 82.932929	 82.932881	 82.932838	 82.932799	 82.932764	 82.932732	 82.932704	 82.932679	 82.932656	 82.932635	 82.932617	 82.932601	 82.932587	 82.932575	 82.932564	 82.932555	 82.932548	 82.932541	 82.932536	 82.932533	  82.93253	 82.932529	
        99	 98.673027	 98.346234	 98.019799	 97.693902	  97.36872	 97.044429	 96.721204	 96.399219	 96.078646	 95.759652	 95.442406	 95.127069	 94.813803	 94.502765	 94.194108	 93.887983	 93.584536	 93.283907	 92.986235	 92.691651	 92.400285	 92.112258	  91.82769	 91.546692	 91.269372	 90.995833	  90.72617	 90.460476	 90.198834	 89.941325	 89.688023	 89.438995	 89.194304	 88.954005	 88.718151	 88.486785	 88.259947	 88.037671	 87.819983	 87.606907	 87.398458	 87.194649	 86.995486	 86.800968	 86.611094	 86.425852	 86.245229	 86.069208	 85.897764	  85.73087	 85.568495	 85.410602	 85.257154	 85.108105	  84.96341	 84.823018	 84.686876	 84.554928	 84.427115	 84.303375	 84.183644	 84.067856	 83.955942	 83.847832	 83.743455	 83.642736	   83.5456	 83.451972	 83.361774	 83.274928	 83.191356	 83.110978	 83.033715	 82.959486	 82.888212	 82.819812	 82.754207	 82.691317	 82.631062	 82.573364	 82.518145	 82.465327	 82.414833	 82.366588	 82.320516	 82.276544	   82.2346	 82.194611	 82.156508	 82.120221	 82.085683	 82.052827	 82.021589	 81.991905	 81.963714	 81.936955	 81.911569	 81.887499	 81.864689	 81.843086	 81.822636	 81.803288	 81.784994	 81.767705	 81.751375	  81.73596	 81.721415	   81.7077	 81.694774	 81.682598	 81.671135	  81.66035	 81.650208	 81.640675	 81.631721	 81.623313	 81.615425	 81.608026	 81.601092	 81.594596	 81.588514	 81.582822	 81.577499	 81.572523	 81.567874	 81.563534	 81.559483	 81.555705	 81.552184	 81.548902	 81.545847	 81.543004	 81.540359	   81.5379	 81.535616	 81.533494	 81.531525	 81.529699	 81.528005	 81.526436	 81.524983	 81.523638	 81.522394	 81.521244	 81.520181	   81.5192	 81.518293	 81.517458	 81.516687	 81.515977	 81.515322	  81.51472	 81.514166	 81.513657	 81.513189	 81.512758	 81.512364	 81.512002	 81.511669	 81.511365	 81.511086	 81.510831	 81.510598	 81.510384	 81.510189	 81.510011	 81.509848	 81.509699	 81.509564	 81.509441	 81.509328	 81.509226	 81.509133	 81.509049	 81.508972	 81.508902	 81.508839	 81.508782	  81.50873	 81.508683	 81.508641	 81.508602	 81.508568	 81.508537	 81.508509	 81.508485	 81.508462	 81.508443	 81.508425	  81.50841	 81.508397	 81.508385	 81.508375	 81.508367	  81.50836	 81.508355	 81.508351	 81.508348	 81.508347	
        99	  98.64658	 98.293354	 97.940515	 97.588257	 97.236772	  96.88625	 96.536881	 96.188853	 95.842349	 95.497554	 95.154646	 94.813803	 94.475198	 94.139001	 93.805379	 93.474493	   93.1465	 92.821555	 92.499805	 92.181394	  91.86646	 91.555136	  91.24755	 90.943823	 90.644072	 90.348408	 90.056933	 89.769748	 89.486943	 89.208605	 88.934814	 88.665643	  88.40116	 88.141425	 87.886493	 87.636413	 87.391227	 87.150972	 86.915676	 86.685365	 86.460056	 86.239761	 86.024488	 85.814237	 85.609004	 85.408779	 85.213547	 85.023287	 84.837976	 84.657583	 84.482074	  84.31141	 84.145549	 83.984445	 83.828046	 83.676298	 83.529144	 83.386524	 83.248372	 83.114623	 82.985208	 82.860054	 82.739088	 82.622234	 82.509414	 82.400548	 82.295555	 82.194353	  82.09686	 82.002989	 81.912657	 81.825778	 81.742265	 81.662033	 81.584993	 81.511061	 81.440149	 81.372172	 81.307044	 81.244679	 81.184993	 81.127903	 81.073325	 81.021177	 80.971379	 80.923851	 80.878513	  80.83529	 80.794105	 80.754883	 80.717551	 80.682038	 80.648273	 80.616188	 80.585717	 80.556793	 80.529354	 80.503337	 80.478682	 80.455331	 80.433227	 80.412315	 80.392541	 80.373853	 80.356203	  80.33954	 80.323819	 80.308994	 80.295023	 80.281862	 80.269473	 80.257815	 80.246852	 80.236548	 80.226869	 80.217782	 80.209256	 80.201259	 80.193764	 80.186742	 80.180168	 80.174016	 80.168262	 80.162884	 80.157859	 80.153168	 80.148789	 80.144706	 80.140899	 80.137353	  80.13405	 80.130977	 80.128118	  80.12546	 80.122991	 80.120698	  80.11857	 80.116595	 80.114765	 80.113069	 80.111499	 80.110045	   80.1087	 80.107457	 80.106308	 80.105247	 80.104268	 80.103364	 80.102531	 80.101763	 80.101056	 80.100405	 80.099807	 80.099256	  80.09875	 80.098285	 80.097858	 80.097467	 80.097108	 80.096779	 80.096478	 80.096202	 80.095949	 80.095718	 80.095508	 80.095315	 80.095139	 80.094979	 80.094832	 80.094699	 80.094577	 80.094467	 80.094366	 80.094275	 80.094192	 80.094117	 80.094048	 80.093987	 80.093931	  80.09388	 80.093834	 80.093793	 80.093756	 80.093722	 80.093692	 80.093665	 80.093642	  80.09362	 80.093601	 80.093585	  80.09357	 80.093558	 80.093547	 80.093538	 80.093531	 80.093525	 80.093521	 80.093518	 80.093517	
        99	  98.62032	 98.240849	 97.861794	 97.483363	 97.105762	 96.729197	  96.35387	 95.979982	 95.607733	 95.237319	 94.868933	 94.502765	 94.139001	 93.777825	 93.419414	 93.063943	  92.71158	 92.362491	 92.016835	 91.674765	 91.336432	 91.001976	 90.671536	 90.345242	  90.02322	 89.705587	 89.392456	 89.083932	 88.780114	 88.481096	 88.186962	 87.897791	 87.613657	 87.334623	  87.06075	 86.792089	 86.528685	 86.270578	   86.0178	 85.770376	 85.528327	 85.291664	 85.060396	 84.834524	 84.614042	  84.39894	 84.189201	 83.984806	 83.785725	 83.591929	 83.403379	 83.220035	 83.041851	 82.868776	 82.700756	 82.537734	 82.379646	 82.226429	 82.078013	 81.934326	 81.795295	 81.660842	 81.530888	 81.405352	 81.284149	 81.167194	   81.0544	 80.945679	 80.840942	 80.740097	 80.643053	 80.549719	 80.460001	 80.373807	 80.291043	 80.211618	 80.135437	 80.062409	 79.992442	 79.925443	 79.861323	  79.79999	 79.741357	 79.685335	 79.631837	 79.580777	 79.532071	 79.485637	 79.441391	 79.399255	 79.359149	 79.320997	 79.284724	 79.250255	  79.21752	 79.186447	 79.156969	 79.129019	 79.102532	 79.077446	   79.0537	 79.031234	  79.00999	 78.989914	 78.970952	 78.953052	 78.936162	 78.920236	 78.905227	 78.891088	 78.877778	 78.865254	 78.853477	 78.842408	  78.83201	 78.822247	 78.813087	 78.804496	 78.796444	 78.788901	 78.781838	 78.775229	 78.769048	  78.76327	 78.757872	 78.752832	 78.748128	 78.743741	 78.739652	 78.735842	 78.732294	 78.728992	 78.725921	 78.723066	 78.720413	 78.717949	 78.715663	 78.713542	 78.711576	 78.709754	 78.708067	 78.706505	  78.70506	 78.703725	 78.702491	 78.701351	 78.700298	 78.699328	 78.698433	 78.697608	 78.696848	 78.696149	 78.695506	 78.694914	 78.694371	 78.693871	 78.693413	 78.692992	 78.692607	 78.692253	  78.69193	 78.691633	 78.691362	 78.691114	 78.690887	  78.69068	 78.690491	 78.690319	 78.690162	 78.690019	 78.689888	 78.689769	 78.689661	 78.689563	 78.689474	 78.689393	  78.68932	 78.689253	 78.689193	 78.689139	  78.68909	 78.689045	 78.689005	 78.688969	 78.688937	 78.688908	 78.688883	  78.68886	  78.68884	 78.688822	 78.688806	 78.688793	 78.688781	 78.688772	 78.688764	 78.688758	 78.688753	  78.68875	 78.688749	
        99	 98.594262	 98.188747	 97.783676	 97.379273	 96.975756	 96.573346	 96.172259	 95.772711	 95.374913	 94.979077	 94.585407	 94.194108	 93.805379	 93.419414	 93.036405	 92.656536	  92.27999	 91.906942	 91.537563	 91.172016	 90.810462	 90.453052	 90.099933	 89.751245	 89.407121	 89.067688	 88.733066	 88.403367	 88.078698	 87.759157	 87.444836	 87.135819	 86.832183	 86.533999	 86.241329	 85.954229	 85.672748	 85.396926	 85.126799	 84.862394	 84.603732	 84.350827	 84.103687	 83.862312	 83.626697	 83.396832	 83.172699	 82.954275	 82.741532	 82.534434	 82.332944	 82.137017	 81.946603	  81.76165	 81.582098	 81.407887	  81.23895	 81.075217	 80.916614	 80.763066	 80.614493	 80.470813	  80.33194	 80.197787	 80.068265	 79.943284	 79.822749	 79.706566	  79.59464	 79.486874	  79.38317	  79.28343	 79.187554	 79.095444	 79.007001	 78.922124	 78.840715	 78.762675	 78.687905	 78.616309	 78.547787	 78.482246	 78.419588	 78.359721	 78.302551	 78.247987	 78.195939	 78.146317	 78.099035	 78.054007	 78.011148	 77.970378	 77.931615	 77.894781	 77.859798	 77.826593	 77.795092	 77.765224	 77.736919	 77.710112	 77.684735	 77.660727	 77.638026	 77.616572	 77.596309	 77.577179	 77.559131	 77.542112	 77.526072	 77.510963	  77.49674	 77.483356	 77.470771	 77.458942	  77.44783	 77.437398	 77.427609	 77.418428	 77.409823	 77.401762	 77.394215	 77.387152	 77.380547	 77.374372	 77.368604	 77.363218	 77.358192	 77.353503	 77.349133	 77.345062	  77.34127	 77.337742	  77.33446	 77.331409	 77.328574	 77.325941	 77.323498	 77.321232	 77.319131	 77.317184	 77.315381	 77.313712	 77.312168	 77.310741	 77.309422	 77.308204	 77.307079	 77.306042	 77.305085	 77.304204	 77.303392	 77.302645	 77.301958	 77.301325	 77.300745	 77.300211	 77.299721	 77.299272	  77.29886	 77.298482	 77.298136	 77.297819	 77.297529	 77.297264	 77.297022	 77.296801	 77.296599	 77.296415	 77.296247	 77.296094	 77.295954	 77.295827	 77.295712	 77.295607	 77.295512	 77.295426	 77.295347	 77.295276	 77.295212	 77.295154	 77.295101	 77.295054	 77.295011	 77.294973	 77.294938	 77.294907	  77.29488	 77.294856	 77.294834	 77.294815	 77.294798	 77.294784	 77.294772	 77.294761	 77.294753	 77.294746	 77.294741	 77.294738	 77.294737	
        99	 98.568417	 98.137072	 97.706199	 97.276036	 96.846816	 96.418773	 95.992138	 95.567139	 95.144003	 94.722952	 94.304207	 93.887983	 93.474493	 93.063943	 92.656536	 92.252471	  91.85194	  91.45513	 91.062221	  90.67339	 90.288806	 89.908629	 89.533018	 89.162119	 88.796075	 88.435021	 88.079084	 87.728384	 87.383035	 87.043139	 86.708797	 86.380096	  86.05712	 85.739942	 85.428629	 85.123242	  84.82383	  84.53044	 84.243106	 83.961859	 83.686721	 83.417706	 83.154823	 82.898073	 82.647451	 82.402944	 82.164534	 81.932197	 81.705902	 81.485613	 81.271288	 81.062881	 80.860338	 80.663604	 80.472615	 80.287307	 80.107609	 79.933446	 79.764741	 79.601412	 79.443376	 79.290543	 79.142824	 79.000126	 78.862354	 78.729412	 78.601199	 78.477616	  78.35856	  78.24393	  78.13362	 78.027526	 77.925544	 77.827567	 77.733489	 77.643206	 77.556612	 77.473601	 77.394068	 77.317911	 77.245025	 77.175308	  77.10866	 77.044979	 76.984168	 76.926128	 76.870764	 76.817982	 76.767688	 76.719791	 76.674203	 76.630836	 76.589604	 76.550423	 76.513213	 76.477892	 76.444385	 76.412614	 76.382506	 76.353991	 76.326998	 76.301461	 76.277314	 76.254494	 76.232939	 76.212591	 76.193394	  76.17529	 76.158229	 76.142158	 76.127028	 76.112792	 76.099405	 76.086822	 76.075003	 76.063906	 76.053493	 76.043728	 76.034575	 76.026001	 76.017972	  76.01046	 76.003434	 75.996866	  75.99073	 75.985001	 75.979655	 75.974668	 75.970019	 75.965688	 75.961656	 75.957902	 75.954411	 75.951166	  75.94815	  75.94535	 75.942751	 75.940341	 75.938106	 75.936035	 75.934117	 75.932342	 75.930699	 75.929181	 75.927778	 75.926482	 75.925286	 75.924183	 75.923166	 75.922228	 75.921365	  75.92057	 75.919839	 75.919166	 75.918548	 75.917981	  75.91746	 75.916982	 75.916543	 75.916141	 75.915773	 75.915437	 75.915128	 75.914846	 75.914589	 75.914354	 75.914139	 75.913943	 75.913764	 75.913601	 75.913453	 75.913318	 75.913195	 75.913084	 75.912982	  75.91289	 75.912807	 75.912731	 75.912663	 75.912601	 75.912545	 75.912495	  75.91245	 75.912409	 75.912372	 75.912339	  75.91231	 75.912284	 75.912261	 75.912241	 75.912223	 75.912208	 75.912195	 75.912184	 75.912175	 75.912168	 75.912163	 75.912159	 75.912158	
        99	 98.542799	 98.085848	   97.6294	 97.173702	 96.719004	 96.265552	 95.813592	 95.363366	 94.915112	 94.469068	 94.025466	 93.584536	   93.1465	  92.71158	  92.27999	  91.85194	 91.427633	 91.007268	 90.591037	 90.179126	 89.771712	 89.368969	  88.97106	 88.578145	 88.190373	 87.807887	 87.430822	 87.059305	 86.693455	 86.333384	 85.979195	 85.630982	 85.288834	 84.952829	 84.623037	 84.299522	 83.982337	 83.671531	 83.367141	   83.0692	 82.777729	 82.492746	 82.214258	 81.942268	 81.676769	 81.417748	 81.165186	 80.919057	  80.67933	 80.445964	 80.218917	 79.998139	 79.783573	 79.575161	 79.372835	 79.176527	 78.986162	 78.801661	 78.622942	 78.449918	   78.2825	 78.120596	 77.964108	  77.81294	  77.66699	 77.526156	 77.390332	 77.259413	 77.133291	 77.011856	 76.894998	 76.782607	  76.67457	 76.570778	 76.471116	 76.375474	 76.283739	   76.1958	 76.111547	 76.030869	 75.953656	 75.879802	 75.809197	 75.741736	 75.677315	  75.61583	  75.55718	 75.501264	 75.447985	 75.397245	 75.348951	 75.303009	  75.25933	 75.217823	 75.178404	 75.140987	  75.10549	 75.071834	 75.039939	 75.009731	 74.981136	 74.954083	 74.928502	 74.904327	 74.881494	 74.859938	 74.839601	 74.820423	 74.802348	 74.785323	 74.769295	 74.754215	 74.740033	 74.726703	 74.714182	 74.702427	 74.691396	 74.681051	 74.671355	 74.662271	 74.653766	 74.645808	 74.638365	 74.631407	 74.624907	 74.618838	 74.613174	 74.607891	 74.602967	 74.598379	 74.594107	 74.590131	 74.586432	 74.582994	   74.5798	 74.576833	  74.57408	 74.571526	 74.569159	 74.566965	 74.564933	 74.563053	 74.561313	 74.559705	 74.558218	 74.556846	 74.555579	  74.55441	 74.553332	 74.552339	 74.551424	 74.550582	 74.549807	 74.549095	  74.54844	 74.547839	 74.547287	 74.546781	 74.546316	 74.545891	 74.545501	 74.545144	 74.544818	 74.544519	 74.544246	 74.543997	 74.543769	 74.543562	 74.543372	   74.5432	 74.543043	   74.5429	  74.54277	 74.542652	 74.542544	 74.542447	 74.542358	 74.542278	 74.542206	  74.54214	 74.542081	 74.542028	  74.54198	 74.541937	 74.541898	 74.541863	 74.541832	 74.541805	  74.54178	 74.541759	  74.54174	 74.541724	  74.54171	 74.541698	 74.541689	 74.541682	 74.541676	 74.541672	 74.541671	
