Time step 7:
        99	        99	        99	        99	        99	        99	        99	        99	        99	        99	        99	        99	        99	        99	        99	        99	        99	        99	        99	        99	        99	        99	        99	        99	        99	        99	        99	        99	        99	        99	        99	        99	        99	        99	        99	        99	        99	        99	        99	        99	        99	        99	        99	        99	        99	        99	        99	        99	        99	        99	        99	        99	        99	        99	        99	        99	        99	        99	        99	        99	        99	        99	        99	        99	        99	        99	        99	        99	        99	        99	        99	        99	        99	        99	        99	        99	        99	        99	        99	        99	        99	        99	        99	        99	        99	        99	        99	        99	        99	        99	        99	        99	        99	        99	        99	        99	        99	        99	        99	        99	        99	        99	        99	        99	        99	        99	        99	        99	        99	        99	        99	        99	        99	        99	        99	        99	        99	        99	        99	        99	        99	        99	        99	        99	        99	        99	        99	        99	        99	        99	        99	        99	        99	        99	        99	        99	        99	        99	        99	        99	        99	        99	        99	        99	        99	        99	        99	        99	        99	        99	        99	        99	        99	        99	        99	        99	        99	        99	        99	        99	        99	        99	        99	        99	        99	        99	        99	        99	        99	        99	        99	        99	        99	        99	        99	        99	        99	        99	        99	        99	        99	        99	        99	        99	        99	        99	        99	        99	        99	        99	        99	        99	        99	        99	        99	        99	        99	        99	        99	        99	
        99	 98.909327	 98.818818	 98.728635	 98.638939	 98.549888	 98.461637	 98.374336	 98.288131	 98.203161	 98.119561	 98.037455	 97.956962	 97.878194	 97.801252	 97.726229	  97.65321	 97.582268	 97.513469	 97.446869	 97.382513	 97.320437	  97.26067	 97.203228	  97.14812	 97.095348	 97.044902	 96.996768	 96.950922	 96.907334	 96.865967	 96.826779	 96.789723	 96.754744	 96.721786	 96.690788	 96.661686	 96.634414	 96.608901	 96.585078	 96.562873	 96.542213	 96.523024	 96.505236	 96.488773	 96.473567	 96.459545	 96.446638	  96.43478	 96.423905	 96.413949	  96.40485	 96.396551	 96.388994	 96.382125	 96.375893	 96.370249	 96.365146	 96.360542	 96.356394	 96.352664	 96.349316	 96.346317	 96.343634	  96.34124	 96.339105	 96.337207	 96.335521	 96.334027	 96.332705	 96.331537	 96.330508	 96.329602	 96.328806	 96.328108	 96.327497	 96.326963	 96.326497	 96.326092	  96.32574	 96.325434	 96.325169	  96.32494	 96.324743	 96.324573	 96.324427	 96.324301	 96.324194	 96.324102	 96.324023	 96.323956	 96.323899	 96.323851	  96.32381	 96.323775	 96.323746	 96.323721	   96.3237	 96.323683	 96.323668	 96.323656	 96.323646	 96.323637	  96.32363	 96.323624	 96.323619	 96.323615	 96.323612	 96.323609	 96.323607	 96.323605	 96.323603	 96.323602	 96.323601	   96.3236	   96.3236	 96.323599	 96.323599	 96.323598	 96.323598	 96.323598	 96.323597	 96.323597	 96.323597	 96.323597	 96.323597	 96.323597	 96.323597	 96.323597	 96.323597	 96.323597	 96.323597	 96.323597	 96.323597	 96.323597	 96.323597	 96.323597	 96.323597	 96.323597	 96.323597	 96.323597	 96.323597	 96.323597	 96.323597	 96.323597	 96.323597	 96.323597	 96.323597	 96.323597	 96.323597	 96.323597	 96.323597	 96.323597	 96.323597	 96.323597	 96.323597	 96.323597	 96.323597	 96.323597	 96.323597	 96.323597	 96.323597	 96.323597	 96.323597	 96.323597	 96.323597	 96.323597	 96.323597	 96.323597	 96.323597	 96.323597	 96.323597	 96.323597	 96.323597	 96.323597	 96.323597	 96.323597	 96.323597	 96.323597	 96.323597	 96.323597	 96.323597	 96.323597	 96.323597	 96.323597	 96.323597	 96.323597	 96.323597	 96.323597	 96.323597	 96.323597	 96.323597	 96.323597	 96.323597	 96.323597	 96.323597	 96.323597	 96.323597	 96.323597	 96.323597	
        99	 98.818818	 98.637963	  98.45776	 98.278529	 98.100588	 97.924245	   97.7498	 97.577545	 97.407759	 97.240708	 97.076645	 96.915805	 96.758411	 96.604666	 96.454755	 96.308848	 96.167092	 96.029619	 95.896538	 95.767941	 95.643903	 95.524475	 95.409695	 95.299579	 95.194129	  95.09333	 94.997148	 94.905539	 94.818441	 94.735782	 94.657477	  94.58343	 94.513535	 94.447679	 94.385739	 94.327588	 94.273092	 94.222113	  94.17451	  94.13014	 94.088856	 94.050515	 94.014969	 93.982074	 93.951688	 93.923669	  93.89788	 93.874185	 93.852454	  93.83256	 93.814379	 93.797796	 93.782695	  93.76897	 93.756517	 93.745239	 93.735043	 93.725842	 93.717554	 93.710101	 93.703412	 93.697418	 93.692058	 93.687273	 93.683008	 93.679215	 93.675846	  93.67286	 93.670218	 93.667885	 93.665828	 93.664018	 93.662427	 93.661033	 93.659812	 93.658745	 93.657815	 93.657005	 93.656301	  93.65569	 93.655161	 93.654704	 93.654309	 93.653969	 93.653677	 93.653426	 93.653211	 93.653028	 93.652871	 93.652737	 93.652623	 93.652527	 93.652445	 93.652375	 93.652317	 93.652268	 93.652226	 93.652191	 93.652162	 93.652137	 93.652117	   93.6521	 93.652086	 93.652074	 93.652064	 93.652056	 93.652049	 93.652044	 93.652039	 93.652035	 93.652032	  93.65203	 93.652028	 93.652026	 93.652024	 93.652023	 93.652022	 93.652022	 93.652021	 93.652021	  93.65202	  93.65202	  93.65202	 93.652019	 93.652019	 93.652019	 93.652019	 93.652019	 93.652019	 93.652019	 93.652019	 93.652019	 93.652019	 93.652019	 93.652019	 93.652019	 93.652019	 93.652019	 93.652019	 93.652019	 93.652019	 93.652019	 93.652019	 93.652019	 93.652019	 93.652019	 93.652019	 93.652019	 93.652019	 93.652019	 93.652019	 93.652019	 93.652019	 93.652019	 93.652019	 93.652019	 93.652019	 93.652019	 93.652019	 93.652019	 93.652019	 93.652019	 93.652019	 93.652019	 93.652019	 93.652019	 93.652019	 93.652019	 93.652019	 93.652019	 93.652019	 93.652019	 93.652019	 93.652019	 93.652019	 93.652019	 93.652019	 93.652019	 93.652019	 93.652019	 93.652019	 93.652019	 93.652019	 93.652019	 93.652019	 93.652019	 93.652019	 93.652019	 93.652019	 93.652019	 93.652019	 93.652019	 93.652019	 93.652019	 93.652019	 93.652019	 93.652019	 93.652019	 93.652019	
        99	 98.728635	  98.45776	  98.18786	 97.919418	 97.652906	 97.388788	 97.127514	  96.86952	 96.615223	 96.365022	 96.119296	 95.878399	 95.642662	  95.41239	 95.187862	 94.969329	 94.757015	 94.551114	 94.351792	 94.159187	 93.973408	 93.794535	 93.622623	 93.457697	  93.29976	 93.148787	 93.004732	 92.867524	 92.737073	 92.613271	  92.49599	 92.385085	 92.280401	 92.181764	 92.088994	 92.001898	 91.920277	 91.843923	 91.772626	  91.70617	 91.644338	 91.586912	 91.533673	 91.484406	 91.438895	  91.39693	 91.358304	 91.322815	 91.290267	  91.26047	 91.233241	 91.208402	 91.185785	 91.165228	 91.146577	 91.129685	 91.114414	 91.100634	  91.08822	 91.077058	 91.067039	 91.058062	 91.050034	 91.042867	 91.036479	 91.030798	 91.025752	  91.02128	 91.017324	 91.013829	 91.010748	 91.008036	 91.005654	 91.003566	 91.001737	  91.00014	 90.998746	 90.997533	 90.996478	 90.995564	 90.994771	 90.994087	 90.993496	 90.992987	 90.992549	 90.992173	 90.991851	 90.991576	 90.991341	 90.991141	  90.99097	 90.990826	 90.990703	 90.990599	 90.990512	 90.990438	 90.990376	 90.990323	 90.990279	 90.990243	 90.990212	 90.990187	 90.990165	 90.990148	 90.990133	 90.990121	 90.990111	 90.990102	 90.990095	  90.99009	 90.990085	 90.990081	 90.990078	 90.990076	 90.990074	 90.990072	 90.990071	  90.99007	 90.990069	 90.990068	 90.990067	 90.990067	 90.990067	 90.990066	 90.990066	 90.990066	 90.990066	 90.990066	 90.990065	 90.990065	 90.990065	 90.990065	 90.990065	 90.990065	 90.990065	 90.990065	 90.990065	 90.990065	 90.990065	 90.990065	 90.990065	 90.990065	 90.990065	 90.990065	 90.990065	 90.990065	 90.990065	 90.990065	 90.990065	 90.990065	 90.990065	 90.990065	 90.990065	 90.990065	 90.990065	 90.990065	 90.990065	 90.990065	 90.990065	 90.990065	 90.990065	 90.990065	 90.990065	 90.990065	 90.990065	 90.990065	 90.990065	 90.990065	 90.990065	 90.990065	 90.990065	 90.990065	 90.990065	 90.990065	 90.990065	 90.990065	 90.990065	 90.990065	 90.990065	 90.990065	 90.990065	 90.990065	 90.990065	 90.990065	 90.990065	 90.990065	 90.990065	 90.990065	 90.990065	 90.990065	 90.990065	 90.990065	 90.990065	 90.990065	 90.990065	 90.990065	 90.990065	 90.990065	 90.990065	
        99	 98.638939	 98.278529	 97.919418	 97.562245	 97.207641	 96.856222	 96.508588	 96.165317	 95.826965	 95.494064	 95.167116	 94.846593	 94.532936	 94.226551	 93.927808	 93.637042	  93.35455	 93.080591	 92.815386	 92.559118	 92.311931	 92.073935	 91.845199	  91.62576	 91.415618	 91.214743	 91.023072	 90.840512	 90.666943	 90.502219	 90.346172	  90.19861	 90.059323	 89.928083	 89.804649	 89.688765	 89.580165	 89.478573	  89.38371	 89.295288	 89.213018	  89.13661	 89.065774	 89.000222	 88.939668	 88.883831	 88.832438	 88.785219	 88.741913	 88.702267	 88.666037	 88.632989	 88.602896	 88.575544	 88.550728	 88.528253	 88.507934	 88.489599	 88.473082	  88.45823	 88.444899	 88.432956	 88.422274	 88.412737	 88.404239	 88.396679	 88.389966	 88.384016	 88.378751	 88.374102	 88.370002	 88.366394	 88.363225	 88.360446	 88.358013	 88.355887	 88.354033	 88.352419	 88.351016	 88.349799	 88.348745	 88.347834	 88.347048	  88.34637	 88.345788	 88.345288	  88.34486	 88.344494	 88.344181	 88.343914	 88.343688	 88.343495	 88.343332	 88.343194	 88.343077	 88.342979	 88.342896	 88.342827	 88.342768	  88.34272	 88.342679	 88.342645	 88.342616	 88.342593	 88.342573	 88.342557	 88.342544	 88.342533	 88.342523	 88.342516	  88.34251	 88.342505	 88.342501	 88.342497	 88.342495	 88.342492	 88.342491	 88.342489	 88.342488	 88.342487	 88.342486	 88.342485	 88.342485	 88.342485	 88.342484	 88.342484	 88.342484	 88.342484	 88.342483	 88.342483	 88.342483	 88.342483	 88.342483	 88.342483	 88.342483	 88.342483	 88.342483	 88.342483	 88.342483	 88.342483	 88.342483	 88.342483	 88.342483	 88.342483	 88.342483	 88.342483	 88.342483	 88.342483	 88.342483	 88.342483	 88.342483	 88.342483	 88.342483	 88.342483	 88.342483	 88.342483	 88.342483	 88.342483	 88.342483	 88.342483	 88.342483	 88.342483	 88.342483	 88.342483	 88.342483	 88.342483	 88.342483	 88.342483	 88.342483	 88.342483	 88.342483	 88.342483	 88.342483	 88.342483	 88.342483	 88.342483	 88.342483	 88.342483	 88.342483	 88.342483	 88.342483	 88.342483	 88.342483	 88.342483	 88.342483	 88.342483	 88.342483	 88.342483	 88.342483	 88.342483	 88.342483	 88.342483	 88.342483	 88.342483	 88.342483	 88.342483	 88.342483	 88.342483	 88.342483	
        99	 98.549888	 98.100588	 97.652906	 97.207641	 96.765579	 96.327487	 95.894113	 95.466178	 95.044377	  94.62937	 94.221784	 93.822209	 93.431192	 93.049241	 92.676817	 92.314337	 91.962172	 91.620644	 91.290029	 90.970556	 90.662405	 90.365709	 90.080559	 89.806998	 89.545027	 89.294609	 89.055664	 88.828078	   88.6117	  88.40635	 88.211815	 88.027859	 87.854219	 87.690611	 87.536733	 87.392268	 87.256882	 87.130235	 87.011975	 86.901744	 86.799184	 86.703931	 86.615624	 86.533904	 86.458415	 86.388807	 86.324739	 86.265873	 86.211887	 86.162463	 86.117297	 86.076098	 86.038583	 86.004485	 85.973548	  85.94553	   85.9202	 85.897342	 85.876752	 85.858237	 85.841619	 85.826729	 85.813413	 85.801524	  85.79093	 85.781505	 85.773137	 85.765719	 85.759156	 85.753359	 85.748249	 85.743751	   85.7398	 85.736336	 85.733303	 85.730653	 85.728342	 85.726329	  85.72458	 85.723063	 85.721749	 85.720613	 85.719633	 85.718788	 85.718062	 85.717439	 85.716905	 85.716449	 85.716059	 85.715727	 85.715444	 85.715204	 85.715001	 85.714829	 85.714683	 85.714561	 85.714457	 85.714371	 85.714298	 85.714237	 85.714186	 85.714144	 85.714109	 85.714079	 85.714055	 85.714035	 85.714018	 85.714004	 85.713993	 85.713983	 85.713976	  85.71397	 85.713964	  85.71396	 85.713957	 85.713954	 85.713952	  85.71395	 85.713948	 85.713947	 85.713946	 85.713945	 85.713945	 85.713944	 85.713944	 85.713944	 85.713943	 85.713943	 85.713943	 85.713943	 85.713943	 85.713943	 85.713943	 85.713943	 85.713943	 85.713942	 85.713942	 85.713942	 85.713942	 85.713942	 85.713942	 85.713942	 85.713942	 85.713942	 85.713942	 85.713942	 85.713942	 85.713942	 85.713942	 85.713942	 85.713942	 85.713942	 85.713942	 85.713942	 85.713942	 85.713942	 85.713942	 85.713942	 85.713942	 85.713942	 85.713942	 85.713942	 85.713942	 85.713942	 85.713942	 85.713942	 85.713942	 85.713942	 85.713942	 85.713942	 85.713942	 85.713942	 85.713942	 85.713942	 85.713942	 85.713942	 85.713942	 85.713942	 85.713942	 85.713942	 85.713942	 85.713942	 85.713942	 85.713942	 85.713942	 85.713942	 85.713942	 85.713942	 85.713942	 85.713942	 85.713942	 85.713942	 85.713942	 85.713942	 85.713942	 85.713942	 85.713942	 85.713942	 85.713942	
        99	 98.461637	 97.924245	 97.388788	 96.856222	 96.327487	 95.803501	 95.285157	 94.773319	 94.268817	 93.772442	 93.284943	 92.807025	 92.339344	 91.882505	 91.437061	 91.003512	   90.5823	  90.17381	 89.778374	 89.396263	 89.027694	 88.672827	 88.331768	 88.004571	 87.691238	 87.391721	 87.105928	  86.83372	 86.574918	 86.329305	 86.096629	 85.876606	 85.668921	 85.473235	 85.289187	 85.116397	 84.954468	 84.802989	 84.661542	 84.529699	  84.40703	 84.293102	 84.187481	 84.089738	 83.999449	 83.916193	 83.839563	 83.769156	 83.704585	  83.64547	  83.59145	 83.542172	 83.497302	 83.456519	 83.419516	 83.386005	 83.355709	 83.328369	 83.303741	 83.281597	  83.26172	 83.243911	 83.227984	 83.213765	 83.201093	 83.189821	 83.179811	 83.170939	 83.163089	 83.156156	 83.150044	 83.144664	 83.139939	 83.135795	 83.132167	 83.128998	 83.126233	 83.123826	 83.121734	  83.11992	 83.118348	 83.116989	 83.115817	 83.114807	 83.113939	 83.113194	 83.112555	 83.112009	 83.111543	 83.111145	 83.110807	  83.11052	 83.110277	 83.110071	 83.109897	  83.10975	 83.109627	 83.109523	 83.109436	 83.109364	 83.109303	 83.109252	  83.10921	 83.109175	 83.109145	 83.109121	 83.109101	 83.109085	 83.109071	  83.10906	 83.109051	 83.109043	 83.109037	 83.109032	 83.109028	 83.109025	 83.109022	  83.10902	 83.109018	 83.109017	 83.109016	 83.109015	 83.109014	 83.109013	 83.109013	 83.109012	 83.109012	 83.109012	 83.109012	 83.109012	 83.109011	 83.109011	 83.109011	 83.109011	 83.109011	 83.109011	 83.109011	 83.109011	 83.109011	 83.109011	 83.109011	 83.109011	 83.109011	 83.109011	 83.109011	 83.109011	 83.109011	 83.109011	 83.109011	 83.109011	 83.109011	 83.109011	 83.109011	 83.109011	 83.109011	 83.109011	 83.109011	 83.109011	 83.109011	 83.109011	 83.109011	 83.109011	 83.109011	 83.109011	 83.109011	 83.109011	 83.109011	 83.109011	 83.109011	 83.109011	 83.109011	 83.109011	 83.109011	 83.109011	 83.109011	 83.109011	 83.109011	 83.109011	 83.109011	 83.109011	 83.109011	 83.109011	 83.109011	 83.109011	 83.109011	 83.109011	 83.109011	 83.109011	 83.109011	 83.109011	 83.109011	 83.109011	 83.109011	 83.109011	 83.109011	 83.109011	 83.109011	 83.109011	 83.109011	
        99	 98.374336	   97.7498	 97.127514	 96.508588	 95.894113	 95.285157	 94.682758	 94.087921	 93.501609	 92.924742	  92.35819	 91.802773	 91.259253	 90.728333	 90.210656	 89.706803	 89.217286	 88.742557	 88.282996	 87.838922	 87.410586	 86.998174	 86.601809	 86.221554	 85.857411	 85.509325	 85.177187	 84.860837	 84.560068	 84.274627	 84.004221	 83.748518	 83.507155	 83.279737	 83.065844	 82.865034	 82.676846	 82.500804	  82.33642	 82.183198	 82.040637	 81.908233	 81.785485	 81.671893	 81.566961	 81.470206	 81.381149	 81.299325	 81.224282	 81.155582	 81.092802	 81.035533	 80.983387	  80.93599	 80.892988	 80.854042	 80.818833	  80.78706	 80.758438	 80.732703	 80.709603	 80.688906	 80.670396	 80.653871	 80.639145	 80.626045	 80.614412	 80.604101	 80.594978	 80.586921	 80.579817	 80.573566	 80.568074	 80.563258	 80.559042	 80.555359	 80.552146	 80.549349	 80.546917	 80.544808	 80.542982	 80.541403	  80.54004	 80.538867	 80.537858	 80.536991	 80.536249	 80.535615	 80.535073	 80.534611	 80.534218	 80.533885	 80.533602	 80.533363	  80.53316	  80.53299	 80.532847	 80.532726	 80.532625	 80.532541	  80.53247	 80.532411	 80.532362	 80.532321	 80.532287	 80.532259	 80.532236	 80.532217	 80.532201	 80.532188	 80.532177	 80.532168	 80.532161	 80.532155	 80.532151	 80.532147	 80.532144	 80.532141	 80.532139	 80.532137	 80.532136	 80.532135	 80.532134	 80.532133	 80.532133	 80.532132	 80.532132	 80.532132	 80.532132	 80.532131	 80.532131	 80.532131	 80.532131	 80.532131	 80.532131	 80.532131	 80.532131	 80.532131	 80.532131	 80.532131	 80.532131	 80.532131	 80.532131	 80.532131	 80.532131	 80.532131	 80.532131	 80.532131	 80.532131	 80.532131	 80.532131	 80.532131	 80.532131	 80.532131	 80.532131	 80.532131	 80.532131	 80.532131	 80.532131	 80.532131	 80.532131	 80.532131	 80.532131	 80.532131	 80.532131	 80.532131	 80.532131	 80.532131	 80.532131	 80.532131	 80.532131	 80.532131	 80.532131	 80.532131	 80.532131	 80.532131	 80.532131	 80.532131	 80.532131	 80.532131	 80.532131	 80.532131	 80.532131	 80.532131	 80.532131	 80.532131	 80.532131	 80.532131	 80.532131	 80.532131	 80.532131	 80.532131	 80.532131	 80.532131	 80.532131	 80.532131	 80.532131	 80.532131	 80.532131	
        99	 98.288131	 97.577545	  96.86952	 96.165317	 95.466178	 94.773319	 94.087921	 93.411126	 92.744031	 92.087682	  91.44307	 90.811126	 90.192719	 89.588648	 88.999645	  88.42637	 87.869407	 87.329268	 86.806389	 86.301129	 85.813776	 85.344541	 84.893565	 84.460917	 84.046602	 83.650555	 83.272655	 82.912719	 82.570509	 82.245739	 81.938076	 81.647142	 81.372523	 81.113771	 80.870408	  80.64193	 80.427813	 80.227516	 80.040482	 79.866149	 79.703946	   79.5533	 79.413639	 79.284395	 79.165007	  79.05492	 78.953592	 78.860495	 78.775113	 78.696947	 78.625516	 78.560357	 78.501026	 78.447099	 78.398171	 78.353859	 78.313799	 78.277648	 78.245084	 78.215802	  78.18952	 78.165971	 78.144911	 78.126109	 78.109353	 78.094448	 78.081213	 78.069482	 78.059102	 78.049934	 78.041852	 78.034739	  78.02849	 78.023011	 78.018214	 78.014023	 78.010368	 78.007185	 78.004419	 78.002019	 77.999941	 77.998145	 77.996594	 77.995259	 77.994111	 77.993125	 77.992281	 77.991559	 77.990942	 77.990417	  77.98997	 77.989591	 77.989269	 77.988997	 77.988767	 77.988573	  77.98841	 77.988272	 77.988157	 77.988061	 77.987981	 77.987914	 77.987858	 77.987811	 77.987773	 77.987741	 77.987714	 77.987693	 77.987675	  77.98766	 77.987648	 77.987638	  77.98763	 77.987623	 77.987618	 77.987613	  77.98761	 77.987607	 77.987604	 77.987603	 77.987601	   77.9876	 77.987599	 77.987598	 77.987597	 77.987597	 77.987596	 77.987596	 77.987596	 77.987596	 77.987596	 77.987595	 77.987595	 77.987595	 77.987595	 77.987595	 77.987595	 77.987595	 77.987595	 77.987595	 77.987595	 77.987595	 77.987595	 77.987595	 77.987595	 77.987595	 77.987595	 77.987595	 77.987595	 77.987595	 77.987595	 77.987595	 77.987595	 77.987595	 77.987595	 77.987595	 77.987595	 77.987595	 77.987595	 77.987595	 77.987595	 77.987595	 77.987595	 77.987595	 77.987595	 77.987595	 77.987595	 77.987595	 77.987595	 77.987595	 77.987595	 77.987595	 77.987595	 77.987595	 77.987595	 77.987595	 77.987595	 77.987595	 77.987595	 77.987595	 77.987595	 77.987595	 77.987595	 77.987595	 77.987595	 77.987595	 77.987595	 77.987595	 77.987595	 77.987595	 77.987595	 77.987595	 77.987595	 77.987595	 77.987595	 77.987595	 77.987595	 77.987595	 77.987595	
        99	 98.203161	 97.407759	 96.615223	 95.826965	 95.044377	 94.268817	 93.501609	 92.744031	 91.997311	 91.262619	 90.541065	 89.833692	  89.14147	 88.465297	  87.80599	 87.164287	 86.540845	 85.936234	 85.350943	 84.785376	 84.239851	 83.714608	 83.209802	 82.725514	 82.261745	 81.818426	 81.395419	  80.99252	 80.609464	 80.245929	 79.901543	 79.575882	 79.268485	 78.978848	 78.706436	 78.450687	 78.211013	 77.986808	  77.77745	 77.582308	 77.400744	 77.232116	 77.075786	 76.931115	 76.797476	 76.674249	 76.560827	 76.456618	 76.361044	 76.273548	 76.193592	 76.120655	 76.054243	 75.993879	 75.939111	 75.889509	 75.844668	 75.804202	  75.76775	 75.734973	 75.705554	 75.679195	 75.655621	 75.634574	 75.615819	 75.599135	  75.58432	 75.571188	 75.559569	 75.549307	  75.54026	 75.532298	 75.525304	  75.51917	 75.513801	  75.50911	 75.505018	 75.501456	  75.49836	 75.495673	 75.493347	 75.491336	 75.489601	 75.488106	 75.486821	 75.485718	 75.484773	 75.483964	 75.483274	 75.482686	 75.482186	 75.481761	 75.481401	 75.481096	 75.480839	 75.480622	 75.480439	 75.480286	 75.480157	 75.480049	 75.479959	 75.479884	 75.479821	 75.479769	 75.479726	 75.479691	 75.479661	 75.479637	 75.479617	   75.4796	 75.479586	 75.479575	 75.479566	 75.479559	 75.479553	 75.479548	 75.479544	 75.479541	 75.479538	 75.479536	 75.479534	 75.479533	 75.479532	 75.479531	  75.47953	 75.479529	 75.479529	 75.479529	 75.479528	 75.479528	 75.479528	 75.479528	 75.479528	 75.479528	 75.479528	 75.479527	 75.479527	 75.479527	 75.479527	 75.479527	 75.479527	 75.479527	 75.479527	 75.479527	 75.479527	 75.479527	 75.479527	 75.479527	 75.479527	 75.479527	 75.479527	 75.479527	 75.479527	 75.479527	 75.479527	 75.479527	 75.479527	 75.479527	 75.479527	 75.479527	 75.479527	 75.479527	 75.479527	 75.479527	 75.479527	 75.479527	 75.479527	 75.479527	 75.479527	 75.479527	 75.479527	 75.479527	 75.479527	 75.479527	 75.479527	 75.479527	 75.479527	 75.479527	 75.479527	 75.479527	 75.479527	 75.479527	 75.479527	 75.479527	 75.479527	 75.479527	 75.479527	 75.479527	 75.479527	 75.479527	 75.479527	 75.479527	 75.479527	 75.479527	 75.479527	 75.479527	 75.479527	 75.479527	 75.479527	
        99	 98.119561	 97.240708	 96.365022	 95.494064	  94.62937	 93.772442	 92.924742	 92.087682	 91.262619	 90.450846	  89.65359	 88.872002	 88.107156	 87.360041	 86.631563	 85.922536	 85.233684	 84.565641	 83.918944	 83.294039	  82.69128	 82.110931	 81.553163	 81.018065	  80.50564	  80.01581	 79.548423	 79.103253	 78.680009	 78.278334	 77.897815	 77.537988	  77.19834	 76.878315	 76.577324	 76.294743	 76.029923	 75.782195	 75.550872	 75.335257	 75.134644	 74.948325	 74.775592	 74.615744	 74.468084	 74.331928	 74.206607	 74.091464	 73.985863	 73.889188	 73.800842	 73.720254	 73.646873	 73.580176	 73.519662	 73.464857	 73.415311	   73.3706	 73.330324	 73.294108	 73.261602	 73.232477	  73.20643	 73.183176	 73.162452	 73.144018	 73.127648	 73.113139	 73.100301	 73.088963	 73.078966	 73.070169	 73.062441	 73.055664	 73.049731	 73.044548	 73.040027	 73.036091	 73.032669	 73.029702	 73.027131	 73.024909	 73.022992	  73.02134	  73.01992	 73.018702	 73.017657	 73.016764	 73.016002	 73.015352	 73.014799	  73.01433	 73.013932	 73.013595	 73.013311	 73.013071	 73.012869	 73.012699	 73.012557	 73.012438	 73.012339	 73.012256	 73.012187	 73.012129	 73.012081	 73.012042	 73.012009	 73.011982	  73.01196	 73.011942	 73.011927	 73.011915	 73.011905	 73.011896	  73.01189	 73.011884	  73.01188	 73.011876	 73.011873	 73.011871	 73.011869	 73.011867	 73.011866	 73.011865	 73.011864	 73.011864	 73.011863	 73.011863	 73.011863	 73.011862	 73.011862	 73.011862	 73.011862	 73.011862	 73.011862	 73.011862	 73.011862	 73.011862	 73.011862	 73.011862	 73.011861	 73.011861	 73.011861	 73.011861	 73.011861	 73.011861	 73.011861	 73.011861	 73.011861	 73.011861	 73.011861	 73.011861	 73.011861	 73.011861	 73.011861	 73.011861	 73.011861	 73.011861	 73.011861	 73.011861	 73.011861	 73.011861	 73.011861	 73.011861	 73.011861	 73.011861	 73.011861	 73.011861	 73.011861	 73.011861	 73.011861	 73.011861	 73.011861	 73.011861	 73.011861	 73.011861	 73.011861	 73.011861	 73.011861	 73.011861	 73.011861	 73.011861	 73.011861	 73.011861	 73.011861	 73.011861	 73.011861	 73.011861	 73.011861	 73.011861	 73.011861	 73.011861	 73.011861	 73.011861	 73.011861	 73.011861	 73.011861	 73.011861	 73.011861	
        99	 98.037455	 97.076645	 96.119296	 95.167116	 94.221784	 93.284943	  92.35819	  91.44307	 90.541065	  89.65359	 88.781986	  87.92751	 87.091338	 86.274551	 85.478137	  84.70299	 83.949899	 83.219557	 82.512551	 81.829371	 81.170402	 80.535931	 79.926149	  79.34115	 78.780938	 78.245429	 77.734455	 77.247771	 76.785057	 76.345923	 75.929919	 75.536537	 75.165214	 74.815346	 74.486285	 74.177351	 73.887836	 73.617005	 73.364111	 73.128388	 72.909067	 72.705372	 72.516532	 72.341776	 72.180346	 72.031494	 71.894485	 71.768604	 71.653156	 71.547465	 71.450881	 71.362777	 71.282554	 71.209637	 71.143479	 71.083563	 71.029397	 70.980516	 70.936484	 70.896891	 70.861353	 70.829513	 70.801036	 70.775613	 70.752958	 70.732804	 70.714908	 70.699046	  70.68501	 70.672615	 70.661686	 70.652068	 70.643619	  70.63621	 70.629725	 70.624058	 70.619115	 70.614812	 70.611072	 70.607827	 70.605017	 70.602588	 70.600492	 70.598686	 70.597134	 70.595801	  70.59466	 70.593683	  70.59285	 70.592139	 70.591535	 70.591022	 70.590587	 70.590218	 70.589908	 70.589645	 70.589425	 70.589239	 70.589084	 70.588954	 70.588845	 70.588754	 70.588679	 70.588616	 70.588564	 70.588521	 70.588485	 70.588455	 70.588431	 70.588411	 70.588395	 70.588381	  70.58837	 70.588361	 70.588354	 70.588348	 70.588343	 70.588339	 70.588336	 70.588334	 70.588332	  70.58833	 70.588329	 70.588327	 70.588327	 70.588326	 70.588325	 70.588325	 70.588325	 70.588324	 70.588324	 70.588324	 70.588324	 70.588324	 70.588324	 70.588323	 70.588323	 70.588323	 70.588323	 70.588323	 70.588323	 70.588323	 70.588323	 70.588323	 70.588323	 70.588323	 70.588323	 70.588323	 70.588323	 70.588323	 70.588323	 70.588323	 70.588323	 70.588323	 70.588323	 70.588323	 70.588323	 70.588323	 70.588323	 70.588323	 70.588323	 70.588323	 70.588323	 70.588323	 70.588323	 70.588323	 70.588323	 70.588323	 70.588323	 70.588323	 70.588323	 70.588323	 70.588323	 70.588323	 70.588323	 70.588323	 70.588323	 70.588323	 70.588323	 70.588323	 70.588323	 70.588323	 70.588323	 70.588323	 70.588323	 70.588323	 70.588323	 70.588323	 70.588323	 70.588323	 70.588323	 70.588323	 70.588323	 70.588323	 70.588323	 70.588323	 70.588323	 70.588323	 70.588323	
        99	 97.956962	 96.915805	 95.878399	 94.846593	 93.822209	 92.807025	 91.802773	 90.811126	 89.833692	 88.872002	  87.92751	  87.00158	 86.095483	 85.210393	  84.34738	 83.507411	 82.691343	 81.899926	 81.133798	 80.393487	 79.679412	 78.991885	  78.33111	  77.69719	 77.090131	  76.50984	 75.956137	 75.428754	 74.927345	  74.45149	 74.000698	 73.574419	 73.172044	 72.792918	  72.43634	 72.101572	 71.787846	 71.494368	 71.220325	  70.96489	 70.727228	   70.5065	 70.301868	 70.112499	 69.937569	 69.776269	 69.627803	 69.491396	 69.366293	 69.251763	 69.147102	 69.051631	 68.964699	 68.885684	 68.813995	 68.749068	 68.690372	 68.637403	 68.589689	 68.546785	 68.508276	 68.473773	 68.442915	 68.415366	 68.390816	 68.368977	 68.349584	 68.332395	 68.317187	 68.303754	 68.291912	  68.28149	 68.272334	 68.264306	 68.257278	 68.251137	 68.245781	 68.241118	 68.237065	 68.233549	 68.230504	 68.227872	   68.2256	 68.223644	 68.221961	 68.220517	  68.21928	 68.218222	 68.217319	 68.216549	 68.215894	 68.215338	 68.214867	 68.214468	 68.214131	 68.213847	 68.213608	 68.213407	 68.213238	 68.213097	 68.212979	 68.212881	 68.212799	 68.212731	 68.212675	 68.212628	 68.212589	 68.212557	 68.212531	 68.212509	 68.212492	 68.212477	 68.212465	 68.212455	 68.212447	 68.212441	 68.212436	 68.212431	 68.212428	 68.212425	 68.212423	 68.212421	  68.21242	 68.212419	 68.212418	 68.212417	 68.212416	 68.212416	 68.212415	 68.212415	 68.212415	 68.212415	 68.212415	 68.212414	 68.212414	 68.212414	 68.212414	 68.212414	 68.212414	 68.212414	 68.212414	 68.212414	 68.212414	 68.212414	 68.212414	 68.212414	 68.212414	 68.212414	 68.212414	 68.212414	 68.212414	 68.212414	 68.212414	 68.212414	 68.212414	 68.212414	 68.212414	 68.212414	 68.212414	 68.212414	 68.212414	 68.212414	 68.212414	 68.212414	 68.212414	 68.212414	 68.212414	 68.212414	 68.212414	 68.212414	 68.212414	 68.212414	 68.212414	 68.212414	 68.212414	 68.212414	 68.212414	 68.212414	 68.212414	 68.212414	 68.212414	 68.212414	 68.212414	 68.212414	 68.212414	 68.212414	 68.212414	 68.212414	 68.212414	 68.212414	 68.212414	 68.212414	 68.212414	 68.212414	 68.212414	 68.212414	 68.212414	 68.212414	 68.212414	
        99	 97.878194	 96.758411	 95.642662	 94.532936	 93.431192	 92.339344	 91.259253	 90.192719	  89.14147	 88.107156	 87.091338	 86.095483	 85.120959	 84.169029	 83.240843	 82.337441	 81.459746	 80.608563	 79.784578	  78.98836	  78.22036	 77.480911	 76.770236	 76.088444	 75.435541	 74.811428	  74.21591	   73.6487	 73.109426	 72.597635	   72.1128	 71.654329	 71.221568	 70.813811	 70.430305	 70.070256	 69.732838	 69.417197	 69.122458	 68.847734	 68.592124	 68.354727	 68.134641	 67.930971	 67.742832	  67.56935	 67.409672	 67.262964	 67.128413	 67.005235	  66.89267	 66.789989	 66.696492	 66.611511	 66.534407	 66.464577	 66.401449	  66.34448	 66.293162	 66.247019	 66.205601	 66.168492	 66.135304	 66.105675	 66.079271	 66.055782	 66.034925	 66.016438	 66.000081	 65.985634	 65.972897	 65.961688	 65.951841	 65.943206	 65.935648	 65.929044	 65.923283	 65.918268	 65.913909	 65.910127	 65.906852	 65.904021	 65.901578	 65.899474	 65.897665	 65.896112	 65.894781	 65.893643	 65.892671	 65.891843	 65.891139	 65.890541	 65.890034	 65.889605	 65.889243	 65.888937	  65.88868	 65.888464	 65.888283	 65.888131	 65.888004	 65.887899	  65.88781	 65.887737	 65.887676	 65.887626	 65.887585	  65.88755	 65.887522	 65.887499	  65.88748	 65.887464	 65.887451	 65.887441	 65.887432	 65.887425	  65.88742	 65.887415	 65.887411	 65.887408	 65.887406	 65.887404	 65.887402	 65.887401	   65.8874	 65.887399	 65.887399	 65.887398	 65.887398	 65.887397	 65.887397	 65.887397	 65.887397	 65.887397	 65.887397	 65.887396	 65.887396	 65.887396	 65.887396	 65.887396	 65.887396	 65.887396	 65.887396	 65.887396	 65.887396	 65.887396	 65.887396	 65.887396	 65.887396	 65.887396	 65.887396	 65.887396	 65.887396	 65.887396	 65.887396	 65.887396	 65.887396	 65.887396	 65.887396	 65.887396	 65.887396	 65.887396	 65.887396	 65.887396	 65.887396	 65.887396	 65.887396	 65.887396	 65.887396	 65.887396	 65.887396	 65.887396	 65.887396	 65.887396	 65.887396	 65.887396	 65.887396	 65.887396	 65.887396	 65.887396	 65.887396	 65.887396	 65.887396	 65.887396	 65.887396	 65.887396	 65.887396	 65.887396	 65.887396	 65.887396	 65.887396	 65.887396	 65.887396	 65.887396	 65.887396	 65.887396	 65.887396	 65.887396	 65.887396	
        99	 97.801252	 96.604666	  95.41239	 94.226551	 93.049241	 91.882505	 90.728333	 89.588648	 88.465297	 87.360041	 86.274551	 85.210393	 84.169029	 83.151807	 82.159959	 81.194595	 80.256701	 79.347137	 78.466637	 77.615809	 76.795133	 76.004967	 75.245548	 74.516994	  73.81931	  73.15239	 72.516027	 71.909914	 71.333652	 70.786758	  70.26867	 69.778753	 69.316311	 68.880587	 68.470777	 68.086033	 67.725472	 67.388182	 67.073228	 66.779661	 66.506519	  66.25284	 66.017659	  65.80002	 65.598976	 65.413596	 65.242966	 65.086195	 64.942416	 64.810789	 64.690504	  64.58078	 64.480871	  64.39006	 64.307669	 64.233049	 64.165591	 64.104715	 64.049877	 64.000569	  63.95631	 63.916657	 63.881192	  63.84953	 63.821315	 63.796216	 63.773928	 63.754173	 63.736694	 63.721256	 63.707646	 63.695668	 63.685146	 63.675919	 63.667842	 63.660784	 63.654629	 63.649269	 63.644611	  63.64057	 63.637071	 63.634046	 63.631435	 63.629187	 63.627253	 63.625594	 63.624172	 63.622956	 63.621918	 63.621033	  63.62028	 63.619641	 63.619099	 63.618641	 63.618254	 63.617927	 63.617652	 63.617422	 63.617228	 63.617066	  63.61693	 63.616817	 63.616723	 63.616645	  63.61658	 63.616526	 63.616482	 63.616445	 63.616415	  63.61639	  63.61637	 63.616353	 63.616339	 63.616328	 63.616319	 63.616312	 63.616306	 63.616301	 63.616297	 63.616293	 63.616291	 63.616289	 63.616287	 63.616286	 63.616285	 63.616284	 63.616283	 63.616283	 63.616282	 63.616282	 63.616282	 63.616281	 63.616281	 63.616281	 63.616281	 63.616281	 63.616281	 63.616281	 63.616281	 63.616281	 63.616281	 63.616281	 63.616281	 63.616281	 63.616281	 63.616281	 63.616281	 63.616281	 63.616281	 63.616281	 63.616281	 63.616281	 63.616281	 63.616281	 63.616281	 63.616281	 63.616281	 63.616281	 63.616281	 63.616281	 63.616281	 63.616281	 63.616281	 63.616281	 63.616281	 63.616281	 63.616281	 63.616281	 63.616281	 63.616281	 63.616281	 63.616281	 63.616281	 63.616281	 63.616281	 63.616281	 63.616281	 63.616281	 63.616281	 63.616281	 63.616281	 63.616281	 63.616281	 63.616281	 63.616281	 63.616281	 63.616281	 63.616281	 63.616281	 63.616281	 63.616281	 63.616281	 63.616281	 63.616281	 63.616281	 63.616281	 63.616281	 63.616281	 63.616281	
        99	 97.726229	 96.454755	 95.187862	 93.927808	 92.676817	 91.437061	 90.210656	 88.999645	  87.80599	 86.631563	 85.478137	  84.34738	 83.240843	 82.159959	 81.106037	 80.080257	 79.083665	 78.117177	 77.181571	 76.277494	 75.405457	  74.56584	 73.758893	 72.984743	 72.243394	 71.534736	 70.858547	   70.2145	 69.602174	 69.021053	  68.47054	 67.949963	 67.458578	 66.995585	 66.560127	 66.151304	 65.768178	 65.409779	 65.075114	 64.763174	 64.472938	 64.203382	 63.953483	 63.722223	 63.508597	 63.311615	 63.130306	 62.963724	 62.810947	 62.671082	 62.543269	 62.426678	 62.320516	 62.224022	 62.136474	 62.057185	 61.985504	 61.920818	 61.862549	 61.810154	 61.763126	 61.720991	 61.683306	 61.649664	 61.619682	 61.593012	  61.56933	 61.548339	 61.529766	 61.513362	 61.498899	 61.486172	 61.474991	 61.465186	 61.456604	 61.449105	 61.442564	 61.436869	  61.43192	 61.427626	 61.423907	 61.420693	 61.417919	  61.41553	 61.413475	 61.411712	 61.410201	 61.408909	 61.407806	 61.406866	 61.406066	 61.405387	 61.404811	 61.404324	 61.403913	 61.403566	 61.403274	 61.403028	 61.402823	  61.40265	 61.402506	 61.402386	 61.402286	 61.402203	 61.402134	 61.402077	  61.40203	 61.401991	 61.401959	 61.401932	 61.401911	 61.401893	 61.401878	 61.401866	 61.401857	 61.401849	 61.401842	 61.401837	 61.401833	  61.40183	 61.401827	 61.401825	 61.401823	 61.401822	  61.40182	 61.401819	 61.401819	 61.401818	 61.401818	 61.401817	 61.401817	 61.401817	 61.401817	 61.401816	 61.401816	 61.401816	 61.401816	 61.401816	 61.401816	 61.401816	 61.401816	 61.401816	 61.401816	 61.401816	 61.401816	 61.401816	 61.401816	 61.401816	 61.401816	 61.401816	 61.401816	 61.401816	 61.401816	 61.401816	 61.401816	 61.401816	 61.401816	 61.401816	 61.401816	 61.401816	 61.401816	 61.401816	 61.401816	 61.401816	 61.401816	 61.401816	 61.401816	 61.401816	 61.401816	 61.401816	 61.401816	 61.401816	 61.401816	 61.401816	 61.401816	 61.401816	 61.401816	 61.401816	 61.401816	 61.401816	 61.401816	 61.401816	 61.401816	 61.401816	 61.401816	 61.401816	 61.401816	 61.401816	 61.401816	 61.401816	 61.401816	 61.401816	 61.401816	 61.401816	 61.401816	 61.401816	 61.401816	 61.401816	 61.401816	
        99	  97.65321	 96.308848	 94.969329	 93.637042	 92.314337	 91.003512	 89.706803	  88.42637	 87.164287	 85.922536	  84.70299	 83.507411	 82.337441	 81.194595	 80.080257	 78.995672	 77.941951	 76.920058	 75.930819	 74.974915	 74.052888	 73.165139	 72.311933	 71.493405	 70.709558	 69.960275	 69.245323	 68.564357	 67.916928	 67.302494	 66.720423	 66.170003	  65.65045	 65.160915	 64.700495	 64.268236	 63.863147	 63.484202	 63.130352	  62.80053	 62.493656	 62.208648	 61.944423	 61.699906	 61.474034	  61.26576	 61.074058	 60.897926	 60.736391	 60.588508	 60.453368	 60.330094	 60.217845	  60.11582	 60.023253	 59.939419	 59.863629	 59.795235	 59.733626	 59.678227	 59.628503	 59.583952	 59.544108	 59.508536	 59.476837	 59.448638	 59.423598	 59.401403	 59.381765	 59.364421	  59.34913	 59.335672	 59.323851	 59.313484	  59.30441	 59.296481	 59.289565	 59.283544	  59.27831	  59.27377	 59.269839	  59.26644	 59.263507	 59.260981	 59.258808	 59.256944	 59.255347	  59.25398	 59.252814	  59.25182	 59.250974	 59.250256	 59.249648	 59.249133	 59.248698	 59.248331	 59.248022	 59.247763	 59.247545	 59.247363	 59.247211	 59.247084	 59.246978	  59.24689	 59.246817	 59.246757	 59.246707	 59.246666	 59.246632	 59.246604	 59.246581	 59.246562	 59.246547	 59.246534	 59.246524	 59.246516	 59.246509	 59.246503	 59.246499	 59.246495	 59.246492	  59.24649	 59.246488	 59.246487	 59.246485	 59.246484	 59.246484	 59.246483	 59.246483	 59.246482	 59.246482	 59.246482	 59.246481	 59.246481	 59.246481	 59.246481	 59.246481	 59.246481	 59.246481	 59.246481	 59.246481	 59.246481	 59.246481	 59.246481	 59.246481	 59.246481	 59.246481	 59.246481	 59.246481	 59.246481	 59.246481	 59.246481	 59.246481	 59.246481	 59.246481	 59.246481	 59.246481	 59.246481	 59.246481	 59.246481	 59.246481	 59.246481	 59.246481	 59.246481	 59.246481	 59.246481	 59.246481	 59.246481	 59.246481	 59.246481	 59.246481	 59.246481	 59.246481	 59.246481	 59.246481	 59.246481	 59.246481	 59.246481	 59.246481	 59.246481	 59.246481	 59.246481	 59.246481	 59.246481	 59.246481	 59.246481	 59.246481	 59.246481	 59.246481	 59.246481	 59.246481	 59.246481	 59.246481	 59.246481	 59.246481	 59.246481	 59.246481	 59.246481	 59.246481	
        99	 97.582268	 96.167092	 94.757015	  93.35455	 91.962172	   90.5823	 89.217286	 87.869407	 86.540845	 85.233684	 83.949899	 82.691343	 81.459746	 80.256701	 79.083665	 77.941951	 76.832724	 75.757004	 74.715657	 73.709401	 72.738806	 71.804295	 70.906148	 70.044503	 69.219368	 68.430617	 67.678005	 66.961168	 66.279637	 65.632838	 65.020107	 64.440693	 63.893773	 63.378452	 62.893779	 62.438751	 62.012324	 61.613418	  61.24093	 60.893734	 60.570696	 60.270675	 59.992532	 59.735135	 59.497365	  59.27812	 59.076321	 58.890911	 58.720867	 58.565195	 58.422936	 58.293169	 58.175008	 58.067608	 57.970165	 57.881915	 57.802133	 57.730136	 57.665282	 57.606965	 57.554622	 57.507725	 57.465781	 57.428336	 57.394966	 57.365282	 57.338923	 57.315559	 57.294887	 57.276629	 57.260533	 57.246367	 57.233922	 57.223009	 57.213457	  57.20511	  57.19783	 57.191492	 57.185983	 57.181204	 57.177065	 57.173487	   57.1704	  57.16774	 57.165454	 57.163491	 57.161809	 57.160371	 57.159143	 57.158097	 57.157207	 57.156451	  57.15581	 57.155268	  57.15481	 57.154424	 57.154099	 57.153826	 57.153597	 57.153405	 57.153245	 57.153111	    57.153	 57.152908	 57.152831	 57.152767	 57.152715	 57.152671	 57.152636	 57.152606	 57.152582	 57.152562	 57.152546	 57.152533	 57.152522	 57.152513	 57.152506	   57.1525	 57.152496	 57.152492	 57.152489	 57.152486	 57.152484	 57.152483	 57.152482	 57.152481	  57.15248	 57.152479	 57.152479	 57.152478	 57.152478	 57.152478	 57.152477	 57.152477	 57.152477	 57.152477	 57.152477	 57.152477	 57.152477	 57.152477	 57.152477	 57.152477	 57.152477	 57.152477	 57.152477	 57.152477	 57.152477	 57.152477	 57.152477	 57.152477	 57.152477	 57.152477	 57.152477	 57.152477	 57.152477	 57.152477	 57.152477	 57.152477	 57.152477	 57.152477	 57.152477	 57.152477	 57.152477	 57.152477	 57.152477	 57.152477	 57.152477	 57.152477	 57.152477	 57.152477	 57.152477	 57.152477	 57.152477	 57.152477	 57.152477	 57.152477	 57.152477	 57.152477	 57.152477	 57.152477	 57.152477	 57.152477	 57.152477	 57.152477	 57.152477	 57.152477	 57.152477	 57.152477	 57.152477	 57.152477	 57.152477	 57.152477	 57.152477	 57.152477	 57.152477	 57.152477	 57.152477	 57.152477	 57.152477	
