Time step 65:
        99	        99	        99	        99	        99	        99	        99	        99	        99	        99	        99	        99	        99	        99	        99	        99	        99	        99	        99	        99	        99	        99	        99	        99	        99	        99	        99	        99	        99	        99	        99	        99	        99	        99	        99	        99	        99	        99	        99	        99	        99	        99	        99	        99	        99	        99	        99	        99	        99	        99	        99	        99	        99	        99	        99	        99	        99	        99	        99	        99	        99	        99	        99	        99	        99	        99	        99	        99	        99	        99	        99	        99	        99	        99	        99	        99	        99	        99	        99	        99	        99	        99	        99	        99	        99	        99	        99	        99	        99	        99	        99	        99	        99	        99	        99	        99	        99	        99	        99	        99	        99	        99	        99	        99	        99	        99	        99	        99	        99	        99	        99	        99	        99	        99	        99	        99	        99	        99	        99	        99	        99	        99	        99	        99	        99	        99	        99	        99	        99	        99	        99	        99	        99	        99	        99	        99	        99	        99	        99	        99	        99	        99	        99	        99	        99	        99	        99	        99	        99	        99	        99	        99	        99	        99	        99	        99	        99	        99	        99	        99	        99	        99	        99	        99	        99	        99	        99	        99	        99	        99	        99	        99	        99	        99	        99	        99	        99	        99	        99	        99	        99	        99	        99	        99	        99	        99	        99	        99	        99	        99	        99	        99	        99	        99	        99	        99	        99	        99	        99	        99	
        99	 98.990231	 98.980465	 98.970702	 98.960944	 98.951194	 98.941454	 98.931725	  98.92201	 98.912309	 98.902625	  98.89296	 98.883316	 98.873694	 98.864097	 98.854525	 98.844982	 98.835468	 98.825985	 98.816536	 98.807121	 98.797743	 98.788403	 98.779103	 98.769844	 98.760628	 98.751457	 98.742332	 98.733255	 98.724227	  98.71525	 98.706325	 98.697454	 98.688638	 98.679878	 98.671175	 98.662532	 98.653949	 98.645427	 98.636968	 98.628573	 98.620242	 98.611978	 98.603781	 98.595652	 98.587593	 98.579603	 98.571685	 98.563839	 98.556065	 98.548365	 98.540739	 98.533189	 98.525715	 98.518317	 98.510996	 98.503753	 98.496589	 98.489503	 98.482497	 98.475571	 98.468724	 98.461959	 98.455275	 98.448671	  98.44215	  98.43571	 98.429353	 98.423077	 98.416884	 98.410773	 98.404745	   98.3988	 98.392937	 98.387157	 98.381459	 98.375844	 98.370311	  98.36486	 98.359491	 98.354204	 98.348999	 98.343874	 98.338831	 98.333869	 98.328987	 98.324185	 98.319462	 98.314819	 98.310254	 98.305768	  98.30136	 98.297029	 98.292774	 98.288596	 98.284494	 98.280467	 98.276514	 98.272635	 98.268829	 98.265096	 98.261435	 98.257845	 98.254326	 98.250877	 98.247496	 98.244185	  98.24094	 98.237763	 98.234652	 98.231606	 98.228625	 98.225708	 98.222854	 98.220062	 98.217331	 98.214661	 98.212051	   98.2095	 98.207007	 98.204571	 98.202192	 98.199868	   98.1976	 98.195385	 98.193224	 98.191114	 98.189057	  98.18705	 98.185093	 98.183185	 98.181325	 98.179513	 98.177747	 98.176028	 98.174353	 98.172722	 98.171135	  98.16959	 98.168087	 98.166626	 98.165204	 98.163823	  98.16248	 98.161175	 98.159907	 98.158676	 98.157481	 98.156321	 98.155196	 98.154104	 98.153046	  98.15202	 98.151026	 98.150063	 98.149131	 98.148229	 98.147356	 98.146512	 98.145696	 98.144907	 98.144146	 98.143411	 98.142702	 98.142018	  98.14136	 98.140725	 98.140115	 98.139528	 98.138964	 98.138423	 98.137904	 98.137407	 98.136931	 98.136476	 98.136041	 98.135627	 98.135233	 98.134858	 98.134502	 98.134166	 98.133848	 98.133548	 98.133266	 98.133003	 98.132756	 98.132528	 98.132316	 98.132121	 98.131944	 98.131783	 98.131638	  98.13151	 98.131398	 98.131302	 98.131223	 98.131159	 98.131111	  98.13108	 98.131064	
        99	 98.980465	 98.960933	 98.941409	 98.921896	 98.902398	  98.88292	 98.863464	 98.844034	 98.824635	  98.80527	 98.785942	 98.766655	 98.747413	  98.72822	 98.709079	 98.689994	 98.670968	 98.652004	 98.633107	  98.61428	 98.595525	 98.576847	 98.558248	 98.539732	 98.521303	 98.502963	 98.484715	 98.466562	 98.448509	 98.430556	 98.412708	 98.394967	 98.377336	 98.359817	 98.342414	 98.325129	 98.307964	 98.290922	 98.274006	 98.257217	 98.240558	 98.224032	 98.207639	 98.191383	 98.175266	 98.159288	 98.143453	 98.127762	 98.112216	 98.096818	 98.081568	 98.066469	 98.051522	 98.036727	 98.022087	 98.007603	 97.993275	 97.979105	 97.965094	 97.951243	 97.937552	 97.924022	 97.910655	  97.89745	 97.884408	  97.87153	 97.858816	 97.846266	 97.833881	 97.821661	 97.809607	 97.797717	 97.785992	 97.774433	 97.763038	 97.751809	 97.740744	 97.729843	 97.719107	 97.708534	 97.698124	 97.687876	 97.677791	 97.667867	 97.658104	 97.648501	 97.639056	 97.629771	 97.620643	 97.611671	 97.602855	 97.594194	 97.585686	 97.577331	 97.569127	 97.561073	 97.553168	 97.545411	 97.537801	 97.530335	 97.523014	 97.515835	 97.508797	 97.501899	 97.495139	 97.488516	 97.482028	 97.475674	 97.469453	 97.463362	   97.4574	 97.451566	 97.445858	 97.440275	 97.434814	 97.429475	 97.424255	 97.419153	 97.414168	 97.409297	 97.404539	 97.399892	 97.395355	 97.390926	 97.386604	 97.382386	 97.378271	 97.374258	 97.370344	 97.366529	  97.36281	 97.359186	 97.355655	 97.352215	 97.348866	 97.345605	 97.342431	 97.339342	 97.336336	 97.333413	 97.330571	 97.327808	 97.325122	 97.322512	 97.319977	 97.317516	 97.315126	 97.312807	 97.310556	 97.308373	 97.306257	 97.304205	 97.302217	 97.300292	 97.298428	 97.296623	 97.294877	 97.293189	 97.291557	  97.28998	 97.288458	 97.286988	  97.28557	 97.284203	 97.282886	 97.281618	 97.280397	 97.279224	 97.278096	 97.277014	 97.275976	 97.274981	  97.27403	  97.27312	 97.272251	 97.271422	 97.270634	 97.269884	 97.269173	   97.2685	 97.267864	 97.267264	 97.266701	 97.266173	 97.265681	 97.265224	 97.264801	 97.264411	 97.264056	 97.263734	 97.263445	 97.263189	 97.262965	 97.262773	 97.262614	 97.262487	 97.262392	 97.262328	 97.262296	
        99	 98.970702	 98.941409	 98.912127	 98.882863	 98.853621	 98.824408	 98.795229	 98.766089	 98.736995	 98.707952	 98.678965	 98.650039	 98.621181	 98.592396	 98.563689	 98.535066	 98.506531	 98.478091	  98.44975	 98.421513	 98.393386	 98.365373	 98.337479	  98.30971	 98.282071	 98.254565	 98.227197	 98.199973	 98.172897	 98.145972	 98.119204	 98.092597	 98.066155	 98.039881	 98.013781	 97.987857	 97.962114	 97.936556	 97.911185	 97.886006	 97.861022	 97.836236	 97.811651	 97.787271	 97.763099	 97.739137	 97.715388	 97.691854	  97.66854	 97.645446	 97.622575	  97.59993	 97.577513	 97.555325	 97.533368	 97.511645	 97.490157	 97.468906	 97.447893	 97.427119	 97.406586	 97.386295	 97.366247	 97.346443	 97.326883	 97.307569	 97.288501	  97.26968	 97.251105	 97.232778	 97.214699	 97.196867	 97.179283	 97.161947	 97.144858	 97.128016	 97.111422	 97.095073	 97.078971	 97.063114	 97.047502	 97.032133	 97.017007	 97.002124	 96.987481	 96.973079	 96.958915	 96.944989	 96.931299	 96.917844	 96.904622	 96.891632	 96.878872	 96.866341	 96.854037	 96.841959	 96.830103	  96.81847	 96.807056	  96.79586	 96.784879	 96.774112	 96.763557	 96.753212	 96.743074	 96.733141	 96.723411	 96.713881	 96.704551	 96.695416	 96.686475	 96.677725	 96.669165	 96.660791	 96.652601	 96.644593	 96.636765	 96.629113	 96.621636	 96.614331	 96.607195	 96.600227	 96.593422	  96.58678	 96.580297	 96.573972	 96.567801	 96.561782	 96.555912	  96.55019	 96.544612	 96.539177	 96.533881	 96.528723	   96.5237	 96.518809	 96.514048	 96.509416	 96.504909	 96.500525	 96.496262	 96.492117	 96.488089	 96.484176	 96.480374	 96.476682	 96.473098	 96.469619	 96.466244	 96.462971	 96.459796	  96.45672	 96.453738	 96.450851	 96.448055	 96.445348	  96.44273	 96.440198	 96.437751	 96.435386	 96.433102	 96.430898	 96.428771	 96.426721	 96.424746	 96.422843	 96.421013	 96.419253	 96.417562	 96.415939	 96.414382	 96.412891	 96.411463	 96.410099	 96.408796	 96.407553	  96.40637	 96.405246	  96.40418	  96.40317	 96.402216	 96.401317	 96.400472	 96.399681	 96.398943	 96.398257	 96.397622	 96.397039	 96.396505	 96.396022	 96.395589	 96.395204	 96.394869	 96.394582	 96.394343	 96.394152	 96.394009	 96.393914	 96.393866	
        99	 98.960944	 98.921896	 98.882863	 98.843853	 98.804873	 98.765931	 98.727034	  98.68819	 98.649406	  98.61069	  98.57205	 98.533491	 98.495023	 98.456652	 98.418384	 98.380228	 98.342191	 98.304279	 98.266499	 98.228859	 98.191364	 98.154022	 98.116839	 98.079822	 98.042978	 98.006311	  97.96983	 97.933539	 97.897445	 97.861554	 97.825872	 97.790403	 97.755155	 97.720132	 97.685339	 97.650782	 97.616466	 97.582396	 97.548576	 97.515011	 97.481707	 97.448666	 97.415894	 97.383395	 97.351172	  97.31923	 97.287571	 97.256201	 97.225122	 97.194337	  97.16385	 97.133663	  97.10378	 97.074203	 97.044934	 97.015977	 96.987332	 96.959004	 96.930992	   96.9033	 96.875929	 96.848881	 96.822156	 96.795756	 96.769683	 96.743936	 96.718518	 96.693429	 96.668669	 96.644238	 96.620138	 96.596367	 96.572927	 96.549817	 96.527037	 96.504587	 96.482466	 96.460673	 96.439208	  96.41807	 96.397258	 96.376772	 96.356609	 96.336769	  96.31725	 96.298051	  96.27917	 96.260606	 96.242357	  96.22442	 96.206795	 96.189479	  96.17247	 96.155766	 96.139365	 96.123263	  96.10746	 96.091952	 96.076737	 96.061812	 96.047175	 96.032822	 96.018752	 96.004961	 95.991447	 95.978206	 95.965235	 95.952532	 95.940094	 95.927917	 95.915999	 95.904335	 95.892924	 95.881761	 95.870844	 95.860169	 95.849734	 95.839534	 95.829567	 95.819829	 95.810317	 95.801027	 95.791957	 95.783102	 95.774461	 95.766029	 95.757802	 95.749779	 95.741954	 95.734326	 95.726891	 95.719646	 95.712586	  95.70571	 95.699014	 95.692495	 95.686149	 95.679973	 95.673965	 95.668121	 95.662439	 95.656914	 95.651545	 95.646328	  95.64126	 95.636338	 95.631561	 95.626923	 95.622424	  95.61806	 95.613829	 95.609728	 95.605754	 95.601904	 95.598177	 95.594569	 95.591079	 95.587704	 95.584441	 95.581289	 95.578245	 95.575306	 95.572472	 95.569739	 95.567105	  95.56457	  95.56213	 95.559784	  95.55753	 95.555366	 95.553291	 95.551303	   95.5494	  95.54758	 95.545843	 95.544187	 95.542611	 95.541112	  95.53969	 95.538344	 95.537072	 95.535874	 95.534748	 95.533694	 95.532709	 95.531795	 95.530949	 95.530171	  95.52946	 95.528816	 95.528238	 95.527726	 95.527279	 95.526896	 95.526578	 95.526323	 95.526133	 95.526006	 95.525942	
        99	 98.951194	 98.902398	 98.853621	 98.804873	 98.756162	 98.707498	 98.658892	 98.610351	 98.561886	 98.513505	 98.465218	 98.417034	 98.368963	 98.321012	 98.273192	 98.225511	 98.177978	 98.130602	 98.083391	 98.036354	 97.989499	 97.942836	 97.896371	 97.850113	  97.80407	 97.758251	 97.712662	 97.667312	 97.622208	 97.577357	 97.532767	 97.488445	 97.444397	 97.400631	 97.357152	 97.313969	 97.271086	 97.228511	 97.186248	 97.144305	 97.102686	 97.061397	 97.020444	 96.979832	 96.939565	 96.899649	 96.860088	 96.820886	 96.782048	 96.743578	  96.70548	 96.667758	 96.630415	 96.593454	 96.556879	 96.520693	 96.484898	 96.449498	 96.414494	 96.379889	 96.345685	 96.311884	 96.278488	 96.245498	 96.212915	 96.180742	 96.148978	 96.117625	 96.086684	 96.056155	 96.026038	 95.996334	 95.967043	 95.938164	 95.909697	 95.881642	 95.853999	 95.826766	 95.799942	 95.773528	  95.74752	 95.721919	 95.696723	  95.67193	 95.647539	 95.623547	 95.599953	 95.576754	 95.553949	 95.531536	 95.509511	 95.487872	 95.466617	 95.445743	 95.425247	 95.405126	 95.385378	 95.365998	 95.346985	 95.328334	 95.310043	 95.292108	 95.274525	 95.257292	 95.240403	 95.223857	 95.207649	 95.191775	 95.176231	 95.161015	 95.146121	 95.131546	 95.117286	 95.103336	 95.089694	 95.076355	 95.063314	 95.050568	 95.038112	 95.025943	 95.014057	 95.002448	 94.991114	 94.980049	  94.96925	 94.958713	 94.948433	 94.938406	 94.928629	 94.919097	 94.909805	 94.900751	 94.891929	 94.883337	 94.874969	 94.866822	 94.858892	 94.851175	 94.843667	 94.836364	 94.829263	 94.822359	  94.81565	  94.80913	 94.802797	 94.796647	 94.790677	 94.784882	  94.77926	 94.773807	 94.768519	 94.763394	 94.758427	 94.753617	 94.748959	 94.744451	  94.74009	 94.735872	 94.731795	 94.727856	 94.724051	 94.720379	 94.716837	 94.713422	 94.710131	 94.706963	 94.703914	 94.700982	 94.698165	 94.695461	 94.692868	 94.690384	 94.688005	 94.685732	 94.683562	 94.681492	 94.679522	 94.677649	 94.675872	  94.67419	 94.672601	 94.671104	 94.669697	 94.668379	 94.667149	 94.666006	 94.664949	 94.663977	 94.663089	 94.662284	 94.661562	 94.660921	 94.660362	 94.659884	 94.659486	 94.659168	  94.65893	 94.658772	 94.658692	
        99	 98.941454	  98.88292	 98.824408	 98.765931	 98.707498	 98.649123	 98.590816	 98.532587	  98.47445	 98.416413	  98.35849	  98.30069	 98.243025	 98.185505	 98.128141	 98.070944	 98.013925	 97.957094	 97.900461	 97.844036	 97.787831	 97.731854	 97.676116	 97.620627	 97.565395	 97.510431	 97.455744	 97.401344	 97.347238	 97.293436	 97.239947	 97.186779	  97.13394	  97.08144	 97.029284	 96.977482	 96.926042	 96.874969	 96.824272	 96.773958	 96.724033	 96.674505	 96.625378	 96.576661	 96.528358	 96.480475	 96.433019	 96.385994	 96.339405	 96.293258	 96.247556	 96.202305	  96.15751	 96.113172	 96.069298	  96.02589	 95.982952	 95.940486	 95.898496	 95.856985	 95.815955	 95.775408	 95.735347	 95.695773	 95.656688	 95.618094	 95.579991	 95.542381	 95.505265	 95.468643	 95.432516	 95.396883	 95.361746	 95.327104	 95.292956	 95.259302	 95.226142	 95.193474	 95.161297	 95.129611	 95.098413	 95.067703	 95.037478	 95.007737	 94.978478	 94.949698	 94.921395	 94.893567	 94.866211	 94.839324	 94.812903	 94.786946	 94.761449	 94.736409	 94.711823	 94.687686	 94.663997	  94.64075	 94.617942	 94.595569	 94.573627	 94.552113	 94.531021	 94.510348	 94.490089	 94.470241	 94.450798	 94.431756	  94.41311	 94.394857	  94.37699	 94.359507	 94.342401	 94.325667	 94.309303	 94.293301	 94.277658	 94.262368	 94.247427	 94.232829	  94.21857	 94.204645	 94.191048	 94.177775	 94.164821	 94.152181	 94.139849	 94.127822	 94.116093	 94.104658	 94.093513	 94.082651	 94.072069	 94.061762	 94.051724	 94.041951	 94.032438	 94.023181	 94.014175	 94.005415	 93.996896	 93.988615	 93.980566	 93.972746	 93.965149	 93.957771	 93.950609	 93.943658	 93.936914	 93.930372	 93.924029	 93.917881	 93.911924	 93.906153	 93.900566	 93.895158	 93.889927	 93.884867	 93.879976	 93.875251	 93.870687	 93.866282	 93.862033	 93.857936	 93.853989	 93.850188	 93.846531	 93.843014	 93.839635	 93.836391	 93.833281	   93.8303	 93.827448	 93.824721	 93.822117	 93.819634	 93.817271	 93.815024	 93.812893	 93.810875	 93.808969	 93.807173	 93.805485	 93.803904	 93.802429	 93.801058	 93.799789	 93.798623	 93.797558	 93.796593	 93.795726	 93.794958	 93.794288	 93.793714	 93.793237	 93.792855	  93.79257	  93.79238	 93.792284	
        99	 98.931725	 98.863464	 98.795229	 98.727034	 98.658892	 98.590816	 98.522819	 98.454915	 98.387116	 98.319435	 98.251886	 98.184481	 98.117233	 98.050155	 97.983259	 97.916557	 97.850063	 97.783787	 97.717743	 97.651943	 97.586397	 97.521118	 97.456118	 97.391407	 97.326998	   97.2629	 97.199126	 97.135685	 97.072588	 97.009846	 96.947468	 96.885465	 96.823846	  96.76262	 96.701798	 96.641388	 96.581399	 96.521839	 96.462718	 96.404043	 96.345822	 96.288063	 96.230773	 96.173959	  96.11763	  96.06179	 96.006448	 95.951608	 95.897277	 95.843461	 95.790165	 95.737395	 95.685155	  95.63345	 95.582285	 95.531664	  95.48159	 95.432067	   95.3831	 95.334691	 95.286842	 95.239558	 95.192839	 95.146689	 95.101109	 95.056101	 95.011667	 94.967807	 94.924523	 94.881815	 94.839684	 94.798131	 94.757155	 94.716755	 94.676933	 94.637687	 94.599016	 94.560919	 94.523396	 94.486444	 94.450062	 94.414249	 94.379001	 94.344318	 94.310196	 94.276634	 94.243628	 94.211175	 94.179273	 94.147918	 94.117107	 94.086836	 94.057103	 94.027901	 93.999229	 93.971082	 93.943456	 93.916346	 93.889748	 93.863657	 93.838069	 93.812979	 93.788383	 93.764274	 93.740649	 93.717502	 93.694828	 93.672622	 93.650878	 93.629591	 93.608756	 93.588367	 93.568418	 93.548904	  93.52982	 93.511159	 93.492916	 93.475086	 93.457662	 93.440638	  93.42401	  93.40777	 93.391914	 93.376436	 93.361329	 93.346588	 93.332208	 93.318181	 93.304504	 93.291169	 93.278171	 93.265505	 93.253164	 93.241144	 93.229438	 93.218041	 93.206948	 93.196152	 93.185649	 93.175433	 93.165499	 93.155842	 93.146455	 93.137335	 93.128476	 93.119873	  93.11152	 93.103414	 93.095549	 93.087921	 93.080524	 93.073354	 93.066406	 93.059677	 93.053161	 93.046855	 93.040754	 93.034853	  93.02915	 93.023639	 93.018317	  93.01318	 93.008225	 93.003448	 92.998844	 92.994412	 92.990146	 92.986045	 92.982105	 92.978322	 92.974695	 92.971219	 92.967892	 92.964712	 92.961676	  92.95878	 92.956024	 92.953404	 92.950919	 92.948566	 92.946343	 92.944248	  92.94228	 92.940436	 92.938716	 92.937117	 92.935638	 92.934278	 92.933036	  92.93191	   92.9309	 92.930004	 92.929222	 92.928553	 92.927996	 92.927552	 92.927219	 92.926997	 92.926886	
        99	  98.92201	 98.844034	 98.766089	  98.68819	 98.610351	 98.532587	 98.454915	 98.377347	   98.2999	 98.222589	 98.145427	  98.06843	 97.991613	 97.914989	 97.838573	  97.76238	 97.686423	 97.610716	 97.535274	  97.46011	 97.385237	 97.310669	 97.236419	   97.1625	 97.088925	 97.015706	 96.942856	 96.870387	 96.798311	 96.726641	 96.655386	  96.58456	 96.514172	 96.444234	 96.374757	  96.30575	 96.237225	  96.16919	 96.101655	  96.03463	 95.968124	 95.902145	 95.836703	 95.771805	  95.70746	 95.643674	 95.580456	 95.517812	  95.45575	 95.394276	 95.333396	 95.273116	 95.213443	  95.15438	 95.095934	 95.038109	 94.980909	  94.92434	 94.868404	 94.813106	 94.758449	 94.704435	 94.651069	 94.598351	 94.546285	 94.494872	 94.444115	 94.394014	  94.34457	 94.295785	 94.247659	 94.200192	 94.153385	 94.107237	 94.061747	 94.016916	 93.972742	 93.929224	 93.886361	 93.844151	 93.802592	 93.761682	 93.721419	   93.6818	 93.642823	 93.604484	 93.566781	 93.529711	 93.493269	 93.457452	 93.422257	 93.387678	 93.353713	 93.320357	 93.287604	 93.255452	 93.223894	 93.192926	 93.162543	  93.13274	 93.103511	  93.07485	 93.046754	 93.019215	 92.992227	 92.965787	 92.939886	  92.91452	 92.889682	 92.865366	 92.841565	 92.818275	 92.795487	 92.773197	 92.751397	  92.73008	 92.709241	 92.688874	  92.66897	 92.649524	 92.630529	 92.611979	 92.593867	 92.576185	 92.558929	 92.542091	 92.525663	 92.509641	 92.494017	 92.478785	 92.463937	 92.449469	 92.435372	 92.421641	 92.408269	 92.395251	 92.382579	 92.370247	 92.358249	  92.34658	 92.335232	   92.3242	 92.313478	  92.30306	  92.29294	 92.283113	 92.273572	 92.264312	 92.255328	 92.246613	 92.238164	 92.229974	 92.222038	 92.214351	 92.206908	 92.199704	 92.192735	 92.185995	 92.179479	 92.173185	 92.167105	 92.161238	 92.155577	  92.15012	 92.144861	 92.139798	 92.134926	 92.130241	  92.12574	 92.121419	 92.117275	 92.113305	 92.109505	 92.105872	 92.102403	 92.099096	 92.095948	 92.092955	 92.090116	 92.087428	 92.084889	 92.082496	 92.080248	 92.078142	 92.076176	  92.07435	 92.072661	 92.071107	 92.069688	 92.068402	 92.067248	 92.066225	 92.065331	 92.064567	 92.063932	 92.063424	 92.063043	  92.06279	 92.062663	
        99	 98.912309	 98.824635	 98.736995	 98.649406	 98.561886	  98.47445	 98.387116	   98.2999	  98.21282	 98.125893	 98.039134	  97.95256	 97.866187	 97.780033	 97.694112	 97.608442	 97.523037	 97.437914	 97.353088	 97.268575	 97.184389	 97.100546	 97.017061	 96.933948	 96.851221	 96.768895	 96.686984	 96.605501	 96.524461	 96.443875	 96.363758	 96.284122	  96.20498	 96.126343	 96.048224	 95.970634	 95.893585	 95.817087	 95.741153	 95.665791	 95.591013	 95.516828	 95.443246	 95.370275	 95.297926	 95.226207	 95.155126	  95.08469	 95.014909	 94.945788	 94.877336	 94.809559	 94.742462	 94.676054	 94.610338	  94.54532	 94.481006	   94.4174	 94.354507	 94.292331	 94.230875	 94.170144	 94.110139	 94.050865	 93.992323	 93.934515	 93.877444	 93.821111	 93.765518	 93.710665	 93.656553	 93.603182	 93.550552	 93.498664	 93.447517	  93.39711	 93.347441	 93.298511	 93.250316	 93.202856	 93.156127	 93.110129	 93.064858	 93.020311	 92.976486	 92.933379	 92.890986	 92.849305	  92.80833	 92.768058	 92.728485	 92.689606	 92.651416	 92.613911	 92.577085	 92.540933	  92.50545	  92.47063	 92.436468	 92.402957	 92.370093	 92.337868	 92.306276	 92.275312	 92.244968	 92.215238	 92.186116	 92.157595	 92.129667	 92.102327	 92.075566	 92.049379	 92.023757	 91.998694	 91.974182	 91.950214	 91.926784	 91.903882	 91.881503	 91.859638	 91.838281	 91.817423	 91.797058	 91.777178	 91.757775	 91.738842	 91.720372	 91.702357	 91.684789	 91.667662	 91.650968	   91.6347	  91.61885	 91.603411	 91.588376	 91.573738	  91.55949	 91.545624	 91.532134	 91.519013	 91.506254	  91.49385	 91.481794	  91.47008	 91.458702	 91.447652	 91.436924	 91.426513	 91.416411	 91.406613	 91.397112	 91.387904	  91.37898	 91.370337	 91.361969	 91.353869	 91.346033	 91.338454	 91.331129	 91.324051	 91.317215	 91.310618	 91.304253	 91.298117	 91.292205	 91.286511	 91.281033	 91.275766	 91.270705	 91.265847	 91.261187	 91.256723	  91.25245	 91.248366	 91.244466	 91.240747	 91.237207	 91.233842	  91.23065	 91.227628	 91.224773	 91.222082	 91.219554	 91.217186	 91.214976	 91.212923	 91.211023	 91.209277	 91.207681	 91.206235	 91.204938	 91.203787	 91.202783	 91.201923	 91.201209	 91.200638	  91.20021	 91.199925	 91.199782	
        99	 98.902625	  98.80527	 98.707952	  98.61069	 98.513505	 98.416413	 98.319435	 98.222589	 98.125893	 98.029366	 97.933026	 97.836892	 97.740981	 97.645313	 97.549904	 97.454773	 97.359937	 97.265414	 97.171221	 97.077375	 96.983892	 96.890791	 96.798086	 96.705795	 96.613933	 96.522516	 96.431559	 96.341078	 96.251088	 96.161604	  96.07264	 95.984209	 95.896327	 95.809006	 95.722261	 95.636103	 95.550545	   95.4656	  95.38128	 95.297596	  95.21456	 95.132183	 95.050475	 94.969447	 94.889109	 94.809469	 94.730538	 94.652325	 94.574838	 94.498084	 94.422073	 94.346811	 94.272305	 94.198563	  94.12559	 94.053392	 93.981976	 93.911347	 93.841508	 93.772466	 93.704224	 93.636786	 93.570155	 93.504335	 93.439328	 93.375137	 93.311763	  93.24921	 93.187477	 93.126567	 93.066479	 93.007214	 92.948773	 92.891155	  92.83436	 92.778386	 92.723233	 92.668899	 92.615382	  92.56268	 92.510792	 92.459714	 92.409444	 92.359978	 92.311313	 92.263445	 92.216371	 92.170087	 92.124587	 92.079868	 92.035925	 91.992753	 91.950346	 91.908698	 91.867806	 91.827662	  91.78826	 91.749595	 91.711661	  91.67445	 91.637956	 91.602172	 91.567092	 91.532708	 91.499014	 91.466001	 91.433663	 91.401992	 91.370981	 91.340621	 91.310905	 91.281826	 91.253374	 91.225544	 91.198325	 91.171711	 91.145692	 91.120262	 91.095411	 91.071132	 91.047416	 91.024256	 91.001641	 90.979566	  90.95802	 90.936997	 90.916487	 90.896482	 90.876975	 90.857956	 90.839419	 90.821354	 90.803753	  90.78661	 90.769915	  90.75366	 90.737838	 90.722442	 90.707462	 90.692892	 90.678724	  90.66495	 90.651563	 90.638556	 90.625921	 90.613651	 90.601738	 90.590177	  90.57896	  90.56808	  90.55753	 90.547304	 90.537396	 90.527798	 90.518506	 90.509511	 90.500809	 90.492394	  90.48426	   90.4764	  90.46881	 90.461484	 90.454417	 90.447603	 90.441037	 90.434715	 90.428632	 90.422783	 90.417163	 90.411769	 90.406595	 90.401638	 90.396893	 90.392357	 90.388027	 90.383898	 90.379966	  90.37623	 90.372685	 90.369329	 90.366159	 90.363171	 90.360364	 90.357735	 90.355281	    90.353	 90.350891	 90.348952	  90.34718	 90.345574	 90.344133	 90.342856	 90.341741	 90.340786	 90.339993	 90.339359	 90.338883	 90.338567	 90.338409	
        99	  98.89296	 98.785942	 98.678965	  98.57205	 98.465218	  98.35849	 98.251886	 98.145427	 98.039134	 97.933026	 97.827124	 97.721448	 97.616018	 97.510854	 97.405976	 97.301402	 97.197154	 97.093249	 96.989706	 96.886546	 96.783785	 96.681442	 96.579536	 96.478085	 96.377105	 96.276614	  96.17663	 96.077168	 95.978247	 95.879881	 95.782086	 95.684879	 95.588274	 95.492286	  95.39693	 95.302221	 95.208171	 95.114795	 95.022106	 94.930116	 94.838838	 94.748285	 94.658467	 94.569397	 94.481084	  94.39354	 94.306775	 94.220799	  94.13562	 94.051249	 93.967693	 93.884961	  93.80306	 93.721998	 93.641783	 93.562419	 93.483915	 93.406275	 93.329505	  93.25361	 93.178594	 93.104463	 93.031218	 92.958865	 92.887406	 92.816844	  92.74718	 92.678418	 92.610558	 92.543602	  92.47755	 92.412403	 92.348162	 92.284825	 92.222392	 92.160863	 92.100235	 92.040508	  91.98168	 91.923747	 91.866709	 91.810561	 91.755301	 91.700926	 91.647431	 91.594812	 91.543066	 91.492187	 91.442172	 91.393014	  91.34471	 91.297252	 91.250636	 91.204855	 91.159903	 91.115775	 91.072463	  91.02996	  90.98826	 90.947356	  90.90724	 90.867905	 90.829343	 90.791546	 90.754507	 90.718218	  90.68267	 90.647856	 90.613766	 90.580393	 90.547728	 90.515762	 90.484487	 90.453894	 90.423974	 90.394718	 90.366117	 90.338163	 90.310846	 90.284157	 90.258087	 90.232627	 90.207768	 90.183502	 90.159818	 90.136707	 90.114162	 90.092171	 90.070728	 90.049822	 90.029444	 90.009586	 89.990239	 89.971394	 89.953042	 89.935174	 89.917782	 89.900857	 89.884391	 89.868374	   89.8528	 89.837659	 89.822943	 89.808645	 89.794756	 89.781268	 89.768173	 89.755464	 89.743134	 89.731174	 89.719577	 89.708336	 89.697444	 89.686894	 89.676679	 89.666792	 89.657227	 89.647976	 89.639034	 89.630395	 89.622051	 89.613998	 89.606229	 89.598739	 89.591522	 89.584572	 89.577885	 89.571456	 89.565278	 89.559348	 89.553661	 89.548211	 89.542996	  89.53801	  89.53325	 89.528711	 89.524389	 89.520282	 89.516386	 89.512696	 89.509211	 89.505927	 89.502841	 89.499951	 89.497254	 89.494747	 89.492428	 89.490296	 89.488349	 89.486584	    89.485	 89.483595	 89.482369	 89.481321	 89.480448	 89.479751	 89.479229	 89.478881	 89.478707	
        99	 98.883316	 98.766655	 98.650039	 98.533491	 98.417034	  98.30069	 98.184481	  98.06843	  97.95256	 97.836892	 97.721448	  97.60625	 97.491321	 97.376682	 97.262354	 97.148359	 97.034718	 96.921451	 96.808579	 96.696124	 96.584104	 96.472541	 96.361453	  96.25086	 96.140782	 96.031238	 95.922245	 95.813822	 95.705987	 95.598758	 95.492153	 95.386187	 95.280878	 95.176242	 95.072294	 94.969051	 94.866528	 94.764739	 94.663698	  94.56342	 94.463919	 94.365206	 94.267296	   94.1702	 94.073931	 93.978499	 93.883917	 93.790194	 93.697341	 93.605367	 93.514283	 93.424097	 93.334817	 93.246451	 93.159008	 93.072494	 92.986917	 92.902281	 92.818594	 92.735861	 92.654087	 92.573276	 92.493432	  92.41456	 92.336662	 92.259742	 92.183802	 92.108845	 92.034871	 91.961882	 91.889879	 91.818862	 91.748832	 91.679789	 91.611731	 91.544658	 91.478568	 91.413459	  91.34933	 91.286178	 91.224001	 91.162794	 91.102555	  91.04328	 90.984965	 90.927606	 90.871197	 90.815735	 90.761213	 90.707626	 90.654969	 90.603236	 90.552419	 90.502514	 90.453512	 90.405408	 90.358193	 90.311861	 90.266404	 90.221814	 90.178084	 90.135204	 90.093168	 90.051966	  90.01159	 89.972031	  89.93328	 89.895329	 89.858168	 89.821788	  89.78618	 89.751334	 89.717241	 89.683891	 89.651275	 89.619383	 89.588206	 89.557733	 89.527954	 89.498861	 89.470442	 89.442688	  89.41559	 89.389137	 89.363319	 89.338126	 89.313549	 89.289578	 89.266202	 89.243412	 89.221199	 89.199552	 89.178461	 89.157918	 89.137912	 89.118435	 89.099476	 89.081026	 89.063076	 89.045617	 89.028639	 89.012134	 88.996092	 88.980506	 88.965365	 88.950662	 88.936387	 88.922533	 88.909092	 88.896054	 88.883413	 88.871159	 88.859286	 88.847785	  88.83665	 88.825872	 88.815444	  88.80536	 88.795613	 88.786195	   88.7771	 88.768321	 88.759852	 88.751687	  88.74382	 88.736244	 88.728955	 88.721946	 88.715211	 88.708747	 88.702547	 88.696607	 88.690922	 88.685487	 88.680297	 88.675349	 88.670639	 88.666161	 88.661914	 88.657892	 88.654093	 88.650513	 88.647149	 88.643998	 88.641058	 88.638325	 88.635798	 88.633474	 88.631351	 88.629427	   88.6277	 88.626169	 88.624833	 88.623689	 88.622738	 88.621978	 88.621409	  88.62103	  88.62084	
        99	 98.873694	 98.747413	 98.621181	 98.495023	 98.368963	 98.243025	 98.117233	 97.991613	 97.866187	 97.740981	 97.616018	 97.491321	 97.366915	 97.242823	 97.119067	 96.995672	  96.87266	 96.750053	 96.627874	 96.506145	 96.384889	 96.264125	 96.143877	 96.024165	  95.90501	 95.786432	 95.668452	 95.551088	 95.434362	 95.318291	 95.202894	  95.08819	 94.974198	 94.860933	 94.748414	 94.636658	  94.52568	 94.415498	 94.306125	 94.197578	 94.089872	 93.983019	 93.877035	 93.771933	 93.667725	 93.564424	 93.462042	 93.360591	 93.260081	 93.160524	 93.061929	 92.964306	 92.867664	 92.772012	 92.677358	  92.58371	 92.491076	 92.399461	 92.308873	 92.219318	   92.1308	 92.043326	 91.956898	 91.871522	 91.787201	 91.703938	 91.621736	 91.540597	 91.460523	 91.381516	 91.303575	 91.226703	 91.150898	 91.076161	 91.002492	 90.929887	 90.858348	  90.78787	 90.718453	 90.650094	 90.582789	 90.516535	 90.451329	 90.387166	 90.324043	 90.261953	 90.200893	 90.140857	  90.08184	 90.023834	 89.966835	 89.910835	 89.855829	 89.801808	 89.748766	 89.696695	 89.645587	 89.595434	 89.546229	 89.497962	 89.450625	  89.40421	 89.358707	 89.314108	 89.270402	 89.227581	 89.185635	 89.144554	 89.104329	 89.064949	 89.026405	 88.988686	 88.951781	 88.915682	 88.880376	 88.845854	 88.812106	  88.77912	 88.746886	 88.715393	 88.684631	 88.654589	 88.625256	 88.596621	 88.568675	 88.541405	 88.514801	 88.488853	  88.46355	 88.438881	 88.414835	 88.391403	 88.368574	 88.346336	 88.324681	 88.303597	 88.283075	 88.263104	 88.243673	 88.224774	 88.206397	 88.188531	 88.171166	 88.154294	 88.137905	  88.12199	 88.106538	 88.091542	 88.076992	 88.062879	 88.049195	 88.035931	 88.023079	  88.01063	 87.998576	 87.986909	 87.975622	 87.964707	 87.954155	 87.943961	 87.934116	 87.924613	 87.915446	 87.906607	 87.898091	 87.889891	 87.882001	 87.874413	 87.867124	 87.860127	 87.853416	 87.846986	 87.840831	 87.834948	 87.829331	 87.823975	 87.818876	 87.814029	 87.809431	 87.805078	 87.800966	  87.79709	 87.793449	 87.790039	 87.786856	 87.783898	 87.781162	 87.778646	 87.776348	 87.774265	 87.772396	 87.770739	 87.769293	 87.768055	 87.767025	 87.766203	 87.765587	 87.765176	 87.764971	
        99	 98.864097	  98.72822	 98.592396	 98.456652	 98.321012	 98.185505	 98.050155	 97.914989	 97.780033	 97.645313	 97.510854	 97.376682	 97.242823	 97.109301	 96.976142	  96.84337	 96.711011	 96.579087	 96.447624	 96.316646	 96.186175	 96.056236	 95.926851	 95.798042	 95.669833	 95.542244	 95.415299	 95.289018	 95.163421	  95.03853	 94.914365	 94.790946	 94.668291	  94.54642	 94.425351	 94.305103	 94.185692	 94.067137	 93.949454	 93.832659	 93.716768	 93.601797	 93.487759	  93.37467	 93.262544	 93.151394	 93.041232	 92.932072	 92.823925	 92.716803	 92.610715	 92.505674	 92.401689	 92.298769	 92.196922	 92.096159	 91.996485	 91.897909	 91.800438	 91.704078	 91.608834	 91.514712	 91.421717	 91.329854	 91.239126	 91.149536	 91.061088	 90.973783	 90.887625	 90.802614	 90.718751	 90.636037	 90.554473	 90.474057	 90.394789	 90.316668	 90.239692	 90.163859	 90.089168	 90.015614	 89.943194	 89.871906	 89.801745	 89.732707	 89.664787	  89.59798	  89.53228	 89.467682	  89.40418	 89.341767	 89.280436	 89.220182	 89.160995	 89.102869	 89.045797	 88.989769	 88.934777	 88.880814	 88.827869	 88.775935	 88.725002	 88.675059	 88.626099	 88.578111	 88.531084	 88.485009	 88.439876	 88.395674	 88.352392	 88.310019	 88.268546	 88.227961	 88.188252	 88.149409	 88.111421	 88.074276	 88.037963	 88.002471	 87.967788	 87.933902	 87.900802	 87.868477	 87.836915	 87.806105	 87.776035	 87.746692	 87.718067	 87.690147	 87.662921	 87.636378	 87.610506	 87.585293	 87.560729	 87.536802	 87.513501	 87.490815	 87.468733	 87.447244	 87.426338	 87.406003	 87.386229	 87.367005	 87.348321	 87.330167	 87.312532	 87.295407	 87.278782	 87.262646	  87.24699	 87.231805	 87.217082	  87.20281	 87.188981	 87.175586	 87.162616	 87.150063	 87.137918	 87.126173	  87.11482	 87.103851	 87.093258	 87.083033	 87.073169	 87.063659	 87.054496	 87.045673	 87.037183	 87.029019	 87.021176	 87.013646	 87.006425	 86.999507	 86.992885	 86.986555	 86.980511	 86.974748	 86.969261	 86.964046	 86.959099	 86.954415	  86.94999	  86.94582	 86.941902	 86.938233	 86.934808	 86.931625	 86.928682	 86.925975	 86.923502	 86.921261	  86.91925	 86.917467	  86.91591	 86.914579	 86.913471	 86.912586	 86.911923	 86.911481	  86.91126	
        99	 98.854525	 98.709079	 98.563689	 98.418384	 98.273192	 98.128141	 97.983259	 97.838573	 97.694112	 97.549904	 97.405976	 97.262354	 97.119067	 96.976142	 96.833605	 96.691482	   96.5498	 96.408586	 96.267864	 96.127661	 95.988002	 95.848911	 95.710413	 95.572533	 95.435294	  95.29872	 95.162834	 95.027659	 94.893217	  94.75953	  94.62662	 94.494508	 94.363215	 94.232761	 94.103165	 93.974448	 93.846628	 93.719723	 93.593752	 93.468731	 93.344678	 93.221609	  93.09954	 92.978487	 92.858464	 92.739485	 92.621565	 92.504717	 92.388953	 92.274286	 92.160728	 92.048289	  91.93698	 91.826811	 91.717792	 91.609931	 91.503238	  91.39772	 91.293384	 91.190237	 91.088285	 90.987534	  90.88799	 90.789657	 90.692539	 90.596639	 90.501962	 90.408509	 90.316282	 90.225284	 90.135515	 90.046976	 89.959667	 89.873587	 89.788736	 89.705113	 89.622716	 89.541543	 89.461591	 89.382857	 89.305337	 89.229028	 89.153926	 89.080025	 89.007322	 88.935809	 88.865482	 88.796335	  88.72836	 88.661552	 88.595902	 88.531403	 88.468049	 88.405829	 88.344737	 88.284763	 88.225899	 88.168135	 88.111461	 88.055869	 88.001349	 87.947889	 87.895481	 87.844112	 87.793774	 87.744454	 87.696142	 87.648827	 87.602496	  87.55714	 87.512746	 87.469302	 87.426797	 87.385218	 87.344555	 87.304794	 87.265923	 87.227931	 87.190805	 87.154533	 87.119102	 87.084501	 87.050716	 87.017736	 86.985547	 86.954139	 86.923497	 86.893611	 86.864468	 86.836055	  86.80836	 86.781372	 86.755078	 86.729466	 86.704524	  86.68024	 86.656603	 86.633601	 86.611222	 86.589455	 86.568288	  86.54771	 86.527711	 86.508278	 86.489401	  86.47107	 86.453274	 86.436002	 86.419243	 86.402989	 86.387228	 86.371951	 86.357148	  86.34281	 86.328927	  86.31549	 86.302489	 86.289917	 86.277765	 86.266023	 86.254683	 86.243738	  86.23318	    86.223	 86.213192	 86.203747	 86.194659	  86.18592	 86.177525	 86.169465	 86.161736	  86.15433	 86.147242	 86.140465	 86.133996	 86.127827	 86.121954	 86.116372	 86.111076	 86.106062	 86.101326	 86.096862	 86.092668	  86.08874	 86.085074	 86.081668	 86.078517	 86.075619	 86.072972	 86.070573	 86.068421	 86.066512	 86.064846	  86.06342	 86.062234	 86.061287	 86.060577	 86.060105	 86.059868	
        99	 98.844982	 98.689994	 98.535066	 98.380228	 98.225511	 98.070944	 97.916557	  97.76238	 97.608442	 97.454773	 97.301402	 97.148359	 96.995672	  96.84337	 96.691482	 96.540036	 96.389059	 96.238581	 96.088627	 95.939226	 95.790405	 95.642189	 95.494606	  95.34768	 95.201438	 95.055904	 94.911103	  94.76706	 94.623798	 94.481341	 94.339712	 94.198933	 94.059027	 93.920014	 93.781917	 93.644756	  93.50855	  93.37332	 93.239084	 93.105862	  92.97367	 92.842528	 92.712451	 92.583456	 92.455559	 92.328775	 92.203119	 92.078605	 91.955247	 91.833057	 91.712049	 91.592234	 91.473622	 91.356226	 91.240055	 91.125119	 91.011426	 90.898985	 90.787804	 90.677891	 90.569251	 90.461891	 90.355816	 90.251032	 90.147542	 90.045352	 89.944463	 89.844879	 89.746602	 89.649634	 89.553976	 89.459628	 89.366591	 89.274865	 89.184448	 89.095339	 89.007536	 88.921037	  88.83584	 88.751941	 88.669336	 88.588021	 88.507991	 88.429243	 88.351769	 88.275566	 88.200625	 88.126941	 88.054507	 87.983316	 87.913359	 87.844629	 87.777118	 87.710817	 87.645717	 87.581809	 87.519082	 87.457529	 87.397138	 87.337899	 87.279801	 87.222835	 87.166988	  87.11225	 87.058609	 87.006053	 86.954572	 86.904153	 86.854783	 86.806451	 86.759144	  86.71285	 86.667557	 86.623251	 86.579919	  86.53755	  86.49613	 86.455645	 86.416084	 86.377432	 86.339677	 86.302805	 86.266804	  86.23166	  86.19736	 86.163891	 86.131239	 86.099393	 86.068337	  86.03806	 86.008549	  85.97979	 85.951771	 85.924479	   85.8979	 85.872024	 85.846836	 85.822325	 85.798477	 85.775282	 85.752727	 85.730799	 85.709488	  85.68878	 85.668665	 85.649132	 85.630168	 85.611762	 85.593905	 85.576584	 85.559789	  85.54351	 85.527736	 85.512457	 85.497663	 85.483344	 85.469491	 85.456094	 85.443144	 85.430632	 85.418549	 85.406886	 85.395635	 85.384788	 85.374336	 85.364271	 85.354587	 85.345275	 85.336329	  85.32774	 85.319504	 85.311612	 85.304059	 85.296838	 85.289944	  85.28337	 85.277112	 85.271164	 85.265521	 85.260178	 85.255131	 85.250374	 85.245905	 85.241719	 85.237813	 85.234183	 85.230825	 85.227738	 85.224917	 85.222361	 85.220067	 85.218033	 85.216257	 85.214738	 85.213475	 85.212465	 85.211709	 85.211205	 85.210953	
        99	 98.835468	 98.670968	 98.506531	 98.342191	 98.177978	 98.013925	 97.850063	 97.686423	 97.523037	 97.359937	 97.197154	 97.034718	  96.87266	 96.711011	   96.5498	 96.389059	 96.228817	 96.069103	 95.909947	 95.751376	 95.593421	 95.436109	 95.279468	 95.123525	 94.968307	 94.813841	 94.660154	  94.50727	 94.355216	 94.204016	 94.053695	 93.904276	 93.755783	 93.608239	 93.461666	 93.316086	 93.171521	 93.027991	 92.885517	 92.744118	 92.603814	 92.464623	 92.326563	 92.189651	 92.053904	 91.919339	 91.785971	 91.653816	 91.522887	 91.393198	 91.264763	 91.137594	 91.011703	 90.887102	 90.763801	 90.641811	  90.52114	 90.401799	 90.283794	 90.167135	 90.051827	 89.937878	 89.825293	 89.714078	 89.604237	 89.495774	 89.388694	 89.282998	  89.17869	  89.07577	 88.974241	 88.874103	 88.775356	    88.678	 88.582034	 88.487456	 88.394265	 88.302457	 88.212031	 88.122983	 88.035308	 87.949002	 87.864061	  87.78048	 87.698252	 87.617371	 87.537831	 87.459625	 87.382745	 87.307184	 87.232934	 87.159987	 87.088332	 87.017962	 86.948866	 86.881035	  86.81446	 86.749128	 86.685031	 86.622156	 86.560493	  86.50003	 86.440756	 86.382658	 86.325725	 86.269944	 86.215303	 86.161789	  86.10939	 86.058092	 86.007882	 85.958747	 85.910673	 85.863648	 85.817657	 85.772687	 85.728725	 85.685756	 85.643766	 85.602742	  85.56267	 85.523535	 85.485325	 85.448024	 85.411619	 85.376095	  85.34144	 85.307639	 85.274677	 85.242542	  85.21122	 85.180696	 85.150957	  85.12199	  85.09378	 85.066315	 85.039582	 85.013566	 84.988255	 84.963637	 84.939697	 84.916424	 84.893804	 84.871826	 84.850476	 84.829744	 84.809616	 84.790081	 84.771127	 84.752743	 84.734918	  84.71764	 84.700897	 84.684681	 84.668979	 84.653782	 84.639078	 84.624859	 84.611114	 84.597834	 84.585009	 84.572631	 84.560689	 84.549176	 84.538082	   84.5274	 84.517122	 84.507238	 84.497743	 84.488628	 84.479885	 84.471509	 84.463493	 84.455829	 84.448511	 84.441534	 84.434892	 84.428579	 84.422589	 84.416919	 84.411561	 84.406513	  84.40177	 84.397327	 84.393181	 84.389328	 84.385764	 84.382487	 84.379493	  84.37678	 84.374346	 84.372187	 84.370303	  84.36869	 84.367349	 84.366278	 84.365475	  84.36494	 84.364673	
