Time step 9:
        99	        99	        99	        99	        99	        99	        99	        99	        99	        99	        99	        99	        99	        99	        99	        99	        99	        99	        99	        99	        99	        99	        99	        99	        99	        99	        99	        99	        99	        99	        99	        99	        99	        99	        99	        99	        99	        99	        99	        99	        99	        99	        99	        99	        99	        99	        99	        99	        99	        99	        99	        99	        99	        99	        99	        99	        99	        99	        99	        99	        99	        99	        99	        99	        99	        99	        99	        99	        99	        99	        99	        99	        99	        99	        99	        99	        99	        99	        99	        99	        99	        99	        99	        99	        99	        99	        99	        99	        99	        99	        99	        99	        99	        99	        99	        99	        99	        99	        99	        99	        99	        99	        99	        99	        99	        99	        99	        99	        99	        99	        99	        99	        99	        99	        99	        99	        99	        99	        99	        99	        99	        99	        99	        99	        99	        99	        99	        99	        99	        99	        99	        99	        99	        99	        99	        99	        99	        99	        99	        99	        99	        99	        99	        99	        99	        99	        99	        99	        99	        99	        99	        99	        99	        99	        99	        99	        99	        99	        99	        99	        99	        99	        99	        99	        99	        99	        99	        99	        99	        99	        99	        99	        99	        99	        99	        99	        99	        99	        99	        99	        99	        99	        99	        99	        99	        99	        99	        99	        99	        99	        99	        99	        99	        99	        99	        99	        99	        99	        99	        99	
        99	  98.92947	 98.859038	 98.788805	 98.718866	 98.649318	 98.580257	 98.511775	 98.443963	 98.376907	 98.310693	 98.245402	 98.181111	 98.117894	 98.055819	 97.994952	 97.935353	 97.877077	 97.820174	 97.764691	 97.710668	 97.658139	 97.607136	 97.557683	 97.509801	 97.463504	 97.418803	 97.375704	 97.334206	 97.294307	 97.255999	  97.21927	 97.184104	 97.150482	  97.11838	 97.087774	 97.058635	  97.03093	 97.004627	 96.979688	 96.956078	 96.933756	 96.912681	 96.892812	 96.874105	 96.856518	 96.840007	 96.824527	 96.810035	 96.796486	 96.783836	 96.772044	 96.761065	 96.750858	 96.741382	 96.732597	 96.724464	 96.716945	 96.710003	 96.703604	 96.697712	 96.692296	 96.687323	 96.682765	 96.678591	 96.674776	 96.671293	 96.668118	 96.665227	 96.662599	 96.660213	  96.65805	 96.656092	 96.654321	 96.652723	 96.651282	 96.649985	 96.648819	 96.647772	 96.646833	 96.645993	 96.645242	 96.644571	 96.643973	 96.643441	 96.642968	 96.642548	 96.642175	 96.641845	 96.641554	 96.641296	 96.641069	  96.64087	 96.640694	  96.64054	 96.640405	 96.640286	 96.640183	 96.640092	 96.640014	 96.639945	 96.639885	 96.639834	 96.639789	  96.63975	 96.639716	 96.639687	 96.639662	  96.63964	 96.639622	 96.639606	 96.639592	 96.639581	 96.639571	 96.639562	 96.639555	 96.639549	 96.639543	 96.639539	 96.639535	 96.639532	 96.639529	 96.639527	 96.639525	 96.639523	 96.639522	 96.639521	  96.63952	 96.639519	 96.639518	 96.639518	 96.639517	 96.639517	 96.639517	 96.639516	 96.639516	 96.639516	 96.639516	 96.639516	 96.639516	 96.639516	 96.639515	 96.639515	 96.639515	 96.639515	 96.639515	 96.639515	 96.639515	 96.639515	 96.639515	 96.639515	 96.639515	 96.639515	 96.639515	 96.639515	 96.639515	 96.639515	 96.639515	 96.639515	 96.639515	 96.639515	 96.639515	 96.639515	 96.639515	 96.639515	 96.639515	 96.639515	 96.639515	 96.639515	 96.639515	 96.639515	 96.639515	 96.639515	 96.639515	 96.639515	 96.639515	 96.639515	 96.639515	 96.639515	 96.639515	 96.639515	 96.639515	 96.639515	 96.639515	 96.639515	 96.639515	 96.639515	 96.639515	 96.639515	 96.639515	 96.639515	 96.639515	 96.639515	 96.639515	 96.639515	 96.639515	 96.639515	 96.639515	 96.639515	 96.639515	
        99	 98.859038	 98.718275	 98.577905	 98.438126	 98.299129	 98.161103	 98.024235	 97.888705	 97.754689	 97.622354	 97.491863	 97.363371	 97.237024	 97.112962	 96.991313	 96.872198	 96.755728	 96.642003	 96.531115	 96.423144	  96.31816	 96.216226	  96.11739	 96.021692	 95.929164	 95.839824	 95.753685	 95.670749	 95.591007	 95.514444	 95.441037	 95.370754	 95.303557	 95.239399	  95.17823	 95.119992	 95.064621	 95.012051	  94.96221	 94.915022	 94.870409	 94.828289	 94.788578	 94.751192	 94.716042	 94.683043	 94.652105	 94.623141	 94.596062	 94.570781	 94.547212	 94.525269	  94.50487	 94.485931	 94.468373	 94.452118	 94.437091	 94.423218	 94.410428	 94.398653	 94.387828	  94.37789	 94.368779	 94.360438	 94.352813	 94.345852	 94.339505	 94.333728	 94.328475	 94.323707	 94.319384	  94.31547	 94.311932	 94.308738	 94.305858	 94.303266	 94.300935	 94.298843	 94.296967	 94.295287	 94.293786	 94.292446	 94.291251	 94.290187	 94.289241	 94.288401	 94.287657	 94.286998	 94.286415	 94.285901	 94.285447	 94.285048	 94.284697	 94.284388	 94.284118	 94.283882	 94.283675	 94.283494	 94.283337	   94.2832	  94.28308	 94.282977	 94.282887	 94.282809	 94.282742	 94.282684	 94.282634	 94.282591	 94.282554	 94.282522	 94.282495	 94.282472	 94.282452	 94.282435	  94.28242	 94.282408	 94.282397	 94.282388	 94.282381	 94.282374	 94.282369	 94.282364	  94.28236	 94.282357	 94.282354	 94.282352	  94.28235	 94.282349	 94.282347	 94.282346	 94.282345	 94.282344	 94.282344	 94.282343	 94.282343	 94.282342	 94.282342	 94.282342	 94.282342	 94.282341	 94.282341	 94.282341	 94.282341	 94.282341	 94.282341	 94.282341	 94.282341	 94.282341	 94.282341	 94.282341	 94.282341	 94.282341	 94.282341	 94.282341	 94.282341	 94.282341	 94.282341	 94.282341	 94.282341	 94.282341	 94.282341	 94.282341	 94.282341	 94.282341	 94.282341	 94.282341	 94.282341	 94.282341	 94.282341	 94.282341	 94.282341	 94.282341	 94.282341	 94.282341	 94.282341	 94.282341	 94.282341	 94.282341	 94.282341	 94.282341	 94.282341	 94.282341	 94.282341	 94.282341	 94.282341	 94.282341	 94.282341	 94.282341	 94.282341	 94.282341	 94.282341	 94.282341	 94.282341	 94.282341	 94.282341	 94.282341	 94.282341	 94.282341	 94.282341	
        99	 98.788805	 98.577905	 98.367597	 98.158173	  97.94992	 97.743124	 97.538062	 97.335004	 97.134214	 96.935943	 96.740435	 96.547922	 96.358624	 96.172748	 95.990488	 95.812024	 95.637522	 95.467134	 95.300996	 95.139228	 94.981937	 94.829214	 94.681133	 94.537754	 94.399123	 94.265271	 94.136213	 94.011953	  93.89248	 93.777771	 93.667789	 93.562487	 93.461809	 93.365685	 93.274038	 93.186782	 93.103824	 93.025061	 92.950386	 92.879687	 92.812845	 92.749739	 92.690242	 92.634228	 92.581566	 92.532125	 92.485772	 92.442376	 92.401805	 92.363928	 92.328615	  92.29574	 92.265176	 92.236802	 92.210496	 92.186142	 92.163627	 92.142841	 92.123679	 92.106037	 92.089819	 92.074929	 92.061279	 92.048783	 92.037358	 92.026928	  92.01742	 92.008763	 92.000894	  91.99375	 91.987273	 91.981409	 91.976108	 91.971322	 91.967008	 91.963124	 91.959632	 91.956497	 91.953687	  91.95117	 91.948921	 91.946913	 91.945122	 91.943528	 91.942111	 91.940853	 91.939738	  91.93875	 91.937877	 91.937107	 91.936427	 91.935829	 91.935303	 91.934841	 91.934436	 91.934082	 91.933772	 91.933501	 91.933265	  91.93306	 91.932881	 91.932726	 91.932592	 91.932475	 91.932374	 91.932288	 91.932213	 91.932148	 91.932093	 91.932045	 91.932004	 91.931969	 91.931939	 91.931914	 91.931892	 91.931873	 91.931858	 91.931844	 91.931833	 91.931823	 91.931815	 91.931808	 91.931802	 91.931798	 91.931793	  91.93179	 91.931787	 91.931785	 91.931783	 91.931781	  91.93178	 91.931778	 91.931777	 91.931777	 91.931776	 91.931775	 91.931775	 91.931775	 91.931774	 91.931774	 91.931774	 91.931774	 91.931773	 91.931773	 91.931773	 91.931773	 91.931773	 91.931773	 91.931773	 91.931773	 91.931773	 91.931773	 91.931773	 91.931773	 91.931773	 91.931773	 91.931773	 91.931773	 91.931773	 91.931773	 91.931773	 91.931773	 91.931773	 91.931773	 91.931773	 91.931773	 91.931773	 91.931773	 91.931773	 91.931773	 91.931773	 91.931773	 91.931773	 91.931773	 91.931773	 91.931773	 91.931773	 91.931773	 91.931773	 91.931773	 91.931773	 91.931773	 91.931773	 91.931773	 91.931773	 91.931773	 91.931773	 91.931773	 91.931773	 91.931773	 91.931773	 91.931773	 91.931773	 91.931773	 91.931773	 91.931773	 91.931773	 91.931773	 91.931773	
        99	 98.718866	 98.438126	 98.158173	 97.879396	 97.602179	 97.326901	 97.053931	 96.783629	 96.516346	 96.252416	 95.992165	   95.7359	 95.483914	 95.236484	 94.993867	 94.756303	 94.524014	 94.297201	 94.076045	 93.860707	 93.651328	 93.448029	  93.25091	  93.06005	 92.875511	 92.697332	 92.525537	 92.360127	  92.20109	 92.048393	  91.90199	 91.761817	 91.627798	 91.499842	 91.377846	 91.261695	 91.151264	 91.046418	 90.947015	 90.852903	 90.763926	 90.679921	 90.600722	 90.526159	 90.456057	 90.390243	  90.32854	 90.270773	 90.216767	 90.166346	  90.11934	 90.075578	 90.034893	 89.997122	 89.962104	 89.929686	 89.899715	 89.872046	 89.846537	 89.823054	 89.801464	 89.781644	 89.763473	 89.746839	 89.731631	 89.717747	  89.70509	 89.693567	 89.683091	 89.673581	 89.664959	 89.657154	 89.650097	 89.643727	 89.637984	 89.632813	 89.628165	 89.623992	 89.620251	 89.616902	 89.613907	 89.611234	 89.608851	 89.606729	 89.604843	 89.603168	 89.601683	 89.600369	 89.599206	  89.59818	 89.597276	 89.596479	 89.595779	 89.595165	 89.594626	 89.594154	 89.593741	 89.593381	 89.593067	 89.592793	 89.592556	 89.592349	  89.59217	 89.592015	 89.591881	 89.591766	 89.591666	  89.59158	 89.591506	 89.591443	 89.591388	 89.591342	 89.591302	 89.591268	 89.591239	 89.591214	 89.591193	 89.591175	  89.59116	 89.591147	 89.591137	 89.591127	  89.59112	 89.591113	 89.591108	 89.591103	 89.591099	 89.591096	 89.591093	 89.591091	 89.591089	 89.591088	 89.591086	 89.591085	 89.591084	 89.591084	 89.591083	 89.591083	 89.591082	 89.591082	 89.591082	 89.591081	 89.591081	 89.591081	 89.591081	 89.591081	 89.591081	 89.591081	  89.59108	  89.59108	  89.59108	  89.59108	  89.59108	  89.59108	  89.59108	  89.59108	  89.59108	  89.59108	  89.59108	  89.59108	  89.59108	  89.59108	  89.59108	  89.59108	  89.59108	  89.59108	  89.59108	  89.59108	  89.59108	  89.59108	  89.59108	  89.59108	  89.59108	  89.59108	  89.59108	  89.59108	  89.59108	  89.59108	  89.59108	  89.59108	  89.59108	  89.59108	  89.59108	  89.59108	  89.59108	  89.59108	  89.59108	  89.59108	  89.59108	  89.59108	  89.59108	  89.59108	  89.59108	  89.59108	  89.59108	  89.59108	  89.59108	  89.59108	  89.59108	
        99	 98.649318	 98.299129	  97.94992	 97.602179	 97.256385	 96.913008	  96.57251	 96.235341	 95.901936	 95.572716	 95.248083	 94.928423	   94.6141	  94.30546	 94.002825	 93.706493	  93.41674	 93.133817	 92.857951	 92.589342	 92.328167	 92.074576	 91.828693	 91.590618	 91.360427	 91.138171	 90.923876	 90.717547	 90.519167	 90.328696	 90.146075	 89.971227	 89.804054	 89.644444	 89.492269	 89.347384	 89.209634	 89.078852	 88.954858	 88.837464	 88.726476	  88.62169	 88.522899	 88.429889	 88.342446	 88.260351	 88.183384	 88.111327	  88.04396	 87.981067	 87.922432	 87.867844	 87.817094	 87.769979	 87.726299	  87.68586	 87.648475	 87.613961	 87.582143	  87.55285	 87.525919	 87.501196	  87.47853	  87.45778	  87.43881	 87.421492	 87.405704	  87.39133	 87.378263	   87.3664	 87.355646	 87.345909	 87.337107	 87.329161	 87.321997	 87.315547	 87.309749	 87.304544	 87.299877	 87.295699	 87.291964	  87.28863	 87.285657	  87.28301	 87.280657	 87.278568	 87.276716	 87.275076	 87.273627	 87.272347	 87.271219	 87.270225	 87.269352	 87.268585	 87.267913	 87.267324	 87.266809	  87.26636	 87.265968	 87.265627	 87.265331	 87.265073	  87.26485	 87.264657	 87.264489	 87.264345	 87.264221	 87.264114	 87.264021	 87.263942	 87.263874	 87.263816	 87.263767	 87.263724	 87.263688	 87.263657	 87.263631	 87.263609	  87.26359	 87.263574	 87.263561	 87.263549	  87.26354	 87.263531	 87.263525	 87.263519	 87.263514	  87.26351	 87.263507	 87.263504	 87.263502	   87.2635	 87.263498	 87.263497	 87.263496	 87.263495	 87.263494	 87.263493	 87.263493	 87.263492	 87.263492	 87.263492	 87.263491	 87.263491	 87.263491	 87.263491	 87.263491	 87.263491	 87.263491	 87.263491	 87.263491	  87.26349	  87.26349	  87.26349	  87.26349	  87.26349	  87.26349	  87.26349	  87.26349	  87.26349	  87.26349	  87.26349	  87.26349	  87.26349	  87.26349	  87.26349	  87.26349	  87.26349	  87.26349	  87.26349	  87.26349	  87.26349	  87.26349	  87.26349	  87.26349	  87.26349	  87.26349	  87.26349	  87.26349	  87.26349	  87.26349	  87.26349	  87.26349	  87.26349	  87.26349	  87.26349	  87.26349	  87.26349	  87.26349	  87.26349	  87.26349	  87.26349	  87.26349	  87.26349	  87.26349	  87.26349	  87.26349	  87.26349	  87.26349	
        99	 98.580257	 98.161103	 97.743124	 97.326901	 96.913008	 96.502009	 96.094456	 95.690886	 95.291823	 94.897768	 94.509204	 94.126592	 93.750369	 93.380947	 93.018712	 92.664022	 92.317207	 91.978567	 91.648374	 91.326867	 91.014258	 90.710726	  90.41642	 90.131461	 89.855938	 89.589911	 89.333415	 89.086453	 88.849005	 88.621024	 88.402439	 88.193157	 87.993062	  87.80202	 87.619875	 87.446458	 87.281581	 87.125043	  86.97663	 86.836118	 86.703272	 86.577851	 86.459604	 86.348278	 86.243614	 86.145351	 86.053227	 85.966979	 85.886346	 85.811067	 85.740885	 85.675546	 85.614802	 85.558408	 85.506126	 85.457724	 85.412977	 85.371666	 85.333581	 85.298519	 85.266286	 85.236693	 85.209564	 85.184728	 85.162022	 85.141293	 85.122396	 85.105191	 85.089551	 85.075352	 85.062479	 85.050826	  85.04029	 85.030779	 85.022204	 85.014484	 85.007544	 85.001314	 84.995728	 84.990727	 84.986257	 84.982266	 84.978707	 84.975539	 84.972723	 84.970223	 84.968006	 84.966043	 84.964308	 84.962776	 84.961426	 84.960237	 84.959191	 84.958273	 84.957469	 84.956764	 84.956148	  84.95561	 84.955141	 84.954733	 84.954378	  84.95407	 84.953803	 84.953571	 84.953371	 84.953199	  84.95305	 84.952921	 84.952811	 84.952716	 84.952635	 84.952566	 84.952506	 84.952455	 84.952412	 84.952375	 84.952344	 84.952317	 84.952295	 84.952276	 84.952259	 84.952246	 84.952234	 84.952225	 84.952216	  84.95221	 84.952204	 84.952199	 84.952195	 84.952192	 84.952189	 84.952187	 84.952185	 84.952183	 84.952182	 84.952181	  84.95218	 84.952179	 84.952178	 84.952178	 84.952177	 84.952177	 84.952177	 84.952176	 84.952176	 84.952176	 84.952176	 84.952176	 84.952176	 84.952176	 84.952176	 84.952176	 84.952176	 84.952176	 84.952176	 84.952175	 84.952175	 84.952175	 84.952175	 84.952175	 84.952175	 84.952175	 84.952175	 84.952175	 84.952175	 84.952175	 84.952175	 84.952175	 84.952175	 84.952175	 84.952175	 84.952175	 84.952175	 84.952175	 84.952175	 84.952175	 84.952175	 84.952175	 84.952175	 84.952175	 84.952175	 84.952175	 84.952175	 84.952175	 84.952175	 84.952175	 84.952175	 84.952175	 84.952175	 84.952175	 84.952175	 84.952175	 84.952175	 84.952175	 84.952175	 84.952175	 84.952175	 84.952175	 84.952175	
        99	 98.511775	 98.024235	 97.538062	 97.053931	  96.57251	 96.094456	 95.620409	 95.150997	 94.686825	 94.228479	  93.77652	 93.331484	 92.893879	 92.464186	 92.042851	 91.630293	 91.226894	 90.833004	 90.448939	 90.074978	 89.711366	 89.358311	 89.015989	 88.684538	 88.364063	 88.054634	 87.756289	 87.469035	 87.192846	  86.92767	 86.673422	 86.429995	 86.197255	 85.975043	 85.763182	 85.561471	 85.369694	 85.187616	 85.014989	 84.851553	 84.697033	 84.551149	  84.41361	  84.28412	  84.16238	 84.048085	 83.940931	 83.840612	 83.746823	 83.659262	 83.577629	 83.501631	 83.430976	 83.365381	  83.30457	 83.248271	 83.196223	 83.148172	 83.103873	 83.063091	 83.025598	 82.991178	 82.959623	 82.930734	 82.904324	 82.880213	 82.858232	 82.838221	 82.820029	 82.803513	 82.788541	 82.774986	 82.762731	 82.751668	 82.741694	 82.732715	 82.724643	 82.717396	 82.710899	 82.705082	 82.699882	  82.69524	 82.691101	 82.687416	  82.68414	 82.681232	 82.678654	 82.676371	 82.674353	 82.672571	    82.671	 82.669617	 82.668401	 82.667333	 82.666397	 82.665578	 82.664861	 82.664236	  82.66369	 82.663215	 82.662803	 82.662444	 82.662133	 82.661864	 82.661631	  82.66143	 82.661257	 82.661108	  82.66098	  82.66087	 82.660775	 82.660694	 82.660625	 82.660566	 82.660516	 82.660473	 82.660436	 82.660405	 82.660379	 82.660357	 82.660338	 82.660322	 82.660309	 82.660298	 82.660288	  82.66028	 82.660273	 82.660268	 82.660263	 82.660259	 82.660256	 82.660253	 82.660251	 82.660249	 82.660248	 82.660246	 82.660245	 82.660244	 82.660244	 82.660243	 82.660243	 82.660242	 82.660242	 82.660242	 82.660241	 82.660241	 82.660241	 82.660241	 82.660241	 82.660241	 82.660241	 82.660241	 82.660241	 82.660241	 82.660241	  82.66024	  82.66024	  82.66024	  82.66024	  82.66024	  82.66024	  82.66024	  82.66024	  82.66024	  82.66024	  82.66024	  82.66024	  82.66024	  82.66024	  82.66024	  82.66024	  82.66024	  82.66024	  82.66024	  82.66024	  82.66024	  82.66024	  82.66024	  82.66024	  82.66024	  82.66024	  82.66024	  82.66024	  82.66024	  82.66024	  82.66024	  82.66024	  82.66024	  82.66024	  82.66024	  82.66024	  82.66024	  82.66024	  82.66024	  82.66024	  82.66024	  82.66024	  82.66024	  82.66024	
        99	 98.443963	 97.888705	 97.335004	 96.783629	 96.235341	 95.690886	 95.150997	 94.616385	 94.087741	 93.565733	 93.050998	 92.544148	 92.045762	 91.556386	  91.07653	 90.606668	 90.147239	  89.69864	 89.261229	 88.835326	  88.42121	 88.019117	 87.629248	  87.25176	 86.886771	 86.534364	  86.19458	 85.867427	 85.552878	 85.250869	 84.961307	 84.684069	 84.419002	 84.165926	 83.924638	  83.69491	 83.476496	 83.269128	 83.072524	 82.886387	 82.710405	 82.544258	 82.387615	  82.24014	 82.101491	 81.971321	 81.849284	  81.73503	 81.628214	 81.528491	 81.435521	 81.348966	 81.268498	 81.193792	 81.124534	 81.060415	 81.001138	 80.946413	 80.895962	 80.849515	 80.806815	 80.767613	 80.731675	 80.698774	 80.668696	 80.641236	 80.616202	 80.593412	 80.572693	 80.553883	  80.53683	 80.521393	 80.507436	 80.494836	 80.483477	 80.473251	 80.464058	 80.455804	 80.448404	  80.44178	 80.435858	  80.43057	 80.425857	  80.42166	 80.417929	 80.414617	 80.411681	 80.409081	 80.406782	 80.404753	 80.402964	 80.401389	 80.400004	 80.398788	 80.397722	 80.396789	 80.395973	  80.39526	 80.394639	 80.394098	 80.393628	  80.39322	 80.392866	 80.392559	 80.392294	 80.392065	 80.391868	 80.391698	 80.391552	 80.391426	 80.391319	 80.391227	 80.391148	 80.391081	 80.391023	 80.390975	 80.390933	 80.390898	 80.390868	 80.390843	 80.390821	 80.390803	 80.390788	 80.390775	 80.390764	 80.390755	 80.390748	 80.390741	 80.390736	 80.390731	 80.390728	 80.390725	 80.390722	  80.39072	 80.390718	 80.390717	 80.390715	 80.390714	 80.390714	 80.390713	 80.390712	 80.390712	 80.390711	 80.390711	 80.390711	 80.390711	 80.390711	  80.39071	  80.39071	  80.39071	  80.39071	  80.39071	  80.39071	  80.39071	  80.39071	  80.39071	  80.39071	  80.39071	  80.39071	  80.39071	  80.39071	  80.39071	  80.39071	  80.39071	  80.39071	  80.39071	  80.39071	  80.39071	  80.39071	  80.39071	  80.39071	  80.39071	  80.39071	  80.39071	  80.39071	  80.39071	  80.39071	  80.39071	  80.39071	  80.39071	  80.39071	  80.39071	  80.39071	  80.39071	  80.39071	  80.39071	  80.39071	  80.39071	  80.39071	  80.39071	  80.39071	  80.39071	  80.39071	  80.39071	  80.39071	  80.39071	  80.39071	  80.39071	  80.39071	
        99	 98.376907	 97.754689	 97.134214	 96.516346	 95.901936	 95.291823	 94.686825	 94.087741	 93.495346	 92.910385	 92.333576	 91.765603	 91.207114	 90.658721	 90.120996	 89.594472	 89.079637	 88.576939	 88.086779	 87.609514	 87.145457	 86.694874	 86.257988	 85.834977	 85.425972	 85.031066	 84.650306	   84.2837	 83.931217	 83.592788	 83.268307	 82.957635	 82.660602	 82.377006	 82.106619	 81.849188	 81.604434	 81.372058	 81.151745	  80.94316	 80.745956	 80.559772	 80.384239	 80.218979	 80.063609	 79.917742	 79.780987	 79.652955	 79.533258	 79.421509	 79.317326	 79.220334	 79.130161	 79.046447	 78.968836	 78.896985	 78.830559	 78.769235	 78.712699	 78.660651	 78.612801	 78.568873	   78.5286	 78.491731	 78.458026	 78.427254	 78.399202	 78.373663	 78.350445	 78.329367	 78.310258	 78.292959	 78.277319	   78.2632	 78.250471	 78.239011	 78.228709	  78.21946	 78.211169	 78.203745	 78.197109	 78.191184	 78.185902	 78.181199	 78.177018	 78.173307	 78.170016	 78.167102	 78.164527	 78.162253	 78.160248	 78.158483	 78.156931	 78.155568	 78.154374	 78.153328	 78.152414	 78.151615	 78.150919	 78.150313	 78.149786	 78.149329	 78.148932	 78.148588	 78.148291	 78.148035	 78.147814	 78.147624	  78.14746	 78.147319	 78.147199	 78.147096	 78.147007	 78.146932	 78.146868	 78.146813	 78.146766	 78.146727	 78.146693	 78.146665	 78.146641	 78.146621	 78.146604	 78.146589	 78.146577	 78.146567	 78.146558	 78.146551	 78.146545	  78.14654	 78.146536	 78.146533	  78.14653	 78.146527	 78.146525	 78.146524	 78.146522	 78.146521	  78.14652	  78.14652	 78.146519	 78.146518	 78.146518	 78.146518	 78.146517	 78.146517	 78.146517	 78.146517	 78.146517	 78.146517	 78.146517	 78.146516	 78.146516	 78.146516	 78.146516	 78.146516	 78.146516	 78.146516	 78.146516	 78.146516	 78.146516	 78.146516	 78.146516	 78.146516	 78.146516	 78.146516	 78.146516	 78.146516	 78.146516	 78.146516	 78.146516	 78.146516	 78.146516	 78.146516	 78.146516	 78.146516	 78.146516	 78.146516	 78.146516	 78.146516	 78.146516	 78.146516	 78.146516	 78.146516	 78.146516	 78.146516	 78.146516	 78.146516	 78.146516	 78.146516	 78.146516	 78.146516	 78.146516	 78.146516	 78.146516	 78.146516	 78.146516	 78.146516	 78.146516	
        99	 98.310693	 97.622354	 96.935943	 96.252416	 95.572716	 94.897768	 94.228479	 93.565733	 92.910385	 92.263263	 91.625158	 90.996828	  90.37899	 89.772322	 89.177455	 88.594979	 88.025435	 87.469316	 86.927068	 86.399086	 85.885715	 85.387251	 84.903939	 84.435975	 83.983507	 83.546636	 83.125414	  82.71985	  82.32991	 81.955516	 81.596554	 81.252868	  80.92427	 80.610538	 80.311418	  80.02663	 79.755867	 79.498798	 79.255073	 79.024322	 78.806162	 78.600193	 78.406007	 78.223185	 78.051305	 77.889936	 77.738649	 77.597012	 77.464594	  77.34097	 77.225716	 77.118417	 77.018662	 76.926051	 76.840194	 76.760707	 76.687222	 76.619381	 76.556838	 76.499259	 76.446324	 76.397727	 76.353175	 76.312389	 76.275101	  76.24106	 76.210026	 76.181773	 76.156088	  76.13277	 76.111631	 76.092493	 76.075191	 76.059572	  76.04549	 76.032813	 76.021416	 76.011184	 76.002011	 75.993799	 75.986457	 75.979903	 75.974059	 75.968857	 75.964232	 75.960126	 75.956485	 75.953262	 75.950413	 75.947897	 75.945679	 75.943727	  75.94201	 75.940503	 75.939181	 75.938024	 75.937013	 75.936129	 75.935359	 75.934689	 75.934106	   75.9336	 75.933161	 75.932781	 75.932452	 75.932169	 75.931924	 75.931713	 75.931532	 75.931377	 75.931244	 75.931129	 75.931032	 75.930948	 75.930877	 75.930817	 75.930765	 75.930722	 75.930684	 75.930653	 75.930627	 75.930604	 75.930585	 75.930569	 75.930556	 75.930545	 75.930535	 75.930527	 75.930521	 75.930515	 75.930511	 75.930507	 75.930504	 75.930501	 75.930499	 75.930497	 75.930495	 75.930494	 75.930493	 75.930492	 75.930492	 75.930491	 75.930491	  75.93049	  75.93049	  75.93049	 75.930489	 75.930489	 75.930489	 75.930489	 75.930489	 75.930489	 75.930489	 75.930489	 75.930489	 75.930489	 75.930489	 75.930489	 75.930489	 75.930489	 75.930489	 75.930488	 75.930488	 75.930488	 75.930488	 75.930488	 75.930488	 75.930488	 75.930488	 75.930488	 75.930488	 75.930488	 75.930488	 75.930488	 75.930488	 75.930488	 75.930488	 75.930488	 75.930488	 75.930488	 75.930488	 75.930488	 75.930488	 75.930488	 75.930488	 75.930488	 75.930488	 75.930488	 75.930488	 75.930488	 75.930488	 75.930488	 75.930488	 75.930488	 75.930488	 75.930488	 75.930488	 75.930488	 75.930488	
        99	 98.245402	 97.491863	 96.740435	 95.992165	 95.248083	 94.509204	  93.77652	 93.050998	 92.333576	 91.625158	 90.926613	 90.238767	 89.562407	 88.898275	 88.247062	 87.609414	 86.985922	 86.377128	 85.783519	 85.205526	 84.643529	  84.09785	 83.568758	 83.056469	 82.561143	 82.082891	 81.621771	 81.177792	 80.750917	 80.341061	 79.948097	 79.571858	 79.212135	 78.868686	 78.541234	  78.22947	  77.93306	 77.651642	 77.384831	 77.132224	 76.893399	 76.667921	 76.455341	 76.255203	 76.067042	 75.890388	 75.724771	 75.569718	 75.424758	 75.289424	 75.163254	 75.045791	 74.936587	 74.835204	 74.741214	 74.654199	 74.573754	 74.499486	 74.431019	 74.367986	 74.310037	 74.256837	 74.208066	 74.163415	 74.122596	  74.08533	 74.051357	 74.020428	  73.99231	 73.966784	 73.943642	 73.922691	 73.903751	 73.886652	 73.871236	 73.857358	 73.844882	 73.833681	 73.823639	 73.814649	 73.806612	 73.799436	  73.79304	 73.787344	 73.782281	 73.777786	 73.773801	 73.770273	 73.767153	 73.764399	 73.761971	 73.759834	 73.757954	 73.756304	 73.754858	 73.753591	 73.752484	 73.751517	 73.750674	  73.74994	 73.749302	 73.748748	 73.748267	 73.747851	 73.747492	 73.747181	 73.746913	 73.746683	 73.746484	 73.746314	 73.746168	 73.746043	 73.745936	 73.745845	 73.745767	 73.745701	 73.745645	 73.745597	 73.745556	 73.745522	 73.745493	 73.745468	 73.745448	  73.74543	 73.745415	 73.745403	 73.745393	 73.745384	 73.745377	 73.745371	 73.745366	 73.745362	 73.745358	 73.745355	 73.745353	 73.745351	 73.745349	 73.745348	 73.745347	 73.745346	 73.745345	 73.745344	 73.745344	 73.745343	 73.745343	 73.745343	 73.745343	 73.745342	 73.745342	 73.745342	 73.745342	 73.745342	 73.745342	 73.745342	 73.745342	 73.745342	 73.745342	 73.745342	 73.745342	 73.745342	 73.745342	 73.745342	 73.745342	 73.745342	 73.745342	 73.745342	 73.745342	 73.745342	 73.745342	 73.745342	 73.745342	 73.745342	 73.745342	 73.745342	 73.745342	 73.745342	 73.745342	 73.745342	 73.745342	 73.745342	 73.745342	 73.745342	 73.745342	 73.745342	 73.745342	 73.745342	 73.745342	 73.745342	 73.745342	 73.745342	 73.745342	 73.745342	 73.745342	 73.745342	 73.745342	 73.745342	 73.745342	 73.745342	 73.745342	
        99	 98.181111	 97.363371	 96.547922	   95.7359	 94.928423	 94.126592	 93.331484	 92.544148	 91.765603	 90.996828	 90.238767	 89.492317	 88.758333	 88.037617	 87.330921	 86.638946	 85.962333	 85.301671	 84.657486	 84.030249	  83.42037	   82.8282	  82.25403	 81.698094	 81.160567	 80.641568	 80.141161	 79.659356	 79.196111	 78.751336	 78.324892	 77.916597	 77.526226	 77.153515	 76.798164	 76.459839	 76.138175	  75.83278	 75.543237	 75.269108	 75.009936	 74.765247	 74.534556	 74.317366	 74.113174	  73.92147	 73.741742	 73.573479	 73.416168	 73.269304	 73.132384	 73.004913	 72.886405	 72.776385	 72.674387	 72.579958	 72.492659	 72.412064	 72.337763	 72.269359	 72.206474	 72.148741	 72.095814	  72.04736	 72.003063	 71.962622	 71.925754	  71.89219	 71.861677	 71.833975	 71.808862	 71.786126	 71.765572	 71.747016	 71.730288	 71.715227	 71.701688	 71.689532	 71.678635	 71.668879	 71.660157	  71.65237	 71.645428	 71.639248	 71.633754	 71.628876	 71.624551	 71.620722	 71.617337	 71.614348	 71.611713	 71.609394	 71.607354	 71.605564	 71.603994	 71.602619	 71.601417	 71.600368	 71.599453	 71.598657	 71.597964	 71.597363	 71.596842	  71.59639	    71.596	 71.595663	 71.595372	 71.595122	 71.594907	 71.594722	 71.594564	 71.594428	 71.594312	 71.594213	 71.594129	 71.594057	 71.593996	 71.593944	   71.5939	 71.593862	 71.593831	 71.593804	 71.593782	 71.593763	 71.593747	 71.593733	 71.593722	 71.593713	 71.593705	 71.593698	 71.593693	 71.593688	 71.593685	 71.593682	 71.593679	 71.593677	 71.593675	 71.593673	 71.593672	 71.593671	  71.59367	  71.59367	 71.593669	 71.593669	 71.593668	 71.593668	 71.593668	 71.593668	 71.593667	 71.593667	 71.593667	 71.593667	 71.593667	 71.593667	 71.593667	 71.593667	 71.593667	 71.593667	 71.593667	 71.593667	 71.593667	 71.593667	 71.593667	 71.593667	 71.593667	 71.593667	 71.593667	 71.593667	 71.593667	 71.593667	 71.593667	 71.593667	 71.593667	 71.593667	 71.593667	 71.593667	 71.593667	 71.593667	 71.593667	 71.593667	 71.593667	 71.593667	 71.593667	 71.593667	 71.593667	 71.593667	 71.593667	 71.593667	 71.593667	 71.593667	 71.593667	 71.593667	 71.593667	 71.593667	 71.593667	 71.593667	 71.593667	 71.593667	 71.593667	
        99	 98.117894	 97.237024	 96.358624	 95.483914	   94.6141	 93.750369	 92.893879	 92.045762	 91.207114	  90.37899	 89.562407	 88.758333	 87.967685	  87.19133	 86.430079	 85.684683	 84.955837	 84.244172	 83.550257	 82.874597	 82.217636	 81.579751	 80.961256	 80.362402	 79.783378	 79.224313	 78.685275	 78.166275	 77.667268	 77.188156	 76.728792	 76.288977	  75.86847	 75.466986	 75.084202	 74.719759	 74.373262	 74.044291	 73.732396	 73.437104	 73.157924	 72.894345	 72.645845	 72.411888	 72.191933	 71.985429	 71.791827	 71.610574	 71.441119	 71.282917	 71.135427	 70.998115	 70.870459	 70.751945	 70.642072	 70.540354	 70.446315	 70.359499	 70.279462	 70.205778	 70.138037	 70.075848	 70.018835	  69.96664	 69.918923	  69.87536	 69.835646	 69.799491	 69.766622	 69.736782	  69.70973	 69.685239	 69.663098	  69.64311	  69.62509	 69.608867	 69.594282	 69.581188	  69.56945	 69.558941	 69.549545	 69.541158	  69.53368	 69.527022	 69.521103	 69.515849	  69.51119	 69.507066	 69.503419	   69.5002	 69.497362	 69.494863	 69.492666	 69.490737	 69.489046	 69.487565	 69.486271	 69.485141	 69.484155	 69.483297	 69.482551	 69.481903	 69.481342	 69.480856	 69.480435	 69.480072	 69.479759	  69.47949	 69.479258	 69.479059	 69.478888	 69.478742	 69.478617	 69.478511	  69.47842	 69.478342	 69.478276	  69.47822	 69.478173	 69.478133	 69.478099	  69.47807	 69.478046	 69.478025	 69.478008	 69.477994	 69.477982	 69.477972	 69.477963	 69.477956	  69.47795	 69.477945	 69.477941	 69.477938	 69.477935	 69.477933	 69.477931	 69.477929	 69.477928	 69.477927	 69.477926	 69.477925	 69.477925	 69.477924	 69.477924	 69.477923	 69.477923	 69.477923	 69.477923	 69.477923	 69.477922	 69.477922	 69.477922	 69.477922	 69.477922	 69.477922	 69.477922	 69.477922	 69.477922	 69.477922	 69.477922	 69.477922	 69.477922	 69.477922	 69.477922	 69.477922	 69.477922	 69.477922	 69.477922	 69.477922	 69.477922	 69.477922	 69.477922	 69.477922	 69.477922	 69.477922	 69.477922	 69.477922	 69.477922	 69.477922	 69.477922	 69.477922	 69.477922	 69.477922	 69.477922	 69.477922	 69.477922	 69.477922	 69.477922	 69.477922	 69.477922	 69.477922	 69.477922	 69.477922	 69.477922	 69.477922	 69.477922	 69.477922	 69.477922	
        99	 98.055819	 97.112962	 96.172748	 95.236484	  94.30546	 93.380947	 92.464186	 91.556386	 90.658721	 89.772322	 88.898275	 88.037617	  87.19133	 86.360342	 85.545521	 84.747671	 83.967536	  83.20579	 82.463043	 81.739837	 81.036645	 80.353871	 79.691851	 79.050856	 78.431086	 77.832679	 77.255708	 76.700185	 76.166063	 75.653236	 75.161545	  74.69078	 74.240681	 73.810945	 73.401224	 73.011134	 72.640255	 72.288133	  71.95429	 71.638218	 71.339392	 71.057265	 70.791277	 70.540857	 70.305423	 70.084387	 69.877161	 69.683153	 69.501773	 69.332438	 69.174569	 69.027595	 68.890955	 68.764102	 68.646497	  68.53762	 68.436964	 68.344039	 68.258369	   68.1795	 68.106993	 68.040427	 67.979402	 67.923534	 67.872459	 67.825831	 67.783322	 67.744623	 67.709441	 67.677501	 67.648545	 67.622331	 67.598632	 67.577237	 67.557948	 67.540584	 67.524973	 67.510958	 67.498393	 67.487144	 67.477088	  67.46811	 67.460106	  67.45298	 67.446645	  67.44102	 67.436034	 67.431619	 67.427716	  67.42427	 67.421232	 67.418558	 67.416206	 67.414141	 67.412331	 67.410746	 67.409361	 67.408151	 67.407096	 67.406178	 67.405379	 67.404686	 67.404085	 67.403565	 67.403114	 67.402726	 67.402391	 67.402102	 67.401854	 67.401641	 67.401459	 67.401302	 67.401169	 67.401054	 67.400957	 67.400874	 67.400804	 67.400744	 67.400693	  67.40065	 67.400614	 67.400583	 67.400557	 67.400535	 67.400517	 67.400501	 67.400488	 67.400478	 67.400469	 67.400461	 67.400455	 67.400449	 67.400445	 67.400441	 67.400438	 67.400436	 67.400434	 67.400432	 67.400431	  67.40043	 67.400429	 67.400428	 67.400427	 67.400427	 67.400426	 67.400426	 67.400426	 67.400425	 67.400425	 67.400425	 67.400425	 67.400425	 67.400425	 67.400425	 67.400425	 67.400425	 67.400425	 67.400425	 67.400424	 67.400424	 67.400424	 67.400424	 67.400424	 67.400424	 67.400424	 67.400424	 67.400424	 67.400424	 67.400424	 67.400424	 67.400424	 67.400424	 67.400424	 67.400424	 67.400424	 67.400424	 67.400424	 67.400424	 67.400424	 67.400424	 67.400424	 67.400424	 67.400424	 67.400424	 67.400424	 67.400424	 67.400424	 67.400424	 67.400424	 67.400424	 67.400424	 67.400424	 67.400424	 67.400424	 67.400424	 67.400424	 67.400424	 67.400424	 67.400424	
        99	 97.994952	 96.991313	 95.990488	 94.993867	 94.002825	 93.018712	 92.042851	  91.07653	 90.120996	 89.177455	 88.247062	 87.330921	 86.430079	 85.545521	 84.678172	 83.828888	 82.998461	 82.187608	  81.39698	 80.627152	 79.878628	 79.151839	 78.447142	 77.764825	 77.105101	 76.468117	 75.853952	 75.262617	 74.694062	 74.148175	 73.624787	 73.123674	  72.64456	  72.18712	 71.750987	  71.33575	 70.940961	  70.56614	 70.210775	 69.874328	 69.556237	 69.255923	 68.972789	 68.706225	 68.455613	 68.220329	 67.999743	 67.793228	 67.600156	 67.419905	 67.251859	  67.09541	 66.949962	  66.81493	 66.689744	 66.573849	 66.466704	 66.367788	 66.276595	 66.192642	  66.11546	 66.044604	 65.979644	 65.920175	 65.865807	 65.816174	 65.770924	  65.72973	  65.69228	 65.658281	 65.627459	 65.599555	 65.574328	 65.551554	 65.531022	 65.512538	  65.49592	 65.481002	 65.467627	 65.455653	 65.444949	 65.435392	 65.426872	 65.419286	 65.412543	 65.406556	 65.401248	 65.396549	 65.392394	 65.388726	 65.385492	 65.382645	 65.380142	 65.377944	 65.376017	  65.37433	 65.372855	 65.371568	 65.370445	 65.369467	 65.368617	 65.367879	 65.367239	 65.366685	 65.366206	 65.365793	 65.365436	 65.365129	 65.364865	 65.364638	 65.364444	 65.364277	 65.364135	 65.364013	  65.36391	 65.363822	 65.363746	 65.363683	 65.363629	 65.363583	 65.363544	 65.363511	 65.363484	 65.363461	 65.363441	 65.363425	 65.363411	   65.3634	  65.36339	 65.363382	 65.363375	  65.36337	 65.363365	 65.363361	 65.363358	 65.363355	 65.363353	 65.363351	  65.36335	 65.363348	 65.363347	 65.363347	 65.363346	 65.363345	 65.363345	 65.363344	 65.363344	 65.363344	 65.363344	 65.363344	 65.363343	 65.363343	 65.363343	 65.363343	 65.363343	 65.363343	 65.363343	 65.363343	 65.363343	 65.363343	 65.363343	 65.363343	 65.363343	 65.363343	 65.363343	 65.363343	 65.363343	 65.363343	 65.363343	 65.363343	 65.363343	 65.363343	 65.363343	 65.363343	 65.363343	 65.363343	 65.363343	 65.363343	 65.363343	 65.363343	 65.363343	 65.363343	 65.363343	 65.363343	 65.363343	 65.363343	 65.363343	 65.363343	 65.363343	 65.363343	 65.363343	 65.363343	 65.363343	 65.363343	 65.363343	 65.363343	 65.363343	 65.363343	 65.363343	
        99	 97.935353	 96.872198	 95.812024	 94.756303	 93.706493	 92.664022	 91.630293	 90.606668	 89.594472	 88.594979	 87.609414	 86.638946	 85.684683	 84.747671	 83.828888	 82.929242	  82.04957	 81.190635	 80.353122	 79.537644	 78.744733	 77.974845	  77.22836	  76.50558	 75.806735	 75.131979	 74.481393	 73.854992	 73.252722	 72.674464	 72.120039	  71.58921	 71.081684	 70.597119	 70.135123	 69.695262	 69.277063	 68.880015	 68.503576	 68.147178	 67.810225	 67.492102	 67.192177	 66.909806	 66.644333	 66.395097	 66.161431	 65.942669	 65.738148	 65.547208	 65.369196	  65.20347	 65.049397	 64.906358	 64.773749	 64.650981	 64.537482	   64.4327	   64.3361	 64.247168	  64.16541	 64.090351	  64.02154	 63.958544	 63.900952	 63.848375	 63.800443	 63.756806	 63.717135	  63.68112	  63.64847	 63.618911	 63.592188	 63.568063	 63.546314	 63.526734	 63.509131	 63.493328	  63.47916	 63.466476	 63.455137	 63.445013	 63.435988	 63.427953	 63.420809	 63.414467	 63.408844	 63.403867	 63.399466	  63.39558	 63.392154	 63.389139	 63.386487	 63.384159	 63.382118	 63.380331	 63.378768	 63.377404	 63.376215	 63.375179	 63.374279	 63.373497	 63.372819	 63.372233	 63.371725	 63.371287	 63.370909	 63.370584	 63.370304	 63.370064	 63.369858	 63.369682	 63.369531	 63.369402	 63.369292	 63.369199	 63.369119	 63.369052	 63.368995	 63.368946	 63.368905	  63.36887	 63.368841	 63.368817	 63.368796	 63.368779	 63.368764	 63.368752	 63.368742	 63.368733	 63.368726	  63.36872	 63.368715	 63.368711	 63.368708	 63.368705	 63.368702	 63.368701	 63.368699	 63.368698	 63.368697	 63.368696	 63.368695	 63.368694	 63.368694	 63.368694	 63.368693	 63.368693	 63.368693	 63.368693	 63.368692	 63.368692	 63.368692	 63.368692	 63.368692	 63.368692	 63.368692	 63.368692	 63.368692	 63.368692	 63.368692	 63.368692	 63.368692	 63.368692	 63.368692	 63.368692	 63.368692	 63.368692	 63.368692	 63.368692	 63.368692	 63.368692	 63.368692	 63.368692	 63.368692	 63.368692	 63.368692	 63.368692	 63.368692	 63.368692	 63.368692	 63.368692	 63.368692	 63.368692	 63.368692	 63.368692	 63.368692	 63.368692	 63.368692	 63.368692	 63.368692	 63.368692	 63.368692	 63.368692	 63.368692	 63.368692	 63.368692	 63.368692	 63.368692	
        99	 97.877077	 96.755728	 95.637522	 94.524014	  93.41674	 92.317207	 91.226894	 90.147239	 89.079637	 88.025435	 86.985922	 85.962333	 84.955837	 83.967536	 82.998461	  82.04957	 81.121748	 80.215796	  79.33244	 78.472325	 77.636011	 76.823982	 76.036636	 75.274294	 74.537196	 73.825504	 73.139308	 72.478619	 71.843382	 71.233472	 70.648699	 70.088814	 69.553507	 69.042418	 68.555133	 68.091196	 67.650105	 67.231324	 66.834281	 66.458374	 66.102977	  65.76744	 65.451099	 65.153272	 64.873267	 64.610388	 64.363932	 64.133196	  63.91748	 63.716088	 63.528333	 63.353535	 63.191028	  63.04016	 62.900292	 62.770804	 62.651093	 62.540575	 62.438687	 62.344888	 62.258654	 62.179487	 62.106909	 62.040465	 61.979721	 61.924266	  61.87371	 61.827684	 61.785842	 61.747856	 61.713418	 61.682241	 61.654056	  61.62861	 61.605671	 61.585019	 61.566452	 61.549784	 61.534841	 61.521463	 61.509502	 61.498825	 61.489305	  61.48083	 61.473296	 61.466607	 61.460676	 61.455426	 61.450784	 61.446686	 61.443073	 61.439892	 61.437095	 61.434639	 61.432487	 61.430602	 61.428954	 61.427515	 61.426261	 61.425168	 61.424219	 61.423394	 61.422679	  61.42206	 61.421525	 61.421063	 61.420664	 61.420321	 61.420026	 61.419773	 61.419556	  61.41937	 61.419211	 61.419075	 61.418959	 61.418861	 61.418777	 61.418705	 61.418645	 61.418594	 61.418551	 61.418514	 61.418483	 61.418457	 61.418436	 61.418417	 61.418402	 61.418389	 61.418378	 61.418369	 61.418362	 61.418355	  61.41835	 61.418346	 61.418342	 61.418339	 61.418337	 61.418335	 61.418333	 61.418332	 61.418331	  61.41833	 61.418329	 61.418328	 61.418328	 61.418328	 61.418327	 61.418327	 61.418327	 61.418327	 61.418326	 61.418326	 61.418326	 61.418326	 61.418326	 61.418326	 61.418326	 61.418326	 61.418326	 61.418326	 61.418326	 61.418326	 61.418326	 61.418326	 61.418326	 61.418326	 61.418326	 61.418326	 61.418326	 61.418326	 61.418326	 61.418326	 61.418326	 61.418326	 61.418326	 61.418326	 61.418326	 61.418326	 61.418326	 61.418326	 61.418326	 61.418326	 61.418326	 61.418326	 61.418326	 61.418326	 61.418326	 61.418326	 61.418326	 61.418326	 61.418326	 61.418326	 61.418326	 61.418326	 61.418326	 61.418326	 61.418326	 61.418326	 61.418326	
