Time step 44:
        99	        99	        99	        99	        99	        99	        99	        99	        99	        99	        99	        99	        99	        99	        99	        99	        99	        99	        99	        99	        99	        99	        99	        99	        99	        99	        99	        99	        99	        99	        99	        99	        99	        99	        99	        99	        99	        99	        99	        99	        99	        99	        99	        99	        99	        99	        99	        99	        99	        99	        99	        99	        99	        99	        99	        99	        99	        99	        99	        99	        99	        99	        99	        99	        99	        99	        99	        99	        99	        99	        99	        99	        99	        99	        99	        99	        99	        99	        99	        99	        99	        99	        99	        99	        99	        99	        99	        99	        99	        99	        99	        99	        99	        99	        99	        99	        99	        99	        99	        99	        99	        99	        99	        99	        99	        99	        99	        99	        99	        99	        99	        99	        99	        99	        99	        99	        99	        99	        99	        99	        99	        99	        99	        99	        99	        99	        99	        99	        99	        99	        99	        99	        99	        99	        99	        99	        99	        99	        99	        99	        99	        99	        99	        99	        99	        99	        99	        99	        99	        99	        99	        99	        99	        99	        99	        99	        99	        99	        99	        99	        99	        99	        99	        99	        99	        99	        99	        99	        99	        99	        99	        99	        99	        99	        99	        99	        99	        99	        99	        99	        99	        99	        99	        99	        99	        99	        99	        99	        99	        99	        99	        99	        99	        99	        99	        99	        99	        99	        99	        99	
        99	 98.985569	 98.971143	 98.956724	 98.942319	 98.927929	 98.913561	 98.899217	 98.884901	 98.870619	 98.856374	 98.842169	 98.828009	 98.813898	 98.799839	 98.785837	 98.771894	 98.758016	 98.744205	 98.730466	 98.716801	 98.703214	 98.689709	 98.676289	 98.662957	 98.649717	 98.636571	 98.623523	 98.610576	 98.597732	 98.584995	 98.572367	 98.559851	 98.547449	 98.535164	 98.522999	 98.510955	 98.499035	  98.48724	 98.475574	 98.464037	 98.452633	 98.441361	 98.430225	 98.419225	 98.408363	  98.39764	 98.387059	 98.376618	 98.366321	 98.356168	 98.346159	 98.336295	 98.326578	 98.317007	 98.307584	 98.298308	  98.28918	   98.2802	 98.271368	 98.262684	 98.254149	 98.245762	 98.237523	 98.229431	 98.221486	 98.213689	 98.206038	 98.198532	 98.191171	 98.183955	 98.176882	 98.169952	 98.163164	 98.156516	 98.150008	 98.143639	 98.137407	 98.131311	  98.12535	 98.119522	 98.113827	 98.108263	 98.102828	 98.097521	 98.092341	 98.087285	 98.082353	 98.077542	 98.072851	 98.068278	 98.063822	 98.059481	 98.055253	 98.051136	 98.047129	  98.04323	 98.039436	 98.035747	  98.03216	 98.028673	 98.025285	 98.021994	 98.018798	 98.015695	 98.012683	  98.00976	 98.006925	 98.004176	 98.001511	 97.998927	 97.996424	    97.994	 97.991652	 97.989379	 97.987179	 97.985051	 97.982992	 97.981001	 97.979077	 97.977217	  97.97542	 97.973685	 97.972009	 97.970392	 97.968831	 97.967325	 97.965872	 97.964471	 97.963122	 97.961821	 97.960567	 97.959361	 97.958199	  97.95708	 97.956004	 97.954969	 97.953973	 97.953016	 97.952096	 97.951213	 97.950364	 97.949549	 97.948766	 97.948015	 97.947295	 97.946604	 97.945942	 97.945307	 97.944699	 97.944116	 97.943559	 97.943025	 97.942514	 97.942025	 97.941558	 97.941111	 97.940685	 97.940277	 97.939888	 97.939517	 97.939163	 97.938825	 97.938503	 97.938196	 97.937904	 97.937626	 97.937362	 97.937111	 97.936872	 97.936646	 97.936431	 97.936227	 97.936034	 97.935852	  97.93568	 97.935517	 97.935363	 97.935219	 97.935083	 97.934956	 97.934836	 97.934724	  97.93462	 97.934524	 97.934434	 97.934351	 97.934275	 97.934206	 97.934143	 97.934086	 97.934035	  97.93399	 97.933951	 97.933917	  97.93389	 97.933868	 97.933851	  97.93384	 97.933835	
        99	 98.971143	 98.942294	 98.913461	 98.884654	 98.855879	 98.827146	 98.798462	 98.769836	 98.741275	 98.712788	 98.684383	 98.656067	 98.627849	 98.599735	 98.571735	 98.543854	 98.516101	 98.488484	 98.461009	 98.433683	 98.406513	 98.379507	  98.35267	 98.326011	 98.299534	 98.273246	 98.247154	 98.221263	  98.19558	 98.170109	 98.144857	 98.119828	 98.095028	 98.070462	 98.046135	  98.02205	 97.998213	 97.974628	 97.951298	 97.928229	 97.905422	 97.882882	 97.860613	 97.838616	 97.816896	 97.795454	 97.774293	 97.753416	 97.732824	  97.71252	 97.692505	 97.672781	 97.653349	  97.63421	 97.615366	 97.596817	 97.578563	 97.560606	 97.542945	  97.52558	 97.508512	  97.49174	 97.475264	 97.459083	 97.443196	 97.427603	 97.412303	 97.397294	 97.382575	 97.368144	 97.354001	 97.340143	 97.326568	 97.313274	  97.30026	 97.287523	 97.275061	 97.262871	 97.250951	 97.239298	 97.227909	 97.216782	 97.205914	 97.195302	 97.184942	 97.174832	 97.164969	 97.155348	 97.145968	 97.136824	 97.127913	 97.119232	 97.110777	 97.102545	 97.094531	 97.086734	 97.079148	  97.07177	 97.064597	 97.057625	  97.05085	 97.044269	 97.037877	 97.031672	 97.025649	 97.019804	 97.014135	 97.008637	 97.003308	 96.998142	 96.993136	 96.988288	 96.983593	 96.979048	 96.974649	 96.970393	 96.966276	 96.962295	 96.958447	 96.954728	 96.951135	 96.947664	 96.944313	 96.941079	 96.937957	 96.934945	 96.932041	  96.92924	 96.926541	 96.923939	 96.921433	  96.91902	 96.916696	  96.91446	 96.912308	 96.910237	 96.908247	 96.906333	 96.904493	 96.902726	 96.901029	 96.899399	 96.897834	 96.896333	 96.894892	 96.893511	 96.892186	 96.890917	 96.889701	 96.888536	  96.88742	 96.886353	 96.885331	 96.884354	  96.88342	 96.882527	 96.881673	 96.880858	  96.88008	 96.879338	 96.878629	 96.877954	  96.87731	 96.876697	 96.876113	 96.875557	 96.875029	 96.874527	  96.87405	 96.873597	 96.873167	  96.87276	 96.872374	 96.872009	 96.871665	 96.871339	 96.871032	 96.870743	 96.870472	 96.870217	 96.869978	 96.869755	 96.869547	 96.869353	 96.869174	 96.869008	 96.868856	 96.868717	 96.868591	 96.868477	 96.868375	 96.868285	 96.868207	 96.868141	 96.868085	 96.868041	 96.868008	 96.867986	 96.867975	
        99	 98.956724	 98.913461	 98.870223	 98.827022	 98.783871	 98.740781	 98.697765	 98.654836	 98.612006	 98.569285	 98.526688	 98.484224	 98.441906	 98.399746	 98.357755	 98.315945	 98.274326	 98.232909	 98.191706	 98.150727	 98.109982	 98.069483	 98.029238	 97.989258	 97.949552	  97.91013	 97.871001	 97.832174	 97.793658	 97.755461	 97.717592	 97.680058	 97.642867	 97.606027	 97.569544	 97.533426	 97.497679	 97.462309	 97.427324	 97.392727	 97.358526	 97.324724	 97.291328	 97.258341	 97.225768	 97.193612	 97.161879	  97.13057	  97.09969	 97.069242	 97.039226	 97.009647	 96.980506	 96.951805	 96.923545	 96.895728	 96.868354	 96.841425	  96.81494	 96.788899	 96.763303	 96.738151	 96.713443	 96.689177	 96.665353	 96.641969	 96.619024	 96.596516	 96.574442	 96.552802	 96.531592	 96.510809	 96.490452	 96.470516	    96.451	 96.431899	  96.41321	 96.394929	 96.377053	 96.359578	 96.342499	 96.325813	 96.309515	   96.2936	 96.278064	 96.262903	 96.248111	 96.233684	 96.219617	 96.205904	 96.192541	 96.179522	 96.166843	 96.154497	  96.14248	 96.130787	  96.11941	 96.108347	  96.09759	 96.087134	 96.076974	 96.067104	 96.057519	 96.048213	 96.039181	 96.030417	 96.021915	  96.01367	 96.005677	  95.99793	 95.990424	 95.983153	 95.976113	 95.969296	   95.9627	 95.956317	 95.950143	 95.944174	 95.938403	 95.932825	 95.927437	 95.922233	 95.917207	 95.912356	 95.907675	 95.903159	 95.898803	 95.894603	 95.890554	 95.886653	 95.882895	 95.879276	 95.875791	 95.872437	  95.86921	 95.866105	  95.86312	  95.86025	 95.857492	 95.854841	 95.852296	 95.849851	 95.847505	 95.845253	 95.843093	 95.841022	 95.839035	 95.837132	 95.835308	 95.833561	 95.831888	 95.830287	 95.828755	  95.82729	 95.825889	 95.824549	  95.82327	 95.822048	 95.820881	 95.819767	 95.818705	 95.817692	 95.816727	 95.815807	 95.814931	 95.814098	 95.813306	 95.812552	 95.811837	 95.811158	 95.810513	 95.809903	 95.809324	 95.808777	  95.80826	 95.807772	 95.807312	 95.806878	 95.806471	 95.806089	 95.805731	 95.805396	 95.805084	 95.804794	 95.804525	 95.804277	 95.804049	  95.80384	 95.803651	  95.80348	 95.803327	 95.803192	 95.803075	 95.802975	 95.802892	 95.802826	 95.802777	 95.802744	 95.802727	
        99	 98.942319	 98.884654	 98.827022	  98.76944	 98.711924	  98.65449	 98.597155	 98.539936	 98.482847	 98.425906	 98.369128	 98.312529	 98.256124	  98.19993	  98.14396	 98.088232	 98.032758	 97.977554	 97.922635	 97.868015	 97.813707	 97.759725	 97.706083	 97.652794	 97.599871	 97.547326	 97.495172	  97.44342	 97.392083	  97.34117	 97.290695	 97.240666	 97.191095	 97.141991	 97.093363	 97.045222	 96.997575	 96.950432	   96.9038	 96.857687	   96.8121	 96.767046	 96.722532	 96.678564	 96.635148	 96.592289	 96.549992	 96.508261	 96.467102	 96.426517	  96.38651	 96.347084	 96.308243	 96.269987	  96.23232	 96.195243	 96.158757	 96.122863	 96.087561	 96.052852	 96.018735	  95.98521	 95.952277	 95.919933	 95.888179	 95.857011	 95.826427	 95.796426	 95.767005	 95.738161	  95.70989	 95.682189	 95.655055	 95.628484	  95.60247	 95.577011	   95.5521	 95.527734	 95.503908	 95.480615	 95.457851	  95.43561	 95.413886	 95.392674	 95.371967	 95.351758	 95.332042	 95.312813	 95.294063	 95.275785	 95.257974	 95.240621	 95.223721	 95.207266	 95.191249	 95.175662	 95.160499	 95.145752	 95.131414	 95.117478	 95.103936	 95.090781	 95.078005	 95.065601	 95.053562	  95.04188	 95.030548	 95.019559	 95.008906	  94.99858	 94.988575	 94.978884	 94.969499	 94.960414	 94.951621	 94.943114	 94.934885	 94.926928	 94.919236	 94.911802	  94.90462	 94.897683	 94.890985	 94.884519	 94.878279	  94.87226	 94.866454	 94.860856	  94.85546	  94.85026	 94.845251	 94.840427	 94.835782	 94.831312	  94.82701	 94.822872	 94.818893	 94.815067	 94.811391	 94.807858	 94.804465	 94.801207	  94.79808	 94.795078	 94.792199	 94.789438	 94.786791	 94.784253	 94.781822	 94.779494	 94.777264	  94.77513	 94.773088	 94.771135	 94.769268	 94.767483	 94.765777	 94.764148	 94.762593	 94.761108	 94.759692	 94.758342	 94.757056	  94.75583	 94.754663	 94.753552	 94.752496	 94.751492	 94.750538	 94.749633	 94.748774	  94.74796	 94.747189	  94.74646	 94.745771	  94.74512	 94.744507	 94.743929	 94.743386	 94.742876	 94.742399	 94.741953	 94.741537	  94.74115	 94.740792	 94.740461	 94.740157	 94.739879	 94.739627	 94.739399	 94.739196	 94.739016	  94.73886	 94.738727	 94.738616	 94.738528	 94.738462	 94.738418	 94.738396	
        99	 98.927929	 98.855879	 98.783871	 98.711924	  98.64006	 98.568299	 98.496661	 98.425167	 98.353837	 98.282691	 98.211749	  98.14103	 98.070555	 98.000342	 97.930411	  97.86078	 97.791467	 97.722493	 97.653873	 97.585627	 97.517771	 97.450323	   97.3833	 97.316717	 97.250592	 97.184939	 97.119774	 97.055112	 96.990968	 96.927355	 96.864287	 96.801778	 96.739841	 96.678487	 96.617729	 96.557578	 96.498045	 96.439142	 96.380877	  96.32326	 96.266301	 96.210008	  96.15439	 96.099453	 96.045207	 95.991656	 95.938807	 95.886666	 95.835239	 95.784529	 95.734542	 95.685282	  95.63675	 95.588952	 95.541888	 95.495562	 95.449973	 95.405125	 95.361017	 95.317649	 95.275021	 95.233134	 95.191984	 95.151573	 95.111896	 95.072953	  95.03474	 94.997255	 94.960494	 94.924454	 94.889131	  94.85452	 94.820617	 94.787417	 94.754914	 94.723103	 94.691979	 94.661534	 94.631764	 94.602661	 94.574218	 94.546429	 94.519286	 94.492781	 94.466908	 94.441659	 94.417025	 94.392998	  94.36957	 94.346733	 94.324479	 94.302798	 94.281681	 94.261121	 94.241108	 94.221633	 94.202688	 94.184262	 94.166347	 94.148935	 94.132014	 94.115577	 94.099614	 94.084116	 94.069074	 94.054478	 94.040319	 94.026589	 94.013277	 94.000376	 93.987875	 93.975766	 93.964041	 93.952689	 93.941703	 93.931073	 93.920792	  93.91085	 93.901239	  93.89195	 93.882977	 93.874309	  93.86594	 93.857861	 93.850065	 93.842543	 93.835289	 93.828295	 93.821553	 93.815056	 93.808797	 93.802769	 93.796966	  93.79138	 93.786006	 93.780836	 93.775864	 93.771084	  93.76649	 93.762076	 93.757837	 93.753766	 93.749858	 93.746108	 93.742511	 93.739061	 93.735753	 93.732583	 93.729545	 93.726636	  93.72385	 93.721184	 93.718633	 93.716192	 93.713859	 93.711628	 93.709497	 93.707462	 93.705519	 93.703664	 93.701895	 93.700208	   93.6986	 93.697069	  93.69561	 93.694223	 93.692903	 93.691648	 93.690457	 93.689326	 93.688253	 93.687236	 93.686273	 93.685361	   93.6845	 93.683687	 93.682921	 93.682199	 93.681521	 93.680884	 93.680288	  93.67973	  93.67921	 93.678727	  93.67828	 93.677866	 93.677486	 93.677139	 93.676824	 93.676539	 93.676285	 93.676061	 93.675865	 93.675699	 93.675561	 93.675451	 93.675368	 93.675314	 93.675286	
        99	 98.913561	 98.827146	 98.740781	  98.65449	 98.568299	  98.48223	  98.39631	 98.310563	 98.225012	 98.139681	 98.054596	 97.969778	 97.885252	 97.801041	 97.717167	 97.633654	 97.550523	 97.467797	 97.385497	 97.303644	  97.22226	 97.141365	 97.060979	 96.981122	 96.901813	 96.823071	 96.744914	 96.667361	 96.590428	 96.514132	 96.438491	  96.36352	 96.289234	 96.215648	 96.142777	 96.070634	 95.999232	 95.928584	 95.858703	 95.789599	 95.721285	 95.653769	 95.587062	 95.521173	 95.456111	 95.391883	 95.328498	 95.265962	 95.204282	 95.143462	 95.083509	 95.024428	 94.966221	 94.908893	 94.852446	 94.796883	 94.742206	 94.688416	 94.635514	   94.5835	 94.532374	 94.482135	 94.432782	 94.384313	 94.336727	 94.290019	 94.244188	  94.19923	  94.15514	 94.111915	 94.069549	 94.028038	 93.987375	 93.947556	 93.908573	  93.87042	  93.83309	 93.796576	 93.760871	 93.725965	 93.691852	 93.658522	 93.625968	 93.594179	 93.563148	 93.532864	 93.503319	 93.474502	 93.446404	 93.419014	 93.392322	 93.366319	 93.340992	 93.316333	  93.29233	 93.268973	  93.24625	 93.224151	 93.202664	  93.18178	 93.161486	 93.141772	 93.122627	 93.104039	 93.085997	 93.068491	  93.05151	 93.035042	 93.019077	 93.003603	  92.98861	 92.974087	 92.960024	 92.946409	 92.933232	 92.920484	 92.908152	 92.896228	 92.884701	 92.873561	 92.862798	 92.852403	 92.842365	 92.832675	 92.823325	 92.814304	 92.805603	 92.797214	 92.789128	 92.781336	 92.773829	   92.7666	  92.75964	  92.75294	 92.746494	 92.740293	  92.73433	 92.728597	 92.723087	 92.717794	 92.712709	 92.707827	  92.70314	 92.698642	 92.694328	  92.69019	 92.686223	  92.68242	 92.678777	 92.675288	 92.671947	 92.668749	 92.665689	 92.662762	 92.659963	 92.657288	 92.654732	 92.652291	  92.64996	 92.647736	 92.645614	 92.643591	 92.641663	 92.639826	 92.638077	 92.636412	 92.634829	 92.633325	 92.631896	 92.630539	 92.629252	 92.628032	 92.626877	 92.625784	 92.624752	 92.623777	 92.622857	 92.621992	 92.621178	 92.620414	 92.619699	  92.61903	 92.618407	 92.617828	 92.617291	 92.616795	 92.616339	 92.615923	 92.615544	 92.615203	 92.614898	 92.614629	 92.614395	 92.614195	  92.61403	 92.613898	 92.613799	 92.613733	   92.6137	
        99	 98.899217	 98.798462	 98.697765	 98.597155	 98.496661	  98.39631	 98.296133	 98.196156	 98.096408	 97.996918	 97.897713	  97.79882	 97.700268	 97.602082	  97.50429	 97.406919	 97.309993	 97.213539	 97.117582	 97.022146	 96.927257	 96.832938	 96.739213	 96.646104	 96.553634	 96.461825	 96.370699	 96.280276	 96.190577	 96.101621	 96.013428	 95.926015	 95.839402	 95.753605	 95.668641	 95.584527	 95.501277	 95.418906	 95.337428	 95.256857	 95.177206	 95.098486	  95.02071	 94.943887	 94.868028	 94.793143	 94.719239	 94.646326	  94.57441	 94.503498	 94.433597	 94.364711	 94.296845	 94.230004	  94.16419	 94.099407	 94.035657	 93.972941	  93.91126	 93.850615	 93.791004	 93.732429	 93.674886	 93.618374	 93.562891	 93.508432	 93.454996	 93.402577	 93.351171	 93.300773	 93.251377	 93.202977	 93.155567	  93.10914	 93.063688	 93.019204	  92.97568	 92.933107	 92.891476	 92.850778	 92.811004	 92.772143	 92.734186	 92.697123	 92.660942	 92.625633	 92.591185	 92.557586	 92.524825	  92.49289	 92.461769	 92.431451	 92.401922	 92.373171	 92.345184	 92.317951	 92.291457	 92.265691	 92.240639	 92.216289	 92.192628	 92.169642	  92.14732	 92.125647	 92.104612	 92.084201	 92.064402	 92.045201	 92.026587	 92.008545	 91.991064	 91.974131	 91.957734	  91.94186	 91.926497	 91.911633	 91.897255	 91.883352	 91.869912	 91.856923	 91.844374	 91.832254	  91.82055	 91.809253	 91.798351	 91.787833	 91.777688	 91.767907	 91.758479	 91.749394	 91.740642	 91.732213	 91.724098	 91.716287	 91.708771	 91.701541	 91.694588	 91.687904	  91.68148	 91.675308	 91.669379	 91.663687	 91.658222	 91.652978	 91.647948	 91.643123	 91.638498	 91.634064	 91.629817	 91.625748	 91.621853	 91.618124	 91.614556	 91.611144	 91.607881	 91.604762	 91.601782	 91.598935	 91.596218	 91.593624	  91.59115	 91.588791	 91.586543	 91.584402	 91.582362	 91.580422	 91.578576	 91.576822	 91.575155	 91.573574	 91.572073	 91.570651	 91.569304	  91.56803	 91.566826	 91.565689	 91.564617	 91.563608	 91.562659	 91.561769	 91.560935	 91.560155	 91.559429	 91.558753	 91.558127	 91.557549	 91.557018	 91.556532	 91.556091	 91.555693	 91.555338	 91.555024	 91.554751	 91.554518	 91.554325	 91.554171	 91.554056	 91.553979	 91.553941	
        99	 98.884901	 98.769836	 98.654836	 98.539936	 98.425167	 98.310563	 98.196156	 98.081978	 97.968063	 97.854441	 97.741145	 97.628206	 97.515655	 97.403523	 97.291841	 97.180638	 97.069945	 96.959791	 96.850204	 96.741213	 96.632846	  96.52513	 96.418092	 96.311758	 96.206154	 96.101305	 95.997235	 95.893969	 95.791529	 95.689937	 95.589217	 95.489389	 95.390473	  95.29249	 95.195458	 95.099395	  95.00432	  94.91025	 94.817199	 94.725184	 94.634219	 94.544318	 94.455494	  94.36776	 94.281126	 94.195604	 94.111203	 94.027933	 93.945803	 93.864818	 93.784988	 93.706318	 93.628812	 93.552477	 93.477315	  93.40333	 93.330525	 93.258901	 93.188459	   93.1192	 93.051123	 92.984227	 92.918511	 92.853972	 92.790608	 92.728414	 92.667388	 92.607523	 92.548816	 92.491259	 92.434847	 92.379572	 92.325428	 92.272407	 92.220499	 92.169696	  92.11999	  92.07137	 92.023825	 91.977347	 91.931923	 91.887543	 91.844195	 91.801867	 91.760547	 91.720223	 91.680882	 91.642511	 91.605096	 91.568625	 91.533084	 91.498459	 91.464736	 91.431901	 91.399939	 91.368838	 91.338581	 91.309155	 91.280545	 91.252736	 91.225713	 91.199463	  91.17397	 91.149219	 91.125196	 91.101886	 91.079275	 91.057347	 91.036088	 91.015484	  90.99552	 90.976182	 90.957456	 90.939327	 90.921782	 90.904806	 90.888386	 90.872509	  90.85716	 90.842326	 90.827995	 90.814153	 90.800787	 90.787885	 90.775434	 90.763422	 90.751837	 90.740666	 90.729899	 90.719523	 90.709528	 90.699902	 90.690634	 90.681713	  90.67313	 90.664873	 90.656933	 90.649299	 90.641963	 90.634914	 90.628143	 90.621642	 90.615402	 90.609413	 90.603668	 90.598158	 90.592875	 90.587812	 90.582961	 90.578315	 90.573866	 90.569608	 90.565533	 90.561636	 90.557909	 90.554347	 90.550944	 90.547693	  90.54459	 90.541628	 90.538803	 90.536109	 90.533541	 90.531095	 90.528767	  90.52655	 90.524443	 90.522439	 90.520536	 90.518729	 90.517016	 90.515392	 90.513854	 90.512399	 90.511023	 90.509725	 90.508501	 90.507349	 90.506265	 90.505248	 90.504296	 90.503405	 90.502575	 90.501804	 90.501089	 90.500429	 90.499822	 90.499267	 90.498763	 90.498309	 90.497903	 90.497545	 90.497233	 90.496967	 90.496747	 90.496571	 90.496439	 90.496352	 90.496308	
        99	 98.870619	 98.741275	 98.612006	 98.482847	 98.353837	 98.225012	 98.096408	 97.968063	 97.840011	 97.712291	 97.584936	 97.457982	 97.331465	 97.205419	 97.079879	 96.954877	 96.830449	 96.706625	  96.58344	 96.460925	 96.339111	 96.218028	 96.097708	 95.978179	 95.859471	 95.741611	 95.624628	 95.508547	 95.393395	 95.279198	 95.165979	 95.053764	 94.942574	 94.832432	 94.723359	 94.615377	 94.508504	  94.40276	 94.298163	  94.19473	 94.092477	 93.991421	 93.891575	 93.792954	  93.69557	 93.599435	 93.504562	 93.410959	 93.318636	 93.227603	 93.137867	 93.049434	 92.962311	 92.876504	 92.792015	  92.70885	  92.62701	 92.546498	 92.467316	 92.389462	 92.312937	 92.237741	  92.16387	 92.091323	 92.020096	 91.950185	 91.881585	 91.814293	   91.7483	 91.683601	 91.620189	 91.558056	 91.497193	 91.437592	 91.379243	 91.322137	 91.266262	 91.211609	 91.158165	 91.105919	 91.054858	 91.004971	 90.956244	 90.908664	 90.862217	 90.816889	 90.772666	 90.729533	 90.687476	  90.64648	 90.606528	 90.567606	 90.529699	 90.492789	 90.456862	 90.421901	 90.387889	 90.354812	 90.322652	 90.291392	 90.261017	 90.231509	 90.202852	  90.17503	 90.148026	 90.121824	 90.096406	 90.071758	 90.047861	   90.0247	 90.002259	 89.980521	 89.959471	 89.939093	 89.919371	 89.900288	 89.881831	 89.863983	  89.84673	 89.830055	 89.813946	 89.798386	 89.783362	 89.768858	 89.754863	  89.74136	 89.728337	 89.715781	 89.703677	 89.692014	 89.680779	 89.669958	  89.65954	 89.649512	 89.639864	 89.630582	 89.621657	 89.613076	 89.604829	 89.596906	 89.589295	 89.581987	 89.574972	  89.56824	 89.561782	 89.555589	 89.549651	  89.54396	 89.538507	 89.533284	 89.528283	 89.523496	 89.518916	 89.514535	 89.510346	 89.506342	 89.502516	 89.498862	 89.495374	 89.492044	 89.488869	  89.48584	 89.482954	 89.480205	 89.477587	 89.475096	 89.472726	 89.470474	 89.468335	 89.466304	 89.464378	 89.462552	 89.460824	 89.459188	 89.457642	 89.456183	 89.454807	 89.453511	 89.452293	  89.45115	 89.450079	 89.449079	 89.448146	 89.447278	 89.446474	 89.445732	 89.445051	 89.444427	 89.443861	  89.44335	 89.442894	 89.442491	  89.44214	 89.441842	 89.441594	 89.441396	 89.441248	  89.44115	 89.441101	
        99	 98.856374	 98.712788	 98.569285	 98.425906	 98.282691	 98.139681	 97.996918	 97.854441	 97.712291	 97.570507	  97.42913	 97.288198	 97.147751	 97.007826	 96.868463	 96.729698	 96.591569	 96.454113	 96.317364	 96.181359	 96.046133	 95.911718	  95.77815	 95.645461	 95.513682	 95.382845	 95.252981	 95.124119	 94.996289	 94.869518	 94.743833	 94.619262	 94.495829	  94.37356	 94.252478	 94.132606	 94.013966	 93.896579	 93.780466	 93.665644	 93.552133	  93.43995	  93.32911	  93.21963	 93.111524	 93.004804	 92.899485	 92.795576	 92.693088	 92.592032	 92.492415	 92.394245	  92.29753	 92.202274	 92.108483	 92.016161	  91.92531	 91.835934	 91.748032	 91.661607	 91.576656	  91.49318	 91.411176	 91.330641	 91.251571	 91.173963	  91.09781	 91.023108	 90.949849	 90.878027	 90.807633	 90.738658	 90.671094	 90.604931	 90.540157	 90.476763	 90.414736	 90.354065	 90.294737	 90.236738	 90.180056	 90.124676	 90.070584	 90.017765	 89.966204	 89.915885	 89.866793	 89.818911	 89.772223	 89.726713	 89.682362	 89.639155	 89.597073	   89.5561	 89.516217	 89.477406	  89.43965	 89.402931	 89.367229	 89.332528	 89.298808	 89.266051	  89.23424	 89.203354	 89.173377	  89.14429	 89.116074	 89.088711	 89.062183	 89.036472	  89.01156	 88.987429	 88.964061	 88.941439	 88.919545	 88.898362	 88.877872	 88.858059	 88.838906	 88.820396	 88.802512	 88.785239	 88.768561	 88.752461	 88.736924	 88.721935	 88.707478	 88.693539	 88.680103	 88.667156	 88.654683	 88.642671	 88.631106	 88.619974	 88.609263	  88.59896	 88.589051	 88.579526	 88.570371	 88.561575	 88.553127	 88.545014	 88.537227	 88.529754	 88.522584	 88.515709	 88.509117	 88.502799	 88.496746	 88.490948	 88.485397	 88.480083	 88.474998	 88.470135	 88.465485	  88.46104	 88.456793	 88.452737	 88.448864	 88.445168	 88.441642	 88.438281	 88.435077	 88.432025	 88.429119	 88.426353	 88.423723	 88.421223	 88.418848	 88.416594	 88.414455	 88.412429	  88.41051	 88.408694	 88.406978	 88.405358	  88.40383	 88.402392	  88.40104	 88.399771	 88.398582	 88.397471	 88.396436	 88.395473	 88.394581	 88.393757	    88.393	 88.392308	 88.391679	 88.391112	 88.390606	 88.390158	 88.389769	 88.389438	 88.389162	 88.388943	 88.388779	  88.38867	 88.388615	
        99	 98.842169	 98.684383	 98.526688	 98.369128	 98.211749	 98.054596	 97.897713	 97.741145	 97.584936	  97.42913	  97.27377	   97.1189	 96.964562	   96.8108	 96.657653	 96.505165	 96.353375	 96.202324	 96.052051	 95.902595	 95.753994	 95.606286	 95.459508	 95.313696	 95.168884	 95.025108	   94.8824	 94.740793	  94.60032	 94.461012	 94.322897	 94.186006	 94.050365	 93.916004	 93.782947	 93.651219	 93.520846	 93.391849	 93.264252	 93.138074	 93.013337	 92.890059	 92.768257	  92.64795	 92.529151	 92.411878	 92.296141	 92.181956	 92.069332	 91.958281	 91.848812	 91.740934	 91.634653	 91.529977	  91.42691	 91.325457	 91.225621	 91.127405	  91.03081	 90.935837	 90.842485	 90.750753	 90.660638	 90.572138	 90.485249	 90.399965	 90.316281	 90.234191	 90.153687	 90.074761	 89.997405	 89.921609	 89.847362	 89.774655	 89.703476	 89.633812	 89.565651	 89.498979	 89.433783	 89.370049	 89.307761	 89.246904	 89.187462	 89.129419	 89.072758	 89.017463	 88.963516	 88.910898	 88.859593	 88.809581	 88.760845	 88.713364	 88.667121	 88.622095	 88.578267	 88.535619	 88.494129	 88.453777	 88.414545	 88.376412	 88.339357	 88.303361	 88.268403	 88.234463	 88.201521	 88.169556	  88.13855	 88.108481	 88.079329	 88.051076	   88.0237	 87.997182	 87.971503	 87.946644	 87.922585	 87.899306	  87.87679	 87.855018	  87.83397	 87.813629	 87.793977	 87.774996	 87.756668	 87.738976	 87.721902	  87.70543	 87.689544	 87.674226	 87.659462	 87.645234	 87.631528	 87.618327	 87.605618	 87.593386	 87.581616	 87.570293	 87.559405	 87.548937	 87.538877	 87.529211	 87.519927	 87.511012	 87.502455	 87.494243	 87.486364	 87.478809	 87.471565	 87.464623	 87.457971	 87.451599	 87.445499	 87.439659	 87.434072	 87.428728	 87.423618	 87.418733	 87.414066	 87.409609	 87.405353	 87.401292	 87.397417	 87.393723	 87.390202	 87.386848	 87.383655	 87.380616	 87.377725	 87.374978	 87.372368	 87.369891	 87.367541	 87.365314	 87.363205	  87.36121	 87.359324	 87.357544	 87.355865	 87.354285	 87.352799	 87.351405	 87.350099	 87.348878	  87.34774	 87.346681	 87.345701	 87.344796	 87.343964	 87.343203	 87.342512	 87.341889	 87.341333	 87.340841	 87.340414	 87.340049	 87.339747	 87.339506	 87.339326	 87.339206	 87.339146	
        99	 98.828009	 98.656067	 98.484224	 98.312529	  98.14103	 97.969778	  97.79882	 97.628206	 97.457982	 97.288198	   97.1189	 96.950136	 96.781952	 96.614394	 96.447508	 96.281339	 96.115931	 95.951328	 95.787573	 95.624709	 95.462776	 95.301817	  95.14187	 94.982976	 94.825173	 94.668497	 94.512986	 94.358676	   94.2056	 94.053793	 93.903287	 93.754115	 93.606305	 93.459889	 93.314895	  93.17135	  93.02928	  92.88871	 92.749665	 92.612168	 92.476239	 92.341901	 92.209172	 92.078071	 91.948615	 91.820819	   91.6947	  91.57027	 91.447543	 91.326529	 91.207239	 91.089682	 90.973866	 90.859798	 90.747485	  90.63693	 90.528137	  90.42111	 90.315849	 90.212355	 90.110628	 90.010666	 89.912466	 89.816027	 89.721342	 89.628406	 89.537215	  89.44776	 89.360033	 89.274027	  89.18973	 89.107134	 89.026227	 88.946997	 88.869432	 88.793518	 88.719242	 88.646588	 88.575543	 88.506091	 88.438215	 88.371898	 88.307123	 88.243873	 88.182129	 88.121873	 88.063085	 88.005747	 87.949839	 87.895341	 87.842231	 87.790491	 87.740099	 87.691034	 87.643274	 87.596799	 87.551587	 87.507615	 87.464863	 87.423309	  87.38293	 87.343704	  87.30561	 87.268625	 87.232727	 87.197895	 87.164107	  87.13134	 87.099574	 87.068785	 87.038953	 87.010056	 86.982074	 86.954984	 86.928766	   86.9034	 86.878863	 86.855138	 86.832202	 86.810036	 86.788621	 86.767937	 86.747964	 86.728685	 86.710079	  86.69213	 86.674818	 86.658126	 86.642037	 86.626533	 86.611597	 86.597212	 86.583363	 86.570033	 86.557207	 86.544869	 86.533004	 86.521597	 86.510634	 86.500101	 86.489984	  86.48027	 86.470944	 86.461995	  86.45341	 86.445177	 86.437283	 86.429718	 86.422469	 86.415526	 86.408878	 86.402515	 86.396427	 86.390603	 86.385034	 86.379711	 86.374626	 86.369768	 86.365131	 86.360705	 86.356483	 86.352458	 86.348621	 86.344966	 86.341486	 86.338174	 86.335025	 86.332031	 86.329187	 86.326488	 86.323927	   86.3215	 86.319202	 86.317028	 86.314973	 86.313033	 86.311203	 86.309481	 86.307862	 86.306343	 86.304919	 86.303589	 86.302349	 86.301196	 86.300127	 86.299141	 86.298234	 86.297405	 86.296653	 86.295974	 86.295367	 86.294832	 86.294366	 86.293969	 86.293639	 86.293376	  86.29318	 86.293049	 86.292984	
        99	 98.813898	 98.627849	 98.441906	 98.256124	 98.070555	 97.885252	 97.700268	 97.515655	 97.331465	 97.147751	 96.964562	 96.781952	 96.599969	 96.418663	 96.238085	 96.058282	 95.879303	 95.701195	 95.524005	 95.347778	  95.17256	 94.998394	 94.825325	 94.653394	 94.482643	 94.313113	 94.144843	 93.977872	 93.812237	 93.647974	  93.48512	 93.323708	 93.163772	 93.005343	 92.848452	  92.69313	 92.539403	   92.3873	 92.236847	 92.088069	 91.940988	 91.795628	 91.652009	 91.510151	 91.370074	 91.231793	 91.095326	 90.960687	  90.82789	 90.696948	  90.56787	 90.440668	  90.31535	 90.191924	 90.070395	 89.950769	 89.833051	 89.717242	 89.603345	  89.49136	 89.381286	 89.273123	 89.166867	 89.062514	 88.960061	 88.859501	 88.760827	 88.664032	 88.569108	 88.476045	 88.384833	  88.29546	 88.207914	 88.122184	 88.038255	 87.956112	 87.875742	 87.797128	 87.720254	 87.645103	 87.571658	   87.4999	  87.42981	 87.361371	 87.294561	 87.229361	  87.16575	 87.103708	 87.043213	 86.984243	 86.926776	 86.870791	 86.816264	 86.763173	 86.711495	 86.661207	 86.612285	 86.564706	 86.518446	 86.473482	  86.42979	 86.387346	 86.346126	 86.306107	 86.267265	 86.229575	 86.193014	 86.157559	 86.123186	 86.089871	 86.057592	 86.026324	 85.996046	 85.966733	 85.938364	 85.910917	 85.884367	 85.858695	 85.833877	 85.809893	 85.786721	 85.764339	 85.742728	 85.721867	 85.701735	 85.682313	 85.663581	  85.64552	  85.62811	 85.611334	 85.595172	 85.579608	 85.564622	 85.550199	  85.53632	  85.52297	 85.510131	 85.497789	 85.485926	 85.474529	 85.463582	  85.45307	  85.44298	 85.433297	 85.424007	 85.415098	 85.406557	 85.398371	 85.390528	 85.383015	 85.375822	 85.368936	 85.362348	 85.356047	 85.350021	 85.344262	 85.338759	 85.333503	 85.328485	 85.323696	 85.319128	 85.314772	  85.31062	 85.306665	   85.3029	 85.299317	 85.295909	 85.292669	 85.289592	 85.286671	   85.2839	 85.281274	 85.278788	 85.276435	 85.274211	 85.272112	 85.270133	 85.268269	 85.266517	 85.264873	 85.263333	 85.261894	 85.260552	 85.259304	 85.258148	  85.25708	   85.2561	 85.255203	 85.254388	 85.253653	 85.252997	 85.252418	 85.251914	 85.251484	 85.251127	 85.250843	  85.25063	 85.250489	 85.250418	
        99	 98.799839	 98.599735	 98.399746	  98.19993	 98.000342	 97.801041	 97.602082	 97.403523	 97.205419	 97.007826	   96.8108	 96.614394	 96.418663	 96.223662	 96.029442	 95.836056	 95.643557	 95.451994	 95.261418	 95.071879	 94.883424	 94.696101	 94.509958	 94.325039	 94.141389	 93.959052	  93.77807	 93.598485	 93.420338	 93.243667	  93.06851	 92.894905	 92.722886	 92.552489	 92.383747	  92.21669	 92.051351	 91.887758	 91.725939	 91.565921	  91.40773	 91.251388	  91.09692	 90.944346	 90.793687	  90.64496	 90.498184	 90.353374	 90.210545	 90.069711	 89.930883	 89.794071	 89.659286	 89.526536	 89.395827	 89.267164	 89.140553	 89.015996	 88.893494	 88.773049	 88.654661	 88.538326	 88.424043	 88.311808	 88.201615	 88.093458	  87.98733	 87.883223	 87.781128	 87.681035	 87.582932	 87.486808	 87.392649	 87.300442	 87.210173	 87.121825	 87.035383	  86.95083	 86.868149	 86.787321	 86.708327	 86.631149	 86.555765	 86.482155	 86.410298	 86.340173	 86.271757	 86.205028	 86.139962	 86.076538	  86.01473	 85.954515	 85.895869	 85.838768	 85.783186	 85.729099	 85.676481	 85.625308	 85.575554	 85.527193	   85.4802	  85.43455	 85.390216	 85.347174	 85.305397	  85.26486	 85.225537	 85.187404	 85.150434	 85.114603	 85.079885	 85.046255	 85.013689	 84.982163	 84.951651	 84.922129	 84.893574	 84.865963	  84.83927	 84.813474	 84.788551	 84.764479	 84.741235	 84.718798	 84.697146	 84.676256	 84.656109	 84.636683	 84.617959	 84.599915	 84.582533	 84.565793	 84.549675	 84.534162	 84.519235	 84.504876	 84.491067	 84.477792	 84.465034	 84.452776	 84.441002	 84.429696	 84.418843	 84.408429	 84.398438	 84.388856	 84.379669	 84.370864	 84.362429	 84.354348	 84.346612	 84.339206	 84.332121	 84.325343	 84.318862	 84.312668	 84.306749	 84.301096	 84.295699	 84.290548	 84.285635	  84.28095	 84.276485	 84.272231	 84.268181	 84.264327	 84.260662	 84.257178	 84.253868	 84.250726	 84.247746	 84.244922	 84.242247	 84.239717	 84.237325	 84.235068	 84.232939	 84.230935	  84.22905	 84.227282	 84.225625	 84.224077	 84.222634	 84.221292	 84.220048	   84.2189	 84.217845	 84.216881	 84.216005	 84.215215	 84.214509	 84.213885	 84.213343	 84.212881	 84.212498	 84.212192	 84.211963	 84.211811	 84.211735	
        99	 98.785837	 98.571735	 98.357755	  98.14396	 97.930411	 97.717167	  97.50429	 97.291841	 97.079879	 96.868463	 96.657653	 96.447508	 96.238085	 96.029442	 95.821635	 95.614722	 95.408756	 95.203792	 94.999884	 94.797085	 94.595447	  94.39502	 94.195855	    93.998	 93.801503	  93.60641	 93.412768	  93.22062	 93.030011	  92.84098	 92.653571	 92.467821	 92.283769	 92.101451	 91.920904	 91.742161	 91.565256	 91.390218	  91.21708	 91.045868	  90.87661	 90.709331	 90.544057	  90.38081	 90.219611	  90.06048	 89.903436	 89.748496	 89.595676	 89.444989	 89.296449	 89.150067	 89.005853	 88.863816	 88.723963	   88.5863	 88.450832	 88.317561	  88.18649	 88.057619	 87.930949	 87.806476	 87.684198	 87.564111	  87.44621	 87.330487	 87.216935	 87.105545	 86.996308	 86.889213	 86.784247	 86.681398	 86.580652	 86.481995	 86.385411	 86.290883	 86.198394	 86.107926	 86.019461	 85.932979	 85.848459	 85.765881	 85.685223	 85.606464	 85.529581	  85.45455	 85.381348	  85.30995	 85.240333	 85.172472	  85.10634	 85.041914	 84.979165	 84.918069	 84.858599	 84.800728	  84.74443	 84.689676	 84.636442	 84.584698	 84.534418	 84.485574	 84.438139	 84.392085	 84.347386	 84.304013	  84.26194	 84.221138	 84.181582	 84.143244	 84.106098	 84.070116	 84.035272	  84.00154	 83.968893	 83.937307	 83.906754	 83.877211	 83.848651	  83.82105	 83.794384	 83.768628	 83.743758	 83.719751	 83.696584	 83.674233	 83.652677	 83.631892	 83.611858	 83.592552	 83.573954	 83.556042	 83.538797	 83.522199	 83.506227	 83.490864	  83.47609	 83.461886	 83.448235	 83.435119	 83.422521	 83.410425	 83.398813	  83.38767	  83.37698	 83.366728	 83.356898	 83.347478	 83.338452	 83.329806	 83.321528	 83.313605	 83.306024	 83.298772	 83.291838	  83.28521	 83.278877	 83.272829	 83.267054	 83.261543	 83.256286	 83.251273	 83.246496	 83.241945	 83.237611	 83.233488	 83.229566	 83.225838	 83.222297	 83.218935	 83.215747	 83.212725	 83.209863	 83.207156	 83.204597	 83.202181	 83.199904	 83.197759	 83.195743	 83.193851	 83.192078	 83.190422	 83.188878	 83.187442	 83.186111	 83.184883	 83.183754	 83.182722	 83.181785	 83.180939	 83.180184	 83.179517	 83.178937	 83.178443	 83.178032	 83.177705	 83.177461	 83.177298	 83.177217	
        99	 98.771894	 98.543854	 98.315945	 98.088232	  97.86078	 97.633654	 97.406919	 97.180638	 96.954877	 96.729698	 96.505165	 96.281339	 96.058282	 95.836056	 95.614722	 95.394337	 95.174963	 94.956656	 94.739474	 94.523473	 94.308707	 94.095233	 93.883102	 93.672366	 93.463077	 93.255284	 93.049035	 92.844379	  92.64136	 92.440024	 92.240413	 92.042571	 91.846537	 91.652351	  91.46005	 91.269671	 91.081248	 90.894816	 90.710406	 90.528048	 90.347771	 90.169603	 89.993569	 89.819694	 89.648001	 89.478511	 89.311243	 89.146217	 88.983447	 88.822951	 88.664741	 88.508829	 88.355227	 88.203943	 88.054986	 87.908361	 87.764073	 87.622126	 87.482522	 87.345262	 87.210345	 87.077769	 86.947531	 86.819626	 86.694049	 86.570793	 86.449848	 86.331207	 86.214859	 86.100791	 85.988992	 85.879448	 85.772144	 85.667064	 85.564192	  85.46351	    85.365	 85.268643	 85.174418	 85.082306	 84.992284	  84.90433	 84.818422	 84.734535	 84.652646	 84.572731	 84.494763	 84.418718	 84.344569	  84.27229	 84.201853	 84.133232	 84.066398	 84.001325	 83.937983	 83.876345	 83.816381	 83.758064	 83.701363	 83.646251	 83.592697	 83.540674	 83.490151	 83.441099	  83.39349	 83.347293	 83.302481	 83.259024	 83.216892	 83.176059	 83.136494	 83.098169	 83.061057	 83.025129	 82.990357	 82.956714	 82.924173	 82.892706	 82.862287	 82.832889	 82.804487	 82.777054	 82.750566	 82.724996	  82.70032	 82.676515	 82.653555	 82.631417	 82.610078	 82.589516	 82.569706	 82.550629	 82.532261	 82.514582	 82.497571	 82.481208	 82.465471	 82.450343	 82.435804	 82.421834	 82.408416	 82.395532	 82.383164	 82.371295	 82.359909	  82.34899	 82.338521	 82.328487	 82.318873	 82.309665	 82.300848	 82.292409	 82.284334	  82.27661	 82.269224	 82.262165	  82.25542	 82.248978	 82.242827	 82.236958	 82.231358	 82.226019	 82.220931	 82.216083	 82.211468	 82.207076	 82.202899	 82.198928	 82.195157	 82.191576	  82.18818	 82.184962	 82.181914	  82.17903	 82.176304	 82.173732	 82.171306	 82.169021	 82.166874	 82.164859	 82.162971	 82.161207	 82.159562	 82.158032	 82.156615	 82.155307	 82.154105	 82.153006	 82.152007	 82.151107	 82.150302	 82.149592	 82.148974	 82.148448	  82.14801	 82.147662	 82.147401	 82.147228	 82.147142	
        99	 98.758016	 98.516101	 98.274326	 98.032758	 97.791467	 97.550523	 97.309993	 97.069945	 96.830449	 96.591569	 96.353375	 96.115931	 95.879303	 95.643557	 95.408756	 95.174963	 94.942241	 94.710652	 94.480256	 94.251113	 94.023281	 93.796819	 93.571781	 93.348224	 93.126201	 92.905765	 92.686968	  92.46986	 92.254489	 92.040904	 91.829149	 91.619269	 91.411308	 91.205307	 91.001307	 90.799345	 90.599458	 90.401683	 90.206053	   90.0126	 89.821355	 89.632347	 89.445603	 89.261149	  89.07901	 88.899208	 88.721763	 88.546696	 88.374024	 88.203762	 88.035926	 87.870529	 87.707581	 87.547093	 87.389073	 87.233527	  87.08046	 86.929877	  86.78178	 86.636168	 86.493043	 86.352401	 86.214239	 86.078552	 85.945334	 85.814579	 85.686276	 85.560417	 85.436989	 85.315982	 85.197381	 85.081171	 84.967339	 84.855865	 84.746734	 84.639927	 84.535424	 84.433204	 84.333247	  84.23553	 84.140031	 84.046726	 83.955591	   83.8666	 83.779729	 83.694952	  83.61224	 83.531568	 83.452908	 83.376231	 83.301509	 83.228713	 83.157813	  83.08878	 83.021585	 82.956196	 82.892584	 82.830719	 82.770568	 82.712103	 82.655291	 82.600102	 82.546505	 82.494469	 82.443963	 82.394956	 82.347417	 82.301316	 82.256622	 82.213303	 82.171331	 82.130675	 82.091305	 82.053191	 82.016303	 81.980614	 81.946092	 81.912711	 81.880441	 81.849255	 81.819125	 81.790023	 81.761923	 81.734797	  81.70862	 81.683366	  81.65901	 81.635525	 81.612888	 81.591074	  81.57006	 81.549822	 81.530337	 81.511582	 81.493536	 81.476177	 81.459483	 81.443434	  81.42801	 81.413191	 81.398956	 81.385288	 81.372168	 81.359577	 81.347498	 81.335914	 81.324809	 81.314164	 81.303966	 81.294197	 81.284844	 81.275891	 81.267325	 81.259131	 81.251296	 81.243807	 81.236652	 81.229818	 81.223293	 81.217066	 81.211126	 81.205462	 81.200064	 81.194922	 81.190026	 81.185366	 81.180935	 81.176723	 81.172722	 81.168924	 81.165321	 81.161907	 81.158673	 81.155614	 81.152723	 81.149993	  81.14742	 81.144996	 81.142718	  81.14058	 81.138578	 81.136706	 81.134961	 81.133339	 81.131836	 81.130448	 81.129172	 81.128006	 81.126947	 81.125992	 81.125138	 81.124385	  81.12373	 81.123171	 81.122707	 81.122338	 81.122061	 81.121877	 81.121785	
