Time step 59:
        99	        99	        99	        99	        99	        99	        99	        99	        99	        99	        99	        99	        99	        99	        99	        99	        99	        99	        99	        99	        99	        99	        99	        99	        99	        99	        99	        99	        99	        99	        99	        99	        99	        99	        99	        99	        99	        99	        99	        99	        99	        99	        99	        99	        99	        99	        99	        99	        99	        99	        99	        99	        99	        99	        99	        99	        99	        99	        99	        99	        99	        99	        99	        99	        99	        99	        99	        99	        99	        99	        99	        99	        99	        99	        99	        99	        99	        99	        99	        99	        99	        99	        99	        99	        99	        99	        99	        99	        99	        99	        99	        99	        99	        99	        99	        99	        99	        99	        99	        99	        99	        99	        99	        99	        99	        99	        99	        99	        99	        99	        99	        99	        99	        99	        99	        99	        99	        99	        99	        99	        99	        99	        99	        99	        99	        99	        99	        99	        99	        99	        99	        99	        99	        99	        99	        99	        99	        99	        99	        99	        99	        99	        99	        99	        99	        99	        99	        99	        99	        99	        99	        99	        99	        99	        99	        99	        99	        99	        99	        99	        99	        99	        99	        99	        99	        99	        99	        99	        99	        99	        99	        99	        99	        99	        99	        99	        99	        99	        99	        99	        99	        99	        99	        99	        99	        99	        99	        99	        99	        99	        99	        99	        99	        99	        99	        99	        99	        99	        99	        99	
        99	 98.989238	 98.978478	 98.967723	 98.956975	 98.946236	 98.935508	 98.924794	 98.914097	 98.903417	 98.892758	 98.882122	 98.871511	 98.860927	 98.850373	  98.83985	  98.82936	 98.818907	 98.808492	 98.798116	 98.787783	 98.777494	 98.767251	 98.757056	 98.746911	 98.736819	  98.72678	 98.716796	 98.706871	 98.697004	 98.687199	 98.677456	 98.667778	 98.658166	 98.648621	 98.639146	 98.629741	 98.620409	  98.61115	 98.601966	 98.592859	 98.583829	 98.574878	 98.566007	 98.557217	  98.54851	 98.539886	 98.531347	 98.522893	 98.514526	 98.506245	 98.498053	  98.48995	 98.481937	 98.474014	 98.466182	 98.458441	 98.450793	 98.443238	 98.435775	 98.428407	 98.421132	 98.413952	 98.406866	 98.399876	  98.39298	  98.38618	 98.379475	 98.372865	 98.366351	 98.359933	  98.35361	 98.347382	  98.34125	 98.335212	  98.32927	 98.323422	 98.317668	 98.312009	 98.306443	  98.30097	 98.295591	 98.290304	 98.285108	 98.280005	 98.274992	  98.27007	 98.265237	 98.260494	 98.255839	 98.251272	 98.246792	 98.242399	 98.238091	 98.233868	 98.229729	 98.225674	 98.221701	  98.21781	    98.214	 98.210269	 98.206618	 98.203045	 98.199549	 98.196129	 98.192785	 98.189515	 98.186318	 98.183194	 98.180141	 98.177159	 98.174247	 98.171403	 98.168626	 98.165916	 98.163271	 98.160691	 98.158174	  98.15572	 98.153327	 98.150994	 98.148721	 98.146506	 98.144348	 98.142247	 98.140201	 98.138209	 98.136271	 98.134385	  98.13255	 98.130765	  98.12903	 98.127344	 98.125704	 98.124111	 98.122564	 98.121061	 98.119602	 98.118186	 98.116811	 98.115478	 98.114184	  98.11293	 98.111714	 98.110535	 98.109393	 98.108287	 98.107216	 98.106179	 98.105175	 98.104204	 98.103265	 98.102357	 98.101479	 98.100631	 98.099812	 98.099022	 98.098259	 98.097522	 98.096812	 98.096128	 98.095469	 98.094834	 98.094223	 98.093635	  98.09307	 98.092528	 98.092006	 98.091506	 98.091027	 98.090568	 98.090128	 98.089708	 98.089307	 98.088924	 98.088559	 98.088211	 98.087881	 98.087568	 98.087271	 98.086991	 98.086726	 98.086477	 98.086244	 98.086025	 98.085822	 98.085633	 98.085458	 98.085298	 98.085151	 98.085019	   98.0849	 98.084795	 98.084703	 98.084624	 98.084559	 98.084507	 98.084468	 98.084442	 98.084429	
        99	 98.978478	 98.956961	 98.935453	 98.913959	 98.892483	  98.87103	 98.849605	 98.828211	 98.806855	 98.785539	 98.764269	 98.743049	 98.721884	 98.700777	 98.679733	 98.658757	 98.637853	 98.617024	 98.596276	 98.575612	 98.555036	 98.534552	 98.514164	 98.493877	 98.473693	 98.453618	 98.433653	 98.413804	 98.394073	 98.374464	 98.354981	 98.335627	 98.316405	 98.297318	 98.278369	 98.259562	 98.240899	 98.222383	 98.204017	 98.185804	 98.167747	 98.149847	 98.132107	 98.114529	 98.097117	 98.079871	 98.062794	 98.045888	 98.029155	 98.012596	 97.996214	 97.980009	 97.963984	  97.94814	 97.932477	 97.916998	 97.901704	 97.886594	 97.871672	 97.856936	 97.842388	 97.828029	  97.81386	  97.79988	  97.78609	 97.772491	 97.759082	 97.745865	 97.732838	 97.720003	 97.707358	 97.694904	  97.68264	 97.670566	 97.658683	 97.646988	 97.635482	 97.624164	 97.613034	  97.60209	 97.591332	 97.580759	  97.57037	 97.560164	 97.550139	 97.540296	 97.530632	 97.521146	 97.511837	 97.502704	 97.493745	 97.484959	 97.476345	   97.4679	 97.459624	 97.451514	 97.443569	 97.435788	 97.428168	 97.420708	 97.413406	  97.40626	 97.399269	  97.39243	 97.385742	 97.379203	  97.37281	 97.366563	 97.360458	 97.354495	  97.34867	 97.342982	  97.33743	  97.33201	 97.326721	 97.321561	 97.316528	  97.31162	 97.306834	  97.30217	 97.297624	 97.293194	  97.28888	 97.284677	 97.280586	 97.276603	 97.272726	 97.268955	 97.265285	 97.261717	 97.258247	 97.254874	 97.251596	  97.24841	 97.245316	 97.242311	 97.239393	  97.23656	 97.233812	 97.231145	 97.228558	 97.226049	 97.223618	 97.221261	 97.218977	 97.216765	 97.214623	 97.212549	 97.210542	   97.2086	 97.206722	 97.204906	 97.203151	 97.201455	 97.199818	 97.198236	  97.19671	 97.195238	 97.193818	  97.19245	 97.191131	 97.189862	  97.18864	 97.187465	 97.186335	 97.185249	 97.184207	 97.183207	 97.182248	  97.18133	 97.180451	 97.179611	 97.178808	 97.178042	 97.177312	 97.176618	 97.175957	 97.175331	 97.174738	 97.174177	 97.173648	  97.17315	 97.172683	 97.172246	 97.171839	 97.171461	 97.171112	 97.170791	 97.170499	 97.170234	 97.169996	 97.169785	 97.169602	 97.169445	 97.169314	  97.16921	 97.169131	 97.169079	 97.169053	
        99	 98.967723	 98.935453	 98.903197	 98.870961	 98.838753	  98.80658	 98.774447	 98.742363	 98.710334	 98.678366	 98.646467	 98.614643	   98.5829	 98.551246	 98.519686	 98.488227	 98.456876	 98.425639	 98.394522	 98.363531	 98.332672	 98.301952	 98.271376	 98.240951	 98.210681	 98.180573	 98.150631	 98.120863	 98.091272	 98.061864	 98.032644	 98.003618	  97.97479	 97.946164	 97.917746	 97.889541	 97.861551	 97.833783	 97.806239	 97.778924	 97.751842	 97.724997	 97.698392	 97.672031	 97.645916	 97.620052	 97.594442	 97.569087	 97.543992	 97.519159	 97.494589	 97.470287	 97.446254	 97.422491	 97.399002	 97.375787	 97.352849	 97.330189	 97.307809	  97.28571	 97.263892	 97.242358	 97.221107	 97.200141	  97.17946	 97.159065	 97.138956	 97.119133	 97.099596	 97.080346	 97.061382	 97.042705	 97.024312	 97.006205	 96.988383	 96.970844	 96.953588	 96.936615	 96.919922	 96.903509	 96.887375	 96.871518	 96.855937	  96.84063	 96.825597	 96.810834	  96.79634	 96.782114	 96.768154	 96.754457	 96.741021	 96.727844	 96.714925	  96.70226	 96.689847	 96.677685	  96.66577	   96.6541	 96.642672	 96.631484	 96.620533	 96.609816	 96.599331	 96.589075	 96.579045	 96.569238	 96.559651	 96.550281	 96.541126	 96.532182	 96.523447	 96.514917	 96.506589	 96.498461	 96.490529	 96.482791	 96.475243	 96.467881	 96.460705	 96.453709	 96.446891	 96.440248	 96.433777	 96.427475	 96.421339	 96.415365	 96.409552	 96.403895	 96.398392	  96.39304	 96.387836	 96.382778	 96.377861	 96.373084	 96.368443	 96.363936	  96.35956	 96.355312	  96.35119	  96.34719	 96.343311	 96.339549	 96.335901	 96.332367	 96.328942	 96.325624	 96.322412	 96.319301	 96.316291	 96.313379	 96.310563	  96.30784	 96.305207	 96.302664	 96.300208	 96.297836	 96.295547	 96.293339	  96.29121	 96.289158	 96.287181	 96.285277	 96.283444	 96.281682	 96.279987	 96.278359	 96.276796	 96.275297	 96.273859	 96.272482	 96.271164	 96.269903	 96.268699	 96.267551	 96.266456	 96.265414	 96.264424	 96.263485	 96.262595	 96.261754	  96.26096	 96.260214	 96.259513	 96.258858	 96.258248	 96.257681	 96.257157	 96.256676	 96.256237	  96.25584	 96.255483	 96.255167	 96.254892	 96.254656	  96.25446	 96.254304	 96.254187	 96.254109	  96.25407	
        99	 98.956975	 98.913959	 98.870961	 98.827991	 98.785058	  98.74217	 98.699338	  98.65657	 98.613875	 98.571262	  98.52874	 98.486319	 98.444006	  98.40181	 98.359741	 98.317807	 98.276016	 98.234376	 98.192897	 98.151586	 98.110452	 98.069502	 98.028744	 97.988187	 97.947837	 97.907703	 97.867791	 97.828109	 97.788665	 97.749464	 97.710514	 97.671822	 97.633394	 97.595236	 97.557355	 97.519757	 97.482447	 97.445432	 97.408716	 97.372305	 97.336205	  97.30042	 97.264956	 97.229816	 97.195006	 97.160529	  97.12639	 97.092592	 97.059141	 97.026038	 96.993287	 96.960892	 96.928855	  96.89718	 96.865868	 96.834923	 96.804347	 96.774142	 96.744309	  96.71485	 96.685767	 96.657062	 96.628734	 96.600787	 96.573219	 96.546032	 96.519227	 96.492803	 96.466761	   96.4411	 96.415822	 96.390924	 96.366407	  96.34227	 96.318513	 96.295134	 96.272132	 96.249506	 96.227255	 96.205376	 96.183869	 96.162732	 96.141963	 96.121559	 96.101519	  96.08184	  96.06252	 96.043557	 96.024948	 96.006689	 95.988779	 95.971215	 95.953993	 95.937111	 95.920565	 95.904353	  95.88847	 95.872913	  95.85768	 95.842767	 95.828169	 95.813884	 95.799907	 95.786235	 95.772865	 95.759792	 95.747013	 95.734523	 95.722319	 95.710397	 95.698753	 95.687383	 95.676282	 95.665447	 95.654874	 95.644559	 95.634497	 95.624685	 95.615118	 95.605792	 95.596704	 95.587849	 95.579223	 95.570822	 95.562643	  95.55468	 95.546931	  95.53939	 95.532055	 95.524921	 95.517984	 95.511241	 95.504687	 95.498319	 95.492133	 95.486125	 95.480292	  95.47463	 95.469134	 95.463803	 95.458632	 95.453617	 95.448755	 95.444043	 95.439478	 95.435056	 95.430773	 95.426627	 95.422615	 95.418733	 95.414979	 95.411349	  95.40784	  95.40445	 95.401175	 95.398014	 95.394963	  95.39202	 95.389182	 95.386446	  95.38381	 95.381272	  95.37883	  95.37648	 95.374221	 95.372051	 95.369968	 95.367969	 95.366052	 95.364217	 95.362459	 95.360779	 95.359175	 95.357643	 95.356184	 95.354795	 95.353476	 95.352223	 95.351037	 95.349916	 95.348859	 95.347864	  95.34693	 95.346057	 95.345243	 95.344487	 95.343789	 95.343148	 95.342563	 95.342033	 95.341558	 95.341137	 95.340769	 95.340455	 95.340194	 95.339986	  95.33983	 95.339726	 95.339674	
        99	 98.946236	 98.892483	 98.838753	 98.785058	 98.731408	 98.677816	 98.624293	  98.57085	 98.517499	  98.46425	 98.411114	 98.358104	  98.30523	 98.252502	 98.199933	 98.147532	  98.09531	 98.043277	 97.991445	 97.939823	 97.888422	 97.837251	  97.78632	 97.735639	 97.685218	 97.635067	 97.585193	 97.535607	 97.486317	 97.437332	  97.38866	  97.34031	 97.292291	 97.244609	 97.197273	  97.15029	 97.103668	 97.057413	 97.011533	 96.966034	 96.920924	 96.876207	  96.83189	  96.78798	 96.744481	 96.701399	 96.658739	 96.616505	 96.574704	 96.533338	 96.492413	 96.451932	 96.411899	 96.372318	 96.333191	 96.294522	 96.256314	 96.218569	  96.18129	 96.144479	 96.108137	 96.072266	 96.036869	 96.001945	 95.967497	 95.933524	 95.900028	 95.867009	 95.834467	 95.802402	 95.770813	 95.739701	 95.709065	 95.678904	 95.649216	 95.620002	 95.591259	 95.562985	  95.53518	 95.507841	 95.480966	 95.454553	 95.428599	 95.403103	 95.378061	  95.35347	 95.329328	 95.305632	 95.282377	 95.259562	 95.237182	 95.215233	 95.193713	 95.172617	 95.151941	 95.131682	 95.111835	 95.092396	  95.07336	 95.054724	 95.036483	 95.018632	 95.001167	 94.984083	 94.967375	  94.95104	  94.93507	 94.919463	 94.904213	 94.889316	 94.874765	 94.860557	 94.846685	 94.833146	 94.819934	 94.807044	 94.794471	 94.782209	 94.770254	 94.758601	 94.747245	 94.736179	 94.725401	 94.714903	 94.704682	 94.694732	 94.685048	 94.675626	 94.666459	 94.657545	 94.648877	  94.64045	 94.632261	 94.624303	 94.616573	 94.609066	 94.601776	 94.594701	 94.587834	 94.581172	 94.574709	 94.568443	 94.562368	  94.55648	 94.550775	 94.545249	 94.539898	 94.534717	 94.529703	 94.524852	 94.520161	 94.515625	  94.51124	 94.507004	 94.502912	 94.498962	  94.49515	 94.491472	 94.487925	 94.484506	 94.481213	 94.478041	 94.474989	 94.472053	 94.469231	 94.466519	 94.463915	 94.461417	 94.459023	 94.456729	 94.454533	 94.452434	 94.450428	 94.448515	 94.446691	 94.444956	 94.443307	 94.441742	  94.44026	 94.438859	 94.437537	 94.436294	 94.435127	 94.434036	 94.433019	 94.432074	 94.431202	 94.430401	  94.42967	 94.429008	 94.428414	 94.427888	 94.427429	 94.427037	  94.42671	  94.42645	 94.426255	 94.426125	  94.42606	
        99	 98.935508	  98.87103	  98.80658	  98.74217	 98.677816	 98.613531	 98.549329	 98.485222	 98.421225	 98.357351	 98.293614	 98.230027	 98.166603	 98.103355	 98.040296	 97.977439	 97.914797	 97.852383	 97.790208	 97.728286	 97.666629	 97.605248	 97.544155	 97.483362	  97.42288	 97.362722	 97.302897	 97.243417	 97.184292	 97.125533	  97.06715	 97.009153	 96.951552	 96.894356	 96.837575	 96.781218	 96.725293	 96.669809	 96.614775	 96.560198	 96.506086	 96.452447	 96.399288	 96.346616	 96.294438	  96.24276	 96.191587	 96.140928	 96.090785	 96.041166	 95.992075	 95.943517	 95.895496	 95.848017	 95.801084	 95.754699	 95.708868	 95.663592	 95.618874	 95.574717	 95.531124	 95.488097	 95.445636	 95.403744	 95.362422	 95.321671	 95.281492	 95.241884	 95.202849	 95.164386	 95.126495	 95.089175	 95.052426	 95.016247	 94.980636	 94.945592	 94.911114	 94.877199	 94.843846	 94.811052	 94.778814	 94.747131	 94.715999	 94.685415	 94.655377	 94.625879	  94.59692	 94.568496	 94.540601	 94.513233	 94.486388	  94.46006	 94.434246	 94.408941	  94.38414	 94.359838	 94.336031	 94.312713	 94.289879	 94.267525	 94.245644	 94.224231	 94.203281	 94.182788	 94.162747	 94.143152	 94.123996	 94.105275	 94.086983	 94.069112	 94.051658	 94.034615	 94.017976	 94.001735	 93.985887	 93.970425	 93.955343	 93.940635	 93.926295	 93.912316	 93.898694	 93.885421	 93.872491	 93.859899	 93.847638	 93.835703	 93.824087	 93.812785	  93.80179	 93.791096	 93.780698	 93.770591	 93.760767	 93.751222	 93.741949	 93.732944	   93.7242	 93.715713	 93.707476	 93.699484	 93.691733	 93.684216	 93.676929	 93.669866	 93.663023	 93.656394	 93.649975	  93.64376	 93.637746	 93.631928	   93.6263	 93.620859	 93.615599	 93.610518	  93.60561	 93.600871	 93.596298	 93.591886	 93.587632	 93.583531	 93.579581	 93.575776	 93.572115	 93.568593	 93.565208	 93.561955	 93.558832	 93.555835	 93.552963	 93.550211	 93.547577	 93.545059	 93.542654	 93.540359	 93.538171	  93.53609	 93.534111	 93.532234	 93.530456	 93.528776	 93.527191	 93.525699	   93.5243	 93.522991	  93.52177	 93.520638	 93.519592	  93.51863	 93.517753	 93.516959	 93.516247	 93.515616	 93.515065	 93.514595	 93.514203	 93.513891	 93.513657	 93.513501	 93.513423	
        99	 98.924794	 98.849605	 98.774447	 98.699338	 98.624293	 98.549329	  98.47446	 98.399704	 98.325075	  98.25059	 98.176265	 98.102114	 98.028153	 97.954398	 97.880863	 97.807565	 97.734516	 97.661733	  97.58923	 97.517021	  97.44512	 97.373542	   97.3023	 97.231408	 97.160879	 97.090727	 97.020963	 96.951602	 96.882655	 96.814134	 96.746052	 96.678421	 96.611251	 96.544553	 96.478339	 96.412619	 96.347404	 96.282703	 96.218526	 96.154882	 96.091781	 96.029231	 95.967241	 95.905819	 95.844972	 95.784709	 95.725036	  95.66596	 95.607488	 95.549626	 95.492379	 95.435754	 95.379756	  95.32439	 95.269659	 95.215569	 95.162123	 95.109326	 95.057179	 95.005687	 94.954852	 94.904677	 94.855162	 94.806311	 94.758124	 94.710603	 94.663749	 94.617562	 94.572042	 94.527189	 94.483003	 94.439483	 94.396629	  94.35444	 94.312913	 94.272048	 94.231841	 94.192293	 94.153398	 94.115156	 94.077564	 94.040617	 94.004313	 93.968649	  93.93362	 93.899222	 93.865452	 93.832305	 93.799777	 93.767863	 93.736557	 93.705856	 93.675753	 93.646244	 93.617323	 93.588984	 93.561222	  93.53403	 93.507403	 93.481335	 93.455819	 93.430849	 93.406419	 93.382522	 93.359151	 93.336301	 93.313963	 93.292132	   93.2708	 93.249961	 93.229608	 93.209733	  93.19033	 93.171391	  93.15291	 93.134879	 93.117292	  93.10014	 93.083418	 93.067117	 93.051232	 93.035754	 93.020676	 93.005992	 92.991695	 92.977777	 92.964231	 92.951051	 92.938229	 92.925759	 92.913634	 92.901847	 92.890392	 92.879261	 92.868448	 92.857947	  92.84775	 92.837853	 92.828247	 92.818928	 92.809889	 92.801123	 92.792626	  92.78439	 92.776409	 92.768679	 92.761194	 92.753947	 92.746934	 92.740149	 92.733586	 92.727241	 92.721108	 92.715182	 92.709459	 92.703933	   92.6986	 92.693456	 92.688494	 92.683713	 92.679106	 92.674669	   92.6704	 92.666293	 92.662345	 92.658552	  92.65491	 92.651416	 92.648066	 92.644857	 92.641786	 92.638849	 92.636044	 92.633368	 92.630817	 92.628389	 92.626083	 92.623894	  92.62182	 92.619861	 92.618012	 92.616273	 92.614641	 92.613114	 92.611691	 92.610371	 92.609151	  92.60803	 92.607007	 92.606081	  92.60525	 92.604514	 92.603872	 92.603324	 92.602867	 92.602503	  92.60223	 92.602048	 92.601957	
        99	 98.914097	 98.828211	 98.742363	  98.65657	  98.57085	 98.485222	 98.399704	 98.314314	 98.229069	 98.143989	 98.059091	 97.974392	 97.889911	 97.805664	  97.72167	 97.637944	 97.554505	 97.471369	 97.388552	 97.306072	 97.223944	 97.142184	 97.060808	 96.979832	  96.89927	 96.819138	 96.739451	 96.660224	 96.581469	 96.503202	 96.425436	 96.348183	 96.271458	 96.195274	 96.119641	 96.044573	 95.970081	 95.896176	  95.82287	 95.750173	 95.678096	 95.606649	 95.535841	 95.465682	  95.39618	 95.327344	 95.259183	 95.191703	 95.124914	 95.058821	 94.993431	 94.928752	 94.864788	 94.801546	  94.73903	 94.677246	 94.616198	  94.55589	 94.496326	 94.437509	 94.379443	  94.32213	 94.265572	 94.209772	 94.154731	  94.10045	 94.046931	 93.994174	 93.942179	 93.890946	 93.840474	 93.790764	 93.741815	 93.693624	  93.64619	 93.599511	 93.553586	 93.508411	 93.463985	 93.420303	 93.377363	 93.335161	 93.293693	 93.252955	 93.212943	 93.173653	 93.135079	 93.097217	 93.060062	 93.023608	 92.987849	 92.952781	 92.918396	 92.884689	 92.851654	 92.819284	 92.787573	 92.756513	 92.726099	 92.696323	 92.667177	 92.638655	  92.61075	 92.583454	 92.556759	 92.530658	 92.505143	 92.480206	  92.45584	 92.432036	 92.408788	 92.386086	 92.363923	  92.34229	  92.32118	 92.300584	 92.280495	 92.260904	 92.241803	 92.223184	 92.205038	 92.187359	 92.170136	 92.153364	 92.137032	 92.121135	 92.105662	 92.090607	 92.075962	 92.061718	 92.047868	 92.034404	 92.021319	 92.008605	 91.996254	 91.984259	 91.972612	 91.961307	 91.950335	  91.93969	 91.929365	 91.919353	 91.909646	 91.900239	 91.891123	 91.882294	 91.873744	 91.865466	 91.857455	 91.849705	 91.842209	 91.834961	 91.827956	 91.821187	  91.81465	 91.808338	 91.802246	  91.79637	 91.790703	 91.785241	 91.779978	 91.774911	 91.770034	 91.765343	 91.760833	 91.756501	 91.752341	  91.74835	 91.744523	 91.740858	  91.73735	 91.733996	 91.730792	 91.727734	 91.724821	 91.722048	 91.719413	 91.716913	 91.714545	 91.712306	 91.710195	 91.708208	 91.706344	   91.7046	 91.702975	 91.701466	 91.700073	 91.698792	 91.697624	 91.696566	 91.695617	 91.694777	 91.694044	 91.693417	 91.692895	 91.692479	 91.692167	  91.69196	 91.691856	
        99	 98.903417	 98.806855	 98.710334	 98.613875	 98.517499	 98.421225	 98.325075	 98.229069	 98.133228	 98.037571	 97.942118	  97.84689	 97.751905	 97.657185	 97.562749	 97.468614	 97.374802	  97.28133	 97.188218	 97.095484	 97.003145	 96.911221	 96.819729	 96.728685	 96.638109	 96.548015	 96.458421	 96.369344	 96.280799	 96.192801	 96.105367	 96.018511	 95.932248	 95.846591	 95.761556	 95.677156	 95.593403	  95.51031	 95.427891	 95.346157	 95.265119	  95.18479	 95.105179	 95.026297	 94.948155	 94.870761	 94.794126	 94.718258	 94.643165	 94.568856	 94.495337	 94.422617	 94.350701	 94.279596	 94.209309	 94.139843	 94.071206	   94.0034	 93.936431	 93.870303	 93.805018	  93.74058	 93.676991	 93.614254	  93.55237	 93.491341	 93.431168	 93.371852	 93.313393	 93.255791	 93.199045	 93.143155	  93.08812	 93.033938	 92.980607	 92.928126	 92.876491	   92.8257	  92.77575	 92.726638	  92.67836	 92.630911	 92.584288	 92.538486	   92.4935	 92.449325	 92.405956	 92.363387	 92.321612	 92.280626	 92.240422	 92.200994	 92.162335	 92.124437	 92.087295	 92.050901	 92.015247	 91.980327	 91.946131	 91.912653	 91.879884	 91.847817	 91.816442	 91.785752	 91.755739	 91.726393	 91.697705	 91.669669	 91.642274	 91.615511	 91.589372	 91.563848	 91.538929	 91.514607	 91.490873	 91.467717	  91.44513	 91.423103	 91.401627	 91.380694	 91.360292	 91.340415	 91.321052	 91.302194	 91.283832	 91.265958	 91.248562	 91.231635	 91.215169	 91.199155	 91.183583	 91.168445	 91.153734	 91.139439	 91.125552	 91.112066	 91.098971	  91.08626	 91.073925	 91.061957	 91.050348	 91.039091	 91.028177	   91.0176	 91.007352	 90.997425	 90.987811	 90.978505	 90.969498	 90.960784	 90.952356	 90.944207	 90.936331	 90.928721	 90.921371	 90.914274	 90.907425	 90.900818	 90.894447	 90.888306	 90.882389	 90.876692	 90.871209	 90.865935	 90.860864	 90.855993	 90.851316	 90.846829	 90.842526	 90.838405	 90.834461	  90.83069	 90.827088	  90.82365	 90.820375	 90.817257	 90.814294	 90.811483	 90.808821	 90.806304	  90.80393	 90.801696	 90.799601	  90.79764	 90.795813	 90.794117	  90.79255	  90.79111	 90.789797	 90.788607	 90.787541	 90.786596	 90.785771	 90.785066	  90.78448	 90.784012	 90.783662	 90.783428	 90.783312	
        99	 98.892758	 98.785539	 98.678366	 98.571262	  98.46425	 98.357351	  98.25059	 98.143989	 98.037571	 97.931357	  97.82537	 97.719632	 97.614165	 97.508992	 97.404133	  97.29961	 97.195445	 97.091658	 96.988269	 96.885301	 96.782772	 96.680703	 96.579113	 96.478022	 96.377449	 96.277413	 96.177932	 96.079024	 95.980707	 95.882998	 95.785915	 95.689473	  95.59369	  95.49858	 95.404161	 95.310446	  95.21745	 95.125187	 95.033672	 94.942918	 94.852937	 94.763742	 94.675345	 94.587758	 94.500992	 94.415057	 94.329965	 94.245724	 94.162344	 94.079833	 93.998201	 93.917455	 93.837603	 93.758651	 93.680606	 93.603475	 93.527263	 93.451974	 93.377615	 93.304188	 93.231698	 93.160149	 93.089542	 93.019881	 92.951168	 92.883404	  92.81659	 92.750728	 92.685817	 92.621858	  92.55885	 92.496792	 92.435683	 92.375521	 92.316305	 92.258032	 92.200699	 92.144303	  92.08884	 92.034308	 91.980701	 91.928016	 91.876248	 91.825391	  91.77544	  91.72639	 91.678235	 91.630968	 91.584583	 91.539074	 91.494433	 91.450654	 91.407728	 91.365648	 91.324407	 91.283997	 91.244408	 91.205634	 91.167664	 91.130491	 91.094106	   91.0585	 91.023663	 90.989586	  90.95626	 90.923675	 90.891822	 90.860691	 90.830273	 90.800556	 90.771533	 90.743192	 90.715523	 90.688517	 90.662163	 90.636452	 90.611372	 90.586915	 90.563069	 90.539825	 90.517172	 90.495101	 90.473601	 90.452662	 90.432274	 90.412427	 90.393111	 90.374316	 90.356033	 90.338251	 90.320961	 90.304153	 90.287817	 90.271945	 90.256526	 90.241551	 90.227012	 90.212898	 90.199201	 90.185912	 90.173022	 90.160523	 90.148405	  90.13666	 90.125281	 90.114258	 90.103584	  90.09325	  90.08325	 90.073574	 90.064216	 90.055168	 90.046422	 90.037972	 90.029811	 90.021931	 90.014327	  90.00699	 89.999916	 89.993097	 89.986527	 89.980202	 89.974113	 89.968257	 89.962627	 89.957218	 89.952025	 89.947042	 89.942265	  89.93769	  89.93331	 89.929123	 89.925123	 89.921306	 89.917669	 89.914207	 89.910918	 89.907796	  89.90484	 89.902045	 89.899409	 89.896929	 89.894602	 89.892425	 89.890396	 89.888513	 89.886773	 89.885175	 89.883716	 89.882395	 89.881211	 89.880162	 89.879247	 89.878464	 89.877813	 89.877293	 89.876904	 89.876645	 89.876515	
        99	 98.882122	 98.764269	 98.646467	  98.52874	 98.411114	 98.293614	 98.176265	 98.059091	 97.942118	  97.82537	 97.708871	 97.592646	  97.47672	 97.361115	 97.245857	 97.130967	 97.016471	  96.90239	 96.788748	 96.675567	  96.56287	 96.450677	 96.339012	 96.227895	 96.117348	  96.00739	 95.898042	 95.789325	 95.681257	 95.573857	 95.467145	 95.361138	 95.255855	 95.151313	 95.047529	 94.944519	   94.8423	 94.740887	 94.640296	  94.54054	 94.441635	 94.343594	  94.24643	 94.150157	 94.054785	 93.960328	 93.866796	   93.7742	  93.68255	 93.591856	 93.502128	 93.413374	 93.325602	  93.23882	 93.153035	 93.068253	 92.984482	 92.901727	 92.819992	 92.739283	 92.659604	 92.580958	 92.503349	 92.426779	 92.351251	 92.276766	 92.203326	 92.130932	 92.059583	 91.989281	 91.920023	 91.851811	 91.784641	 91.718513	 91.653423	  91.58937	 91.526351	 91.464362	 91.403399	 91.343458	 91.284535	 91.226624	 91.169722	 91.113821	 91.058916	 91.005001	  90.95207	 90.900115	  90.84913	 90.799107	 90.750039	 90.701917	 90.654734	 90.608481	  90.56315	 90.518732	 90.475217	 90.432596	 90.390861	 90.350002	 90.310008	  90.27087	 90.232578	 90.195121	  90.15849	 90.122674	 90.087662	 90.053443	 90.020008	 89.987344	 89.955442	  89.92429	 89.893877	 89.864193	 89.835225	 89.806964	 89.779397	 89.752514	 89.726303	 89.700753	 89.675854	 89.651594	 89.627961	 89.604946	 89.582536	  89.56072	 89.539489	  89.51883	 89.498733	 89.479188	 89.460183	 89.441708	 89.423752	 89.406306	 89.389357	 89.372898	 89.356916	 89.341402	 89.326347	  89.31174	 89.297572	 89.283832	 89.270513	 89.257604	 89.245096	  89.23298	 89.221247	 89.209888	 89.198896	  89.18826	 89.177974	 89.168029	 89.158416	 89.149128	 89.140157	 89.131496	 89.123137	 89.115073	 89.107297	 89.099802	 89.092581	 89.085627	 89.078935	 89.072498	  89.06631	 89.060364	 89.054656	 89.049179	 89.043929	 89.038899	 89.034085	 89.029482	 89.025086	 89.020891	 89.016893	 89.013088	 89.009472	 89.006041	 89.002792	  88.99972	 88.996822	 88.994096	 88.991538	 88.989146	 88.986915	 88.984845	 88.982933	 88.981176	 88.979573	 88.978121	 88.976819	 88.975666	  88.97466	   88.9738	 88.973084	 88.972513	 88.972085	   88.9718	 88.971658	
        99	 98.871511	 98.743049	 98.614643	 98.486319	 98.358104	 98.230027	 98.102114	 97.974392	  97.84689	 97.719632	 97.592646	 97.465959	 97.339597	 97.213586	 97.087952	 96.962721	 96.837918	 96.713568	 96.589696	 96.466327	 96.343484	 96.221193	 96.099476	 95.978356	 95.857857	 95.738002	 95.618811	 95.500307	  95.38251	 95.265443	 95.149125	 95.033576	 94.918816	 94.804863	 94.691736	 94.579454	 94.468033	 94.357491	 94.247845	 94.139109	 94.031301	 93.924434	 93.818524	 93.713584	 93.609627	 93.506667	 93.404716	 93.303784	 93.203884	 93.105027	 93.007221	 92.910478	 92.814804	  92.72021	 92.626703	  92.53429	 92.442978	 92.352773	 92.263681	 92.175707	 92.088855	  92.00313	 91.918534	 91.835072	 91.752745	 91.671555	 91.591504	 91.512593	 91.434822	 91.358191	 91.282699	 91.208346	  91.13513	 91.063049	   90.9921	 90.922281	 90.853589	  90.78602	 90.719569	 90.654232	 90.590005	 90.526882	 90.464857	 90.403924	 90.344077	 90.285309	 90.227612	 90.170981	 90.115406	  90.06088	 90.007395	 89.954942	 89.903511	 89.853095	 89.803683	 89.755266	 89.707834	 89.661377	 89.615885	 89.571347	 89.527753	 89.485092	 89.443353	 89.402525	 89.362596	 89.323556	 89.285392	 89.248093	 89.211648	 89.176044	  89.14127	 89.107314	 89.074164	 89.041807	 89.010232	 88.979426	 88.949378	 88.920075	 88.891505	 88.863655	 88.836514	  88.81007	  88.78431	 88.759223	 88.734796	 88.711016	 88.687874	 88.665355	  88.64345	 88.622145	 88.601429	 88.581291	 88.561719	 88.542702	 88.524228	 88.506286	 88.488866	 88.471956	 88.455545	 88.439624	  88.42418	 88.409204	 88.394685	 88.380614	  88.36698	 88.353773	 88.340984	 88.328603	 88.316621	 88.305029	 88.293816	 88.282975	 88.272497	 88.262373	 88.252595	 88.243154	 88.234043	 88.225253	 88.216777	 88.208607	 88.200736	 88.193157	 88.185862	 88.178846	   88.1721	  88.16562	 88.159397	 88.153428	 88.147704	 88.142222	 88.136975	 88.131958	 88.127165	 88.122593	 88.118235	 88.114087	 88.110146	 88.106406	 88.102864	 88.099516	 88.096358	 88.093386	 88.090598	  88.08799	 88.085559	 88.083302	 88.081218	 88.079303	 88.077555	 88.075973	 88.074554	 88.073297	   88.0722	 88.071262	 88.070483	  88.06986	 88.069394	 88.069083	 88.068928	
        99	 98.860927	 98.721884	   98.5829	 98.444006	  98.30523	 98.166603	 98.028153	 97.889911	 97.751905	 97.614165	  97.47672	 97.339597	 97.202827	 97.066436	 96.930453	 96.794906	 96.659823	  96.52523	 96.391154	 96.257623	 96.124662	 95.992297	 95.860554	 95.729457	 95.599033	 95.469304	 95.340295	  95.21203	  95.08453	  94.95782	 94.831921	 94.706853	  94.58264	 94.459301	 94.336856	 94.215324	 94.094726	 93.975078	   93.8564	 93.738708	 93.622019	  93.50635	 93.391715	 93.278131	 93.165612	  93.05417	 92.943821	 92.834575	 92.726447	 92.619446	 92.513584	 92.408871	 92.305317	 92.202931	 92.101722	 92.001697	 91.902863	 91.805228	 91.708797	 91.613576	  91.51957	 91.426783	  91.33522	 91.244882	 91.155774	 91.067896	 90.981251	  90.89584	 90.811663	 90.728719	 90.647009	 90.566532	 90.487284	 90.409266	 90.332473	 90.256903	 90.182553	 90.109418	 90.037493	 89.966775	 89.897257	 89.828934	   89.7618	 89.695847	 89.631071	 89.567462	 89.505013	 89.443717	 89.383564	 89.324547	 89.266656	 89.209882	 89.154215	 89.099646	 89.046164	 88.993758	 88.942419	 88.892136	 88.842896	  88.79469	 88.747505	  88.70133	 88.656153	 88.611961	 88.568744	 88.526487	  88.48518	 88.444809	 88.405362	 88.366825	 88.329187	 88.292434	 88.256552	  88.22153	 88.187354	 88.154011	 88.121488	 88.089771	 88.058847	 88.028704	 87.999328	 87.970705	 87.942823	 87.915669	  87.88923	 87.863492	 87.838443	  87.81407	 87.790359	   87.7673	 87.744878	 87.723081	 87.701896	 87.681313	 87.661317	 87.641898	 87.623043	  87.60474	 87.586977	 87.569744	 87.553028	 87.536818	 87.521104	 87.505874	 87.491117	 87.476822	  87.46298	 87.449579	  87.43661	 87.424062	 87.411926	 87.400192	 87.388851	 87.377893	  87.36731	 87.357091	 87.347229	 87.337715	 87.328541	 87.319698	 87.311179	 87.302975	  87.29508	 87.287485	 87.280184	  87.27317	 87.266435	 87.259974	 87.253779	 87.247845	 87.242166	 87.236735	 87.231548	 87.226598	 87.221882	 87.217393	 87.213127	 87.209079	 87.205245	 87.201621	 87.198203	 87.194986	 87.191968	 87.189145	 87.186514	 87.184072	 87.181816	 87.179743	 87.177851	 87.176139	 87.174603	 87.173242	 87.172055	  87.17104	 87.170196	 87.169522	 87.169017	 87.168681	 87.168513	
        99	 98.850373	 98.700777	 98.551246	  98.40181	 98.252502	 98.103355	 97.954398	 97.805664	 97.657185	 97.508992	 97.361115	 97.213586	 97.066436	 96.919694	 96.773392	 96.627558	 96.482222	 96.337415	 96.193164	 96.049499	 95.906447	 95.764037	 95.622295	  95.48125	 95.340927	 95.201353	 95.062554	 94.924554	 94.787378	 94.651052	 94.515597	 94.381039	 94.247399	 94.114699	 93.982961	 93.852207	 93.722456	 93.593728	 93.466043	 93.339419	 93.213874	 93.089427	 92.966093	 92.843888	 92.722829	  92.60293	 92.484206	  92.36667	 92.250335	 92.135214	 92.021318	 91.908659	 91.797246	  91.68709	 91.578199	 91.470583	 91.364248	 91.259204	 91.155454	 91.053007	 90.951867	 90.852038	 90.753526	 90.656332	 90.560461	 90.465915	 90.372694	 90.280801	 90.190235	 90.100997	 90.013086	   89.9265	 89.841239	 89.757299	 89.674679	 89.593374	 89.513381	 89.434695	 89.357312	 89.281227	 89.206433	 89.132925	 89.060696	 88.989738	 88.920046	 88.851609	 88.784421	 88.718473	 88.653756	 88.590259	 88.527975	 88.466892	 88.407001	  88.34829	 88.290749	 88.234367	 88.179131	 88.125032	 88.072055	 88.020191	 87.969425	 87.919745	 87.871139	 87.823594	 87.777097	 87.731634	 87.687191	 87.643756	 87.601315	 87.559854	 87.519359	 87.479817	 87.441213	 87.403533	 87.366763	 87.330889	 87.295898	 87.261774	 87.228503	 87.196072	 87.164467	 87.133672	 87.103674	 87.074459	 87.046013	 87.018322	 86.991372	 86.965149	  86.93964	  86.91483	 86.890706	 86.867255	 86.844463	 86.822317	 86.800804	 86.779911	 86.759625	 86.739933	 86.720822	 86.702281	 86.684297	 86.666857	  86.64995	 86.633564	 86.617686	 86.602307	 86.587414	 86.572996	 86.559043	 86.545543	 86.532486	 86.519862	  86.50766	 86.495871	 86.484484	  86.47349	 86.462879	 86.452643	 86.442773	 86.433259	 86.424093	 86.415267	 86.406772	 86.398601	 86.390746	 86.383199	 86.375953	 86.369002	 86.362337	 86.355953	 86.349842	    86.344	 86.338419	 86.333094	 86.328019	 86.323189	   86.3186	 86.314245	  86.31012	 86.306221	 86.302543	 86.299082	 86.295835	 86.292798	 86.289967	  86.28734	 86.284912	 86.282682	 86.280647	 86.278804	 86.277152	 86.275688	 86.274411	 86.273319	 86.272411	 86.271686	 86.271143	 86.270781	   86.2706	
        99	  98.83985	 98.679733	 98.519686	 98.359741	 98.199933	 98.040296	 97.880863	  97.72167	 97.562749	 97.404133	 97.245857	 97.087952	 96.930453	 96.773392	   96.6168	  96.46071	 96.305153	 96.150162	 95.995767	 95.841998	 95.688885	  95.53646	  95.38475	 95.233785	 95.083594	 94.934204	 94.785643	 94.637938	 94.491115	 94.345201	 94.200221	 94.056199	  93.91316	 93.771128	 93.630125	 93.490175	 93.351299	 93.213518	 93.076853	 92.941325	 92.806951	 92.673751	 92.541743	 92.410944	 92.281372	 92.153041	 92.025967	 91.900165	 91.775648	 91.652431	 91.530525	 91.409942	 91.290694	 91.172791	 91.056242	 90.941058	 90.827245	 90.714813	 90.603767	 90.494115	 90.385862	 90.279013	 90.173572	 90.069543	  89.96693	 89.865734	 89.765957	 89.667601	 89.570666	 89.475152	 89.381059	 89.288384	 89.197126	 89.107284	 89.018852	 88.931829	 88.846211	 88.761991	 88.679166	  88.59773	 88.517676	 88.438998	 88.361689	 88.285742	 88.211148	 88.137898	 88.065985	 87.995399	  87.92613	 87.858168	 87.791504	 87.726125	 87.662021	 87.599182	 87.537594	 87.477247	 87.418127	 87.360222	 87.303521	 87.248008	 87.193672	 87.140499	 87.088475	 87.037586	 86.987818	 86.939158	  86.89159	   86.8451	 86.799674	 86.755297	 86.711955	 86.669631	 86.628312	 86.587982	 86.548627	  86.51023	 86.472778	 86.436254	 86.400644	 86.365932	 86.332103	 86.299143	 86.267035	 86.235766	 86.205319	 86.175681	 86.146835	 86.118768	 86.091465	  86.06491	  86.03909	 86.013989	 85.989594	 85.965891	 85.942865	 85.920503	  85.89879	 85.877713	 85.857259	 85.837413	 85.818164	 85.799498	 85.781402	 85.763863	 85.746869	 85.730409	 85.714468	 85.699037	 85.684102	 85.669653	 85.655677	 85.642165	 85.629105	 85.616486	 85.604299	 85.592532	 85.581175	 85.570219	 85.559654	 85.549471	 85.539661	 85.530214	 85.521122	 85.512376	 85.503969	 85.495891	 85.488136	 85.480695	 85.473562	 85.466728	 85.460188	 85.453935	 85.447961	 85.442262	  85.43683	 85.431661	 85.426748	 85.422087	 85.417672	 85.413499	 85.409563	 85.405859	 85.402383	 85.399133	 85.396103	  85.39329	 85.390692	 85.388305	 85.386127	 85.384155	 85.382386	 85.380819	 85.379452	 85.378283	 85.377312	 85.376535	 85.375954	 85.375567	 85.375374	
        99	  98.82936	 98.658757	 98.488227	 98.317807	 98.147532	 97.977439	 97.807565	 97.637944	 97.468614	  97.29961	 97.130967	 96.962721	 96.794906	 96.627558	  96.46071	 96.294397	 96.128652	 95.963509	 95.799001	 95.635161	 95.472021	 95.309612	 95.147966	 94.987113	 94.827085	 94.667911	  94.50962	 94.352241	 94.195802	 94.040331	 93.885855	   93.7324	 93.579993	 93.428658	 93.278421	 93.129304	 92.981332	 92.834527	 92.688911	 92.544506	 92.401331	 92.259407	 92.118754	 91.979388	 91.841329	 91.704593	 91.569196	 91.435154	 91.302483	 91.171195	 91.041305	 90.912824	 90.785766	 90.660141	 90.535959	  90.41323	 90.291963	 90.172167	 90.053848	 89.937014	 89.821671	 89.707823	 89.595477	 89.484635	   89.3753	 89.267477	 89.161165	 89.056367	 88.953083	 88.851314	 88.751057	 88.652313	 88.555078	 88.459351	 88.365128	 88.272405	 88.181179	 88.091443	 88.003194	 87.916424	 87.831127	 87.747296	 87.664923	 87.584002	 87.504522	 87.426475	 87.349852	 87.274643	 87.200837	 87.128424	 87.057393	 86.987732	  86.91943	 86.852475	 86.786853	 86.722553	 86.659561	 86.597864	 86.537449	 86.478301	 86.420406	  86.36375	 86.308318	 86.254096	 86.201069	 86.149222	 86.098538	 86.049004	 86.000603	 85.953319	 85.907138	 85.862042	 85.818017	 85.775046	 85.733113	 85.692201	 85.652296	  85.61338	 85.575437	 85.538452	 85.502408	 85.467288	 85.433078	 85.399761	  85.36732	  85.33574	 85.305006	   85.2751	 85.246008	 85.217714	 85.190203	 85.163458	 85.137466	  85.11221	 85.087676	 85.063849	 85.040714	 85.018257	 84.996463	 84.975318	 84.954808	 84.934919	 84.915637	  84.89695	 84.878843	 84.861304	  84.84432	 84.827878	 84.811965	 84.796569	 84.781679	 84.767281	 84.753366	 84.739921	 84.726935	 84.714397	 84.702297	 84.690623	 84.679367	 84.668517	 84.658064	 84.647998	  84.63831	 84.628992	 84.620034	 84.611427	 84.603164	 84.595236	 84.587635	 84.580354	 84.573386	 84.566723	 84.560358	 84.554285	 84.548498	  84.54299	 84.537756	 84.532789	 84.528085	 84.523638	 84.519444	 84.515498	 84.511795	 84.508331	 84.505103	 84.502106	 84.499338	 84.496795	 84.494474	 84.492372	 84.490488	 84.488818	 84.487362	 84.486117	 84.485081	 84.484254	 84.483635	 84.483222	 84.483016	
        99	 98.818907	 98.637853	 98.456876	 98.276016	  98.09531	 97.914797	 97.734516	 97.554505	 97.374802	 97.195445	 97.016471	 96.837918	 96.659823	 96.482222	 96.305153	 96.128652	 95.952754	 95.777495	 95.602909	 95.429032	 95.255898	  95.08354	 94.911991	 94.741285	 94.571453	 94.402528	  94.23454	  94.06752	 93.901498	 93.736502	 93.572563	 93.409708	 93.247964	 93.087359	 92.927918	 92.769667	  92.61263	 92.456832	 92.302296	 92.149044	 91.997098	  91.84648	  91.69721	 91.549307	  91.40279	 91.257678	 91.113987	 90.971734	 90.830935	 90.691604	 90.553757	 90.417406	 90.282564	 90.149243	 90.017453	 89.887206	 89.758511	 89.631376	 89.505809	 89.381818	 89.259408	 89.138587	 89.019358	 88.901726	 88.785694	 88.671264	  88.55844	 88.447223	 88.337612	 88.229607	 88.123209	 88.018416	 87.915225	 87.813633	 87.713638	 87.615235	  87.51842	 87.423188	 87.329532	 87.237446	 87.146924	 87.057958	 86.970539	  86.88466	 86.800311	 86.717484	 86.636167	  86.55635	 86.478023	 86.401174	 86.325791	 86.251863	 86.179377	  86.10832	 86.038679	  85.97044	 85.903589	 85.838112	 85.773996	 85.711224	 85.649783	 85.589656	 85.530829	 85.473285	  85.41701	 85.361986	 85.308198	 85.255629	 85.204263	 85.154083	 85.105072	 85.057214	 85.010492	 84.964888	 84.920386	 84.876968	 84.834618	 84.793318	 84.753051	   84.7138	 84.675548	 84.638278	 84.601972	 84.566613	 84.532185	 84.498671	 84.466053	 84.434316	 84.403442	 84.373415	 84.344218	 84.315835	  84.28825	 84.261447	  84.23541	 84.210123	 84.185571	 84.161738	 84.138609	 84.116169	 84.094402	 84.073295	 84.052833	    84.033	 84.013785	 83.995171	 83.977146	 83.959697	 83.942809	  83.92647	 83.910667	 83.895388	  83.88062	 83.866352	  83.85257	 83.839264	 83.826423	 83.814034	 83.802088	 83.790573	  83.77948	 83.768798	 83.758517	 83.748627	  83.73912	 83.729986	 83.721217	 83.712803	 83.704737	  83.69701	 83.689615	 83.682543	 83.675789	 83.669344	 83.663202	 83.657357	 83.651802	 83.646531	 83.641539	  83.63682	 83.632369	 83.628181	 83.624251	 83.620575	 83.617149	 83.613969	 83.611031	 83.608332	 83.605868	 83.603638	 83.601638	 83.599867	 83.598321	 83.596999	   83.5959	 83.595023	 83.594365	 83.593928	 83.593709	
