Time step 80:
        99	        99	        99	        99	        99	        99	        99	        99	        99	        99	        99	        99	        99	        99	        99	        99	        99	        99	        99	        99	        99	        99	        99	        99	        99	        99	        99	        99	        99	        99	        99	        99	        99	        99	        99	        99	        99	        99	        99	        99	        99	        99	        99	        99	        99	        99	        99	        99	        99	        99	        99	        99	        99	        99	        99	        99	        99	        99	        99	        99	        99	        99	        99	        99	        99	        99	        99	        99	        99	        99	        99	        99	        99	        99	        99	        99	        99	        99	        99	        99	        99	        99	        99	        99	        99	        99	        99	        99	        99	        99	        99	        99	        99	        99	        99	        99	        99	        99	        99	        99	        99	        99	        99	        99	        99	        99	        99	        99	        99	        99	        99	        99	        99	        99	        99	        99	        99	        99	        99	        99	        99	        99	        99	        99	        99	        99	        99	        99	        99	        99	        99	        99	        99	        99	        99	        99	        99	        99	        99	        99	        99	        99	        99	        99	        99	        99	        99	        99	        99	        99	        99	        99	        99	        99	        99	        99	        99	        99	        99	        99	        99	        99	        99	        99	        99	        99	        99	        99	        99	        99	        99	        99	        99	        99	        99	        99	        99	        99	        99	        99	        99	        99	        99	        99	        99	        99	        99	        99	        99	        99	        99	        99	        99	        99	        99	        99	        99	        99	        99	        99	
        99	 98.992063	 98.984127	 98.976194	 98.968264	  98.96034	 98.952422	 98.944511	 98.936609	 98.928717	 98.920836	 98.912968	 98.905113	 98.897273	 98.889449	 98.881643	 98.873854	 98.866086	 98.858338	 98.850613	  98.84291	 98.835232	 98.827579	 98.819953	 98.812354	 98.804784	 98.797244	 98.789735	 98.782258	 98.774814	 98.767403	 98.760028	 98.752689	 98.745387	 98.738122	 98.730897	 98.723711	 98.716566	 98.709463	 98.702402	 98.695385	 98.688412	 98.681484	 98.674601	 98.667765	 98.660977	 98.654236	 98.647545	 98.640902	  98.63431	 98.627769	 98.621279	 98.614842	 98.608456	 98.602125	 98.595847	 98.589623	 98.583454	  98.57734	 98.571282	 98.565281	 98.559336	 98.553448	 98.547617	 98.541844	 98.536129	 98.530473	 98.524875	 98.519337	 98.513857	 98.508437	 98.503076	 98.497776	 98.492535	 98.487355	 98.482235	 98.477175	 98.472176	 98.467237	 98.462358	 98.457541	 98.452784	 98.448087	 98.443452	 98.438876	 98.434361	 98.429907	 98.425513	 98.421178	 98.416904	  98.41269	 98.408536	 98.404441	 98.400405	 98.396428	 98.392511	 98.388652	 98.384851	 98.381108	 98.377424	 98.373797	 98.370227	 98.366714	 98.363257	 98.359857	 98.356512	 98.353224	  98.34999	 98.346811	 98.343686	 98.340615	 98.337598	 98.334634	 98.331723	 98.328864	 98.326056	   98.3233	 98.320595	  98.31794	 98.315336	  98.31278	 98.310274	 98.307816	 98.305407	 98.303045	 98.300729	 98.298461	 98.296238	 98.294061	 98.291929	 98.289842	 98.287799	 98.285799	 98.283842	 98.281928	 98.280055	 98.278224	 98.276435	 98.274685	 98.272976	 98.271306	 98.269675	 98.268082	 98.266528	 98.265011	 98.263531	 98.262088	  98.26068	 98.259308	 98.257972	 98.256669	 98.255401	 98.254167	 98.252966	 98.251798	 98.250662	 98.249559	 98.248486	 98.247445	 98.246434	 98.245454	 98.244504	 98.243583	 98.242691	 98.241828	 98.240994	 98.240187	 98.239408	 98.238656	 98.237932	 98.237234	 98.236562	 98.235916	 98.235297	 98.234702	 98.234133	 98.233589	 98.233069	 98.232574	 98.232103	 98.231655	 98.231232	 98.230832	 98.230455	 98.230102	 98.229771	 98.229464	 98.229178	 98.228916	 98.228675	 98.228457	 98.228262	 98.228088	 98.227936	 98.227806	 98.227697	 98.227611	 98.227546	 98.227502	 98.227481	
        99	 98.984127	 98.968257	 98.952392	 98.936534	 98.920686	 98.904851	 98.889031	 98.873228	 98.857445	 98.841684	 98.825949	 98.810241	 98.794562	 98.778916	 98.763304	 98.747729	 98.732193	 98.716699	 98.701249	 98.685845	  98.67049	 98.655186	 98.639934	 98.624738	   98.6096	 98.594521	 98.579504	  98.56455	 98.549663	 98.534844	 98.520094	 98.505417	 98.490813	 98.476286	 98.461836	 98.447466	 98.433178	 98.418972	 98.404852	 98.390818	 98.376873	 98.363017	 98.349254	 98.335583	 98.322007	 98.308527	 98.295145	 98.281861	 98.268678	 98.255597	 98.242618	 98.229744	 98.216975	 98.204312	 98.191757	  98.17931	 98.166974	 98.154747	 98.142632	  98.13063	 98.118741	 98.106966	 98.095305	 98.083761	 98.072332	  98.06102	 98.049825	 98.038749	 98.027791	 98.016951	 98.006231	 97.995631	 97.985151	 97.974791	 97.964551	 97.954432	 97.944434	 97.934558	 97.924802	 97.915167	 97.905654	 97.896262	 97.886991	 97.877841	 97.868812	 97.859903	 97.851116	 97.842448	 97.833901	 97.825473	 97.817165	 97.808975	 97.800905	 97.792952	 97.785117	   97.7774	 97.769799	 97.762315	 97.754946	 97.747692	 97.740553	 97.733527	 97.726615	 97.719815	 97.713126	 97.706549	 97.700082	 97.693725	 97.687476	 97.681335	 97.675301	 97.669373	 97.663551	 97.657833	 97.652219	 97.646707	 97.641298	 97.635989	 97.630779	 97.625669	 97.620657	 97.615742	 97.610923	 97.606199	 97.601569	 97.597032	 97.592588	 97.588234	 97.583971	 97.579796	  97.57571	  97.57171	 97.567797	 97.563969	 97.560224	 97.556563	 97.552983	 97.549485	 97.546066	 97.542727	 97.539465	  97.53628	 97.533172	 97.530138	 97.527178	 97.524292	 97.521477	 97.518734	  97.51606	 97.513456	 97.510921	 97.508452	  97.50605	 97.503714	 97.501443	 97.499235	 97.497091	 97.495009	 97.492988	 97.491028	 97.489127	 97.487285	 97.485502	 97.483776	 97.482107	 97.480494	 97.478936	 97.477433	 97.475984	 97.474588	 97.473245	 97.471953	 97.470714	 97.469525	 97.468387	 97.467298	 97.466259	 97.465268	 97.464326	 97.463432	 97.462585	 97.461785	 97.461032	 97.460325	 97.459664	 97.459049	 97.458478	 97.457953	 97.457473	 97.457037	 97.456645	 97.456297	 97.455993	 97.455733	 97.455516	 97.455343	 97.455213	 97.455127	 97.455084	
        99	 98.976194	 98.952392	 98.928597	 98.904813	 98.881045	 98.857295	 98.833568	 98.809867	 98.786196	 98.762558	 98.738958	 98.715398	 98.691884	 98.668417	 98.645002	 98.621643	 98.598343	 98.575105	 98.551933	  98.52883	   98.5058	 98.482847	 98.459973	 98.437182	 98.414477	 98.391861	 98.369338	 98.346911	 98.324583	 98.302357	 98.280236	 98.258223	 98.236321	 98.214532	 98.192861	 98.171308	 98.149878	 98.128573	 98.107395	 98.086347	 98.065432	 98.044652	 98.024009	 98.003505	 97.983144	 97.962927	 97.942856	 97.922934	 97.903162	 97.883542	 97.864077	 97.844768	 97.825617	 97.806625	 97.787795	 97.769128	 97.750625	 97.732288	 97.714118	 97.696117	 97.678285	 97.660625	 97.643137	 97.625822	 97.608681	 97.591715	 97.574926	 97.558313	 97.541878	 97.525621	 97.509543	 97.493645	 97.477926	 97.462388	 97.447031	 97.431855	  97.41686	 97.402047	 97.387415	 97.372965	 97.358697	 97.344611	 97.330706	 97.316983	 97.303441	  97.29008	   97.2769	 97.263901	 97.251081	 97.238441	  97.22598	 97.213698	 97.201593	 97.189666	 97.177916	 97.166341	 97.154941	 97.143716	 97.132664	 97.121785	 97.111077	 97.100541	 97.090173	 97.079975	 97.069944	 97.060079	  97.05038	 97.040845	 97.031473	 97.022263	 97.013213	 97.004323	  96.99559	 96.987015	 96.978594	 96.970328	 96.962214	 96.954252	 96.946439	 96.938775	 96.931258	 96.923886	 96.916659	 96.909574	  96.90263	 96.895826	 96.889159	  96.88263	 96.876235	 96.869974	 96.863846	 96.857847	 96.851978	 96.846236	  96.84062	 96.835129	 96.829761	 96.824514	 96.819386	 96.814378	 96.809486	 96.804709	 96.800047	 96.795497	 96.791058	 96.786729	 96.782507	 96.778393	 96.774383	 96.770478	 96.766675	 96.762973	  96.75937	 96.755867	  96.75246	 96.749149	 96.745933	  96.74281	 96.739779	 96.736839	 96.733989	 96.731227	 96.728552	 96.725963	  96.72346	 96.721041	 96.718704	  96.71645	 96.714276	 96.712183	 96.710168	 96.708232	 96.706372	  96.70459	 96.702882	  96.70125	 96.699691	 96.698205	 96.696792	 96.695451	 96.694181	 96.692981	 96.691852	 96.690792	   96.6898	 96.688877	 96.688022	 96.687234	 96.686513	 96.685859	 96.685272	  96.68475	 96.684294	 96.683904	 96.683579	 96.683319	 96.683125	 96.682995	  96.68293	
        99	 98.968264	 98.936534	 98.904813	 98.873108	 98.841422	 98.809762	 98.778131	 98.746536	  98.71498	 98.683469	 98.652008	 98.620601	 98.589254	 98.557971	 98.526757	 98.495617	 98.464555	 98.433577	 98.402687	 98.371889	 98.341188	 98.310589	 98.280096	 98.249714	 98.219446	 98.189297	 98.159273	 98.129375	  98.09961	 98.069981	 98.040491	 98.011146	 97.981948	 97.952903	 97.924012	 97.895281	 97.866713	 97.838311	 97.810079	 97.782021	 97.754139	 97.726437	 97.698918	 97.671585	 97.644442	  97.61749	 97.590734	 97.564176	 97.537818	 97.511664	 97.485715	 97.459974	 97.434444	 97.409126	 97.384024	 97.359139	 97.334473	 97.310028	 97.285806	 97.261809	 97.238038	 97.214495	 97.191182	 97.168099	 97.145249	 97.122633	 97.100251	 97.078105	 97.056195	 97.034523	  97.01309	 96.991896	 96.970942	 96.950228	 96.929756	 96.909525	 96.889535	 96.869788	 96.850282	 96.831019	 96.811999	  96.79322	 96.774684	  96.75639	 96.738338	 96.720527	 96.702957	 96.685627	 96.668537	 96.651687	 96.635076	 96.618702	 96.602566	 96.586666	 96.571001	 96.555571	 96.540375	 96.525411	 96.510677	 96.496174	   96.4819	 96.467854	 96.454033	 96.440438	 96.427065	 96.413915	 96.400985	 96.388274	  96.37578	 96.363502	 96.351438	 96.339587	 96.327946	 96.316514	 96.305289	 96.294269	 96.283453	 96.272838	 96.262423	 96.252206	 96.242185	 96.232358	 96.222723	 96.213278	 96.204021	 96.194951	 96.186064	 96.177359	 96.168835	 96.160489	 96.152318	 96.144322	 96.136498	 96.128844	 96.121357	 96.114037	  96.10688	 96.099885	 96.093051	 96.086373	 96.079852	 96.073485	 96.067269	 96.061204	 96.055286	 96.049515	 96.043887	 96.038402	 96.033057	 96.027851	 96.022781	 96.017846	 96.013044	 96.008373	 96.003832	 95.999418	 95.995131	 95.990968	 95.986927	 95.983008	 95.979208	 95.975526	  95.97196	  95.96851	 95.965172	 95.961947	 95.958832	 95.955827	 95.952929	 95.950139	 95.947453	 95.944871	 95.942393	 95.940016	  95.93774	 95.935564	 95.933486	 95.931505	 95.929622	 95.927834	 95.926141	 95.924542	 95.923036	 95.921622	 95.920301	  95.91907	  95.91793	  95.91688	 95.915919	 95.915047	 95.914264	 95.913569	 95.912961	 95.912441	 95.912008	 95.911661	 95.911402	 95.911229	 95.911142	
        99	  98.96034	 98.920686	 98.881045	 98.841422	 98.801825	 98.762258	  98.72273	 98.683244	 98.643809	  98.60443	 98.565113	 98.525864	 98.486689	 98.447594	 98.408586	  98.36967	 98.330853	 98.292139	 98.253535	 98.215047	  98.17668	  98.13844	 98.100333	 98.062364	 98.024538	 97.986862	 97.949339	 97.911977	 97.874779	 97.837751	 97.800898	 97.764225	 97.727737	 97.691438	 97.655334	 97.619428	 97.583727	 97.548233	 97.512951	 97.477886	 97.443042	 97.408423	 97.374032	 97.339874	 97.305953	 97.272272	 97.238835	 97.205645	 97.172705	  97.14002	 97.107591	 97.075423	 97.043518	 97.011879	 96.980508	 96.949409	 96.918584	 96.888035	 96.857765	 96.827775	 96.798069	 96.768647	 96.739512	 96.710666	  96.68211	 96.653846	 96.625875	 96.598199	 96.570819	 96.543736	  96.51695	 96.490464	 96.464278	 96.438392	 96.412807	 96.387524	 96.362543	 96.337865	 96.313489	 96.289416	 96.265646	 96.242178	 96.219014	 96.196151	 96.173591	 96.151333	 96.129375	 96.107718	 96.086361	 96.065304	 96.044544	 96.024082	 96.003917	 95.984046	  95.96447	 95.945187	 95.926196	 95.907495	 95.889083	 95.870959	  95.85312	 95.835566	 95.818295	 95.801304	 95.784593	 95.768159	    95.752	 95.736115	 95.720502	 95.705158	 95.690081	  95.67527	 95.660723	 95.646436	 95.632408	 95.618637	  95.60512	 95.591854	 95.578839	 95.566071	 95.553547	 95.541266	 95.529225	 95.517422	 95.505854	 95.494518	 95.483412	 95.472534	 95.461881	 95.451451	  95.44124	 95.431248	 95.421469	 95.411904	 95.402548	   95.3934	 95.384456	 95.375715	 95.367173	 95.358829	 95.350679	 95.342722	 95.334954	 95.327374	 95.319979	 95.312766	 95.305734	 95.298879	 95.292199	 95.285693	 95.279357	  95.27319	 95.267189	 95.261351	 95.255676	 95.250161	 95.244802	   95.2396	  95.23455	 95.229652	 95.224903	 95.220302	 95.215846	 95.211534	 95.207363	 95.203333	  95.19944	 95.195684	 95.192063	 95.188575	 95.185219	 95.181993	 95.178896	 95.175926	 95.173081	 95.170361	 95.167764	  95.16529	 95.162936	 95.160701	 95.158585	 95.156587	 95.154705	 95.152938	 95.151287	 95.149749	 95.148324	 95.147012	 95.145811	 95.144722	 95.143743	 95.142874	 95.142114	 95.141464	 95.140923	  95.14049	 95.140166	  95.13995	 95.139842	
        99	 98.952422	 98.904851	 98.857295	 98.809762	 98.762258	 98.714793	 98.667372	 98.620003	 98.572695	 98.525453	 98.478286	 98.431201	 98.384205	 98.337305	 98.290509	 98.243823	 98.197255	 98.150813	 98.104501	 98.058329	 98.012302	 97.966427	 97.920712	 97.875162	 97.829784	 97.784586	 97.739572	  97.69475	 97.650125	 97.605704	 97.561494	 97.517499	 97.473725	  97.43018	 97.386867	 97.343793	 97.300963	 97.258383	 97.216057	 97.173992	 97.132191	 97.090659	 97.049403	 97.008425	 96.967732	 96.927326	 96.887213	 96.847396	  96.80788	 96.768669	 96.729766	 96.691175	   96.6529	 96.614944	 96.577311	 96.540003	 96.503023	 96.466375	 96.430061	 96.394084	 96.358447	 96.323151	 96.288199	 96.253594	 96.219337	  96.18543	 96.151874	 96.118673	 96.085826	 96.053335	 96.021202	 95.989428	 95.958013	 95.926959	 95.896266	 95.865936	 95.835967	 95.806362	 95.777119	  95.74824	 95.719724	 95.691571	 95.663782	 95.636355	  95.60929	 95.582588	 95.556246	 95.530266	 95.504645	 95.479383	 95.454479	 95.429931	  95.40574	 95.381902	 95.358418	 95.335285	 95.312502	 95.290067	 95.267979	 95.246236	 95.224836	 95.203777	 95.183058	 95.162675	 95.142627	 95.122912	 95.103527	 95.084471	  95.06574	 95.047333	 95.029246	 95.011478	 94.994026	 94.976887	 94.960058	 94.943537	 94.927322	 94.911408	 94.895794	 94.880476	 94.865453	  94.85072	 94.836275	 94.822115	 94.808237	 94.794638	 94.781315	 94.768265	 94.755485	 94.742972	 94.730724	 94.718735	 94.707005	  94.69553	 94.684306	 94.673331	 94.662602	 94.652115	 94.641868	 94.631858	 94.622081	 94.612535	 94.603217	 94.594123	 94.585252	 94.576599	 94.568162	 94.559939	 94.551926	  94.54412	 94.536519	 94.529121	 94.521922	 94.514919	 94.508111	 94.501494	 94.495066	 94.488824	 94.482767	 94.476891	 94.471194	 94.465674	 94.460328	 94.455155	 94.450152	 94.445317	 94.440647	 94.436141	 94.431797	 94.427613	 94.423587	 94.419717	 94.416001	 94.412438	 94.409025	 94.405762	 94.402647	 94.399678	 94.396854	 94.394174	 94.391635	 94.389238	  94.38698	 94.384861	  94.38288	 94.381035	 94.379326	 94.377751	 94.376311	 94.375004	 94.373829	 94.372787	 94.371876	 94.371096	 94.370447	 94.369928	 94.369539	 94.369279	  94.36915	
        99	 98.944511	 98.889031	 98.833568	 98.778131	  98.72273	 98.667372	 98.612066	 98.556822	 98.501647	 98.446551	 98.391542	 98.336628	 98.281818	  98.22712	 98.172543	 98.118095	 98.063785	  98.00962	 97.955609	 97.901759	 97.848079	 97.794577	 97.741261	 97.688137	 97.635215	 97.582501	 97.530003	 97.477728	 97.425684	 97.373878	 97.322316	 97.271006	 97.219955	 97.169169	 97.118655	 97.068419	 97.018468	 96.968808	 96.919445	 96.870385	 96.821634	 96.773197	 96.725081	  96.67729	  96.62983	 96.582706	 96.535924	 96.489487	 96.443401	  96.39767	 96.352299	 96.307292	 96.262653	 96.218386	 96.174495	 96.130984	 96.087855	 96.045114	 96.002762	 95.960804	 95.919241	 95.878076	 95.837313	 95.796954	 95.757001	 95.717456	 95.678322	   95.6396	 95.601292	 95.563399	 95.525923	 95.488866	 95.452228	 95.416011	 95.380215	 95.344841	  95.30989	 95.275361	 95.241257	 95.207576	 95.174319	 95.141485	 95.109075	 95.077088	 95.045524	 95.014381	  94.98366	  94.95336	 94.923479	 94.894017	 94.864972	 94.836343	 94.808129	 94.780328	 94.752939	  94.72596	 94.699389	 94.673224	 94.647464	 94.622105	 94.597147	 94.572587	 94.548422	  94.52465	 94.501269	 94.478276	 94.455668	 94.433443	 94.411598	 94.390131	 94.369037	 94.348315	 94.327961	 94.307972	 94.288345	 94.269077	 94.250165	 94.231606	 94.213396	 94.195531	  94.17801	 94.160827	  94.14398	 94.127466	 94.111281	 94.095421	 94.079883	 94.064663	 94.049758	 94.035165	 94.020879	 94.006898	 93.993217	 93.979834	 93.966744	 93.953944	 93.941431	 93.929201	  93.91725	 93.905576	 93.894173	  93.88304	 93.872172	 93.861567	  93.85122	 93.841129	 93.831289	 93.821698	 93.812353	  93.80325	 93.794385	 93.785756	  93.77736	 93.769194	 93.761253	 93.753536	 93.746039	  93.73876	 93.731695	 93.724842	 93.718198	  93.71176	 93.705526	 93.699493	 93.693658	 93.688018	 93.682572	 93.677317	 93.672251	 93.667371	 93.662676	 93.658162	 93.653828	 93.649673	 93.645693	 93.641887	 93.638254	 93.634792	 93.631498	 93.628372	 93.625411	 93.622615	 93.619982	 93.617511	   93.6152	 93.613048	 93.611055	 93.609219	 93.607539	 93.606015	 93.604645	 93.603429	 93.602367	 93.601457	   93.6007	 93.600095	 93.599641	 93.599338	 93.599187	
        99	 98.936609	 98.873228	 98.809867	 98.746536	 98.683244	 98.620003	 98.556822	  98.49371	 98.430679	 98.367736	 98.304893	 98.242159	 98.179544	 98.117057	 98.054708	 97.992506	 97.930461	 97.868583	  97.80688	 97.745362	 97.684038	 97.622917	 97.562008	 97.501319	  97.44086	  97.38064	 97.320665	 97.260946	 97.201491	 97.142307	 97.083402	 97.024786	 96.966464	 96.908446	 96.850738	 96.793349	 96.736284	 96.679552	  96.62316	 96.567113	  96.51142	 96.456085	 96.401117	  96.34652	 96.292302	 96.238468	 96.185023	 96.131973	 96.079324	 96.027081	 95.975248	 95.923832	 95.872836	 95.822265	 95.772124	 95.722416	 95.673146	 95.624318	 95.575935	 95.528002	  95.48052	 95.433493	 95.386926	 95.340819	 95.295176	     95.25	 95.205293	 95.161056	 95.117293	 95.074004	 95.031191	 94.988857	 94.947001	 94.905626	 94.864733	 94.824321	 94.784393	 94.744948	 94.705986	 94.667509	 94.629516	 94.592007	 94.554981	 94.518439	 94.482379	 94.446802	 94.411706	 94.377091	 94.342955	 94.309297	 94.276116	  94.24341	 94.211178	 94.179419	 94.148129	 94.117308	 94.086953	 94.057062	 94.027633	 93.998664	 93.970151	 93.942093	 93.914487	  93.88733	  93.86062	 93.834352	 93.808525	 93.783135	 93.758179	 93.733654	 93.709557	 93.685883	 93.662631	 93.639795	 93.617374	 93.595362	 93.573757	 93.552554	 93.531751	 93.511343	 93.491326	 93.471696	 93.452451	 93.433584	 93.415094	 93.396976	 93.379225	 93.361838	  93.34481	 93.328139	 93.311819	 93.295847	 93.280218	 93.264928	 93.249975	 93.235352	 93.221057	 93.207085	 93.193432	 93.180095	 93.167069	 93.154351	 93.141935	 93.129819	 93.117999	 93.106471	  93.09523	 93.084273	 93.073597	 93.063197	 93.053071	 93.043213	 93.033621	 93.024291	  93.01522	 93.006404	  92.99784	 92.989524	 92.981453	 92.973624	 92.966034	 92.958679	 92.951557	 92.944665	 92.937999	 92.931556	 92.925335	 92.919332	 92.913544	 92.907969	 92.902605	 92.897448	 92.892497	  92.88775	 92.883204	 92.878856	 92.874706	  92.87075	 92.866987	 92.863416	 92.860034	  92.85684	 92.853832	 92.851008	 92.848368	  92.84591	 92.843633	 92.841535	 92.839616	 92.837875	  92.83631	 92.834921	 92.833708	 92.832668	 92.831803	 92.831112	 92.830593	 92.830248	 92.830075	
        99	 98.928717	 98.857445	 98.786196	  98.71498	 98.643809	 98.572695	 98.501647	 98.430679	 98.359799	 98.289021	 98.218354	  98.14781	 98.077399	 98.007132	 97.937021	 97.867075	 97.797306	 97.727724	 97.658339	 97.589163	 97.520204	 97.451473	 97.382981	 97.314737	 97.246751	 97.179033	 97.111592	 97.044438	 96.977581	 96.911028	 96.844791	 96.778876	 96.713294	 96.648052	  96.58316	 96.518626	 96.454457	 96.390662	 96.327248	 96.264224	 96.201597	 96.139374	 96.077562	 96.016168	   95.9552	 95.894663	 95.834564	  95.77491	 95.715706	 95.656959	 95.598674	 95.540856	 95.483511	 95.426645	 95.370261	 95.314365	 95.258961	 95.204054	 95.149647	 95.095746	 95.042353	 94.989472	 94.937106	 94.885259	 94.833934	 94.783134	  94.73286	 94.683117	 94.633905	 94.585226	 94.537084	 94.489479	 94.442412	 94.395886	 94.349902	 94.304459	  94.25956	 94.215204	 94.171392	 94.128124	 94.085401	 94.043222	 94.001586	 93.960495	 93.919946	  93.87994	 93.840474	 93.801549	 93.763164	 93.725315	 93.688003	 93.651226	 93.614981	 93.579267	 93.544082	 93.509424	  93.47529	 93.441678	 93.408585	 93.376009	 93.343947	 93.312396	 93.281353	 93.250815	 93.220779	 93.191241	 93.162198	 93.133647	 93.105585	 93.078006	 93.050909	 93.024288	  92.99814	 92.972462	 92.947249	 92.922497	 92.898202	  92.87436	 92.850966	 92.828017	 92.805508	 92.783435	 92.761793	 92.740579	 92.719786	 92.699412	 92.679451	 92.659899	 92.640752	 92.622005	 92.603653	 92.585693	 92.568118	 92.550925	  92.53411	 92.517667	 92.501592	  92.48588	 92.470528	  92.45553	 92.440883	 92.426581	  92.41262	 92.398996	 92.385704	  92.37274	   92.3601	 92.347779	 92.335774	 92.324079	 92.312692	 92.301607	 92.290821	 92.280329	 92.270129	 92.260215	 92.250585	 92.241234	 92.232158	 92.223354	 92.214819	 92.206549	  92.19854	 92.190789	 92.183293	 92.176049	 92.169053	 92.162302	 92.155794	 92.149525	 92.143493	 92.137695	 92.132127	 92.126789	 92.121676	 92.116788	  92.11212	 92.107672	 92.103441	 92.099425	 92.095622	  92.09203	 92.088648	 92.085473	 92.082504	  92.07974	  92.07718	 92.074821	 92.072663	 92.070705	 92.068945	 92.067383	 92.066018	  92.06485	 92.063877	 92.063099	 92.062516	 92.062128	 92.061934	
        99	 98.920836	 98.841684	 98.762558	 98.683469	  98.60443	 98.525453	 98.446551	 98.367736	 98.289021	 98.210417	 98.131937	 98.053594	 97.975399	 97.897364	 97.819501	 97.741823	  97.66434	 97.587065	  97.51001	 97.433185	 97.356602	 97.280273	 97.204208	  97.12842	 97.052917	 96.977713	 96.902816	 96.828238	 96.753988	 96.680078	 96.606517	 96.533316	 96.460483	 96.388028	 96.315962	 96.244293	  96.17303	 96.102182	 96.031757	 95.961766	 95.892214	 95.823112	 95.754466	 95.686285	 95.618576	 95.551347	 95.484604	 95.418354	 95.352605	 95.287363	 95.222634	 95.158424	 95.094739	 95.031586	 94.968968	 94.906892	 94.845363	 94.784386	 94.723964	 94.664104	 94.604807	  94.54608	 94.487925	 94.430347	 94.373347	  94.31693	 94.261099	 94.205855	 94.151203	 94.097143	 94.043678	  93.99081	  93.93854	  93.88687	 93.835801	 93.785335	 93.735471	 93.686212	 93.637556	 93.589505	 93.542058	 93.495216	 93.448977	 93.403343	 93.358311	 93.313882	 93.270053	 93.226825	 93.184195	 93.142163	 93.100726	 93.059882	  93.01963	 92.979968	 92.940893	 92.902403	 92.864495	 92.827167	 92.790416	 92.754238	 92.718631	 92.683592	 92.649117	 92.615203	 92.581846	 92.549043	 92.516789	 92.485082	 92.453916	 92.423289	 92.393196	 92.363632	 92.334594	 92.306076	 92.278076	 92.250587	 92.223606	 92.197128	 92.171149	 92.145662	 92.120665	 92.096151	 92.072117	 92.048556	 92.025465	 92.002839	 91.980671	 91.958958	 91.937694	 91.916874	 91.896493	 91.876547	 91.857029	 91.837936	 91.819261	    91.801	 91.783148	   91.7657	  91.74865	 91.731994	 91.715727	 91.699844	  91.68434	 91.669209	 91.654448	 91.640051	 91.626013	  91.61233	 91.598998	  91.58601	 91.573364	 91.561053	 91.549075	 91.537424	 91.526095	 91.515086	 91.504391	 91.494006	 91.483927	  91.47415	 91.464671	 91.455486	 91.446592	 91.437984	  91.42966	 91.421614	 91.413845	 91.406348	  91.39912	 91.392158	 91.385459	  91.37902	 91.372837	 91.366908	 91.361231	 91.355801	 91.350618	 91.345678	 91.340979	 91.336519	 91.332296	 91.328307	  91.32455	 91.321024	 91.317728	 91.314658	 91.311814	 91.309195	 91.306798	 91.304623	 91.302669	 91.300935	 91.299419	 91.298121	 91.297041	 91.296177	  91.29553	 91.295098	 91.294883	
        99	 98.912968	 98.825949	 98.738958	 98.652008	 98.565113	 98.478286	 98.391542	 98.304893	 98.218354	 98.131937	 98.045657	 97.959527	  97.87356	 97.787769	 97.702167	 97.616768	 97.531584	 97.446628	 97.361914	 97.277453	 97.193259	 97.109343	 97.025718	 96.942396	 96.859389	  96.77671	 96.694369	 96.612378	 96.530749	 96.449492	  96.36862	 96.288142	  96.20807	 96.128415	 96.049185	 95.970392	 95.892046	 95.814156	 95.736732	 95.659784	  95.58332	 95.507349	  95.43188	 95.356923	 95.282484	 95.208572	 95.135195	 95.062361	 94.990077	  94.91835	 94.847187	 94.776595	 94.706581	  94.63715	 94.568308	 94.500063	 94.432418	  94.36538	 94.298953	 94.233142	 94.167953	 94.103388	 94.039453	 93.976151	 93.913487	 93.851462	 93.790081	 93.729347	 93.669262	 93.609829	  93.55105	 93.492927	 93.435462	 93.378657	 93.322512	 93.267029	  93.21221	 93.158054	 93.104562	 93.051735	 92.999572	 92.948074	  92.89724	  92.84707	 92.797562	 92.748717	 92.700532	 92.653007	  92.60614	  92.55993	 92.514374	 92.469471	 92.425219	 92.381614	 92.338655	  92.29634	 92.254664	 92.213626	 92.173221	 92.133448	 92.094302	  92.05578	 92.017879	 91.980594	 91.943921	 91.907857	 91.872398	 91.837539	 91.803276	 91.769605	  91.73652	 91.704018	 91.672093	 91.640742	 91.609958	 91.579737	 91.550075	 91.520965	 91.492403	 91.464384	 91.436901	 91.409951	 91.383528	 91.357626	  91.33224	 91.307364	 91.282993	 91.259122	 91.235744	 91.212855	 91.190449	  91.16852	 91.147062	 91.126071	  91.10554	 91.085464	 91.065838	 91.046655	 91.027911	   91.0096	 90.991716	 90.974254	 90.957208	 90.940574	 90.924345	 90.908517	 90.893085	 90.878042	 90.863384	 90.849106	 90.835202	 90.821668	 90.808499	  90.79569	 90.783236	 90.771132	 90.759373	 90.747956	 90.736875	 90.726127	 90.715706	 90.705608	  90.69583	 90.686367	 90.677215	  90.66837	 90.659828	 90.651586	  90.64364	 90.635986	 90.628621	 90.621541	 90.614744	 90.608226	 90.601984	 90.596015	 90.590317	 90.584886	  90.57972	 90.574817	 90.570173	 90.565788	 90.561658	 90.557782	 90.554157	 90.550783	 90.547656	 90.544776	 90.542141	 90.539751	 90.537602	 90.535695	 90.534029	 90.532602	 90.531414	 90.530465	 90.529753	 90.529279	 90.529042	
        99	 98.905113	 98.810241	 98.715398	 98.620601	 98.525864	 98.431201	 98.336628	 98.242159	  98.14781	 98.053594	 97.959527	 97.865623	 97.771897	 97.678364	 97.585036	  97.49193	 97.399058	 97.306435	 97.214075	 97.121992	 97.030198	 96.938709	 96.847537	 96.756695	 96.666197	 96.576056	 96.486283	 96.396893	 96.307896	 96.219306	 96.131135	 96.043395	 95.956096	 95.869251	 95.782871	 95.696967	  95.61155	 95.526631	 95.442219	 95.358326	 95.274961	 95.192134	 95.109854	 95.028131	 94.946974	 94.866392	 94.786393	 94.706985	 94.628177	 94.549977	 94.472392	 94.395429	 94.319095	 94.243398	 94.168344	 94.093939	 94.020189	 93.947101	 93.874679	 93.802929	 93.731856	 93.661464	 93.591759	 93.522744	 93.454424	 93.386802	 93.319881	 93.253666	 93.188158	 93.123361	 93.059277	 92.995908	 92.933257	 92.871325	 92.810113	 92.749623	 92.689856	 92.630812	 92.572493	 92.514898	 92.458028	 92.401882	  92.34646	 92.291762	 92.237786	 92.184532	 92.131999	 92.080185	 92.029088	 91.978707	  91.92904	 91.880085	 91.831838	 91.784298	 91.737462	 91.691328	 91.645891	 91.601149	 91.557098	 91.513735	 91.471056	 91.429058	 91.387735	 91.347085	 91.307103	 91.267785	 91.229125	  91.19112	 91.153765	 91.117054	 91.080984	 91.045548	 91.010743	 90.976562	    90.943	 90.910051	 90.877712	 90.845975	 90.814835	 90.784287	 90.754324	 90.724942	 90.696134	 90.667894	 90.640217	 90.613096	 90.586526	   90.5605	 90.535013	 90.510058	 90.485629	 90.461721	 90.438327	 90.415441	 90.393057	  90.37117	 90.349772	 90.328858	 90.308422	 90.288458	  90.26896	 90.249922	 90.231338	 90.213203	  90.19551	 90.178253	 90.161427	 90.145027	 90.129046	 90.113479	 90.098321	 90.083566	 90.069208	 90.055243	 90.041665	 90.028468	 90.015649	 90.003201	  89.99112	 89.979402	  89.96804	 89.957031	 89.946371	 89.936053	 89.926075	 89.916432	 89.907119	 89.898133	  89.88947	 89.881125	 89.873096	 89.865377	 89.857967	  89.85086	 89.844055	 89.837547	 89.831335	 89.825414	 89.819782	 89.814436	 89.809373	 89.804592	 89.800089	 89.795863	 89.791912	 89.788232	 89.784824	 89.781684	 89.778811	 89.776205	 89.773862	 89.771784	 89.769967	 89.768411	 89.767116	 89.766081	 89.765305	 89.764788	  89.76453	
        99	 98.897273	 98.794562	 98.691884	 98.589254	 98.486689	 98.384205	 98.281818	 98.179544	 98.077399	 97.975399	  97.87356	 97.771897	 97.670427	 97.569166	 97.468127	 97.367328	 97.266783	 97.166507	 97.066516	 96.966824	 96.867447	 96.768398	 96.669693	 96.571346	 96.473371	 96.375781	 96.278591	 96.181815	 96.085466	 95.989556	   95.8941	  95.79911	 95.704599	 95.610578	 95.517061	  95.42406	 95.331585	  95.23965	 95.148264	 95.057439	 94.967186	 94.877515	 94.788437	 94.699962	   94.6121	 94.524859	  94.43825	 94.352282	 94.266963	 94.182301	 94.098305	 94.014984	 93.932343	 93.850392	 93.769136	 93.688584	 93.608741	 93.529613	 93.451208	 93.373529	 93.296584	 93.220376	 93.144912	 93.070195	  92.99623	  92.92302	 92.850571	 92.778884	 92.707964	 92.637813	 92.568435	  92.49983	 92.432003	 92.364953	 92.298684	 92.233196	 92.168491	 92.104569	 92.041431	 91.979077	 91.917508	 91.856723	 91.796722	 91.737505	 91.679069	 91.621416	 91.564542	 91.508447	 91.453128	 91.398585	 91.344814	 91.291813	 91.239581	 91.188113	 91.137407	 91.087461	  91.03827	 90.989831	  90.94214	 90.895195	  90.84899	 90.803521	 90.758785	 90.714776	  90.67149	 90.628923	 90.587069	 90.545924	 90.505483	 90.465739	 90.426688	 90.388325	 90.350644	 90.313638	 90.277303	 90.241633	 90.206621	 90.172262	 90.138549	 90.105477	 90.073039	 90.041229	 90.010041	 89.979468	 89.949504	 89.920142	 89.891376	   89.8632	 89.835607	  89.80859	 89.782143	  89.75626	 89.730933	 89.706156	 89.681923	 89.658227	 89.635061	 89.612419	 89.590295	 89.568681	 89.547573	 89.526962	 89.506842	 89.487208	 89.468053	 89.449371	 89.431155	   89.4134	 89.396098	 89.379245	 89.362835	  89.34686	 89.331316	 89.316197	 89.301497	  89.28721	 89.273332	 89.259856	 89.246777	  89.23409	  89.22179	 89.209871	 89.198329	  89.18716	 89.176357	 89.165917	 89.155835	 89.146107	 89.136727	 89.127693	    89.119	 89.110644	 89.102621	 89.094928	  89.08756	 89.080515	 89.073789	 89.067379	 89.061281	 89.055494	 89.050013	 89.044837	 89.039962	 89.035387	 89.031109	 89.027125	 89.023435	 89.020036	 89.016926	 89.014104	 89.011568	 89.009317	 89.007351	 89.005667	 89.004265	 89.003144	 89.002304	 89.001744	 89.001464	
        99	 98.889449	 98.778916	 98.668417	 98.557971	 98.447594	 98.337305	  98.22712	 98.117057	 98.007132	 97.897364	 97.787769	 97.678364	 97.569166	 97.460191	 97.351458	 97.242981	 97.134779	 97.026866	 96.919259	 96.811975	 96.705029	 96.598437	 96.492214	 96.386377	 96.280939	 96.175917	 96.071326	 95.967179	 95.863491	 95.760277	 95.657551	 95.555326	 95.453617	 95.352436	 95.251796	 95.151712	 95.052194	 94.953256	 94.854911	 94.757168	 94.660042	 94.563542	 94.467679	 94.372466	 94.277912	 94.184027	 94.090822	 93.998306	 93.906489	 93.815379	 93.724986	 93.635318	 93.546384	 93.458191	 93.370747	  93.28406	 93.198136	 93.112982	 93.028605	  92.94501	 92.862205	 92.780193	 92.698981	 92.618573	 92.538975	  92.46019	 92.382223	 92.305076	 92.228755	 92.153261	 92.078599	 92.004769	 91.931776	  91.85962	 91.788303	 91.717828	 91.648195	 91.579404	 91.511458	 91.444355	 91.378097	 91.312682	 91.248112	 91.184384	 91.121498	 91.059453	 90.998248	  90.93788	 90.878349	 90.819651	 90.761785	 90.704748	 90.648537	  90.59315	 90.538582	 90.484832	 90.431894	 90.379766	 90.328444	 90.277923	 90.228198	 90.179267	 90.131123	 90.083763	 90.037181	 89.991371	  89.94633	 89.902051	  89.85853	 89.815759	 89.773734	 89.732449	 89.691898	 89.652074	 89.612972	 89.574585	 89.536906	  89.49993	  89.46365	 89.428059	 89.393151	 89.358918	 89.325354	 89.292453	 89.260207	 89.228609	 89.197652	  89.16733	 89.137635	 89.108561	   89.0801	 89.052245	 89.024989	 88.998325	 88.972246	 88.946746	 88.921816	 88.897449	  88.87364	  88.85038	 88.827664	 88.805483	 88.783831	 88.762702	 88.742088	 88.721983	  88.70238	 88.683272	 88.664653	 88.646517	 88.628856	 88.611665	 88.594937	 88.578666	 88.562847	 88.547472	 88.532536	 88.518034	 88.503959	 88.490306	 88.477069	 88.464243	 88.451822	 88.439801	 88.428176	 88.416941	 88.406091	 88.395622	 88.385528	 88.375806	 88.366451	 88.357458	 88.348824	 88.340545	 88.332616	 88.325035	 88.317796	 88.310898	 88.304336	 88.298107	 88.292209	 88.286639	 88.281393	 88.276469	 88.271865	 88.267579	 88.263607	 88.259949	 88.256603	 88.253566	 88.250837	 88.248415	 88.246298	 88.244486	 88.242977	 88.241771	 88.240867	 88.240264	 88.239963	
        99	 98.881643	 98.763304	 98.645002	 98.526757	 98.408586	 98.290509	 98.172543	 98.054708	 97.937021	 97.819501	 97.702167	 97.585036	 97.468127	 97.351458	 97.235046	  97.11891	 97.003066	 96.887533	 96.772328	 96.657468	  96.54297	  96.42885	 96.315127	 96.201816	 96.088933	 95.976495	 95.864517	 95.753016	 95.642006	 95.531504	 95.421524	 95.312081	 95.203189	 95.094863	 94.987117	 94.879965	  94.77342	 94.667496	 94.562205	 94.457561	 94.353575	 94.250261	  94.14763	 94.045693	 93.944461	 93.843947	  93.74416	 93.645111	  93.54681	 93.449267	 93.352491	 93.256492	 93.161277	 93.066856	 92.973238	 92.880429	 92.788437	  92.69727	 92.606935	 92.517437	 92.428784	 92.340981	 92.254035	 92.167949	  92.08273	 91.998381	 91.914908	 91.832314	 91.750603	 91.669779	 91.589844	 91.510801	 91.432653	 91.355402	 91.279049	 91.203597	 91.129047	 91.055399	 90.982654	 90.910813	 90.839876	 90.769843	 90.700712	 90.632484	 90.565158	 90.498732	 90.433204	 90.368574	 90.304839	 90.241996	 90.180044	 90.118979	 90.058799	   89.9995	 89.941079	 89.883533	 89.826858	 89.771049	 89.716102	 89.662013	 89.608778	 89.556391	 89.504848	 89.454143	 89.404271	 89.355227	 89.307005	   89.2596	 89.213005	 89.167214	 89.122222	 89.078021	 89.034606	  88.99197	 88.950107	 88.909009	  88.86867	 88.829083	 88.790241	 88.752137	 88.714763	 88.678113	 88.642179	 88.606954	 88.572431	 88.538602	  88.50546	 88.472996	 88.441205	 88.410077	 88.379606	 88.349784	 88.320604	 88.292057	 88.264137	 88.236835	 88.210145	 88.184058	 88.158567	 88.133665	 88.109344	 88.085597	 88.062417	 88.039795	 88.017726	 87.996201	 87.975213	 87.954756	 87.934823	 87.915405	 87.896498	 87.878093	 87.860184	 87.842764	 87.825827	 87.809367	 87.793377	  87.77785	 87.762781	 87.748164	 87.733992	  87.72026	 87.706962	 87.694093	 87.681647	 87.669618	 87.658002	 87.646794	 87.635987	 87.625579	 87.615563	 87.605935	 87.596692	 87.587828	 87.579339	 87.571222	 87.563472	 87.556087	 87.549062	 87.542393	 87.536079	 87.530115	 87.524499	 87.519227	 87.514298	 87.509709	 87.505457	 87.501541	 87.497958	 87.494706	 87.491785	 87.489191	 87.486925	 87.484985	  87.48337	 87.482078	  87.48111	 87.480466	 87.480143	
        99	 98.873854	 98.747729	 98.621643	 98.495617	  98.36967	 98.243823	 98.118095	 97.992506	 97.867075	 97.741823	 97.616768	  97.49193	 97.367328	 97.242981	  97.11891	 96.995131	 96.871665	  96.74853	 96.625744	 96.503326	 96.381294	 96.259665	 96.138459	 96.017691	 95.897381	 95.777544	 95.658198	  95.53936	 95.421046	 95.303272	 95.186055	  95.06941	 94.953353	 94.837899	 94.723064	 94.608861	 94.495305	 94.382411	 94.270192	 94.158662	 94.047834	 93.937722	 93.828337	 93.719692	   93.6118	 93.504672	 93.398319	 93.292752	 93.187983	 93.084021	 92.980877	 92.878561	 92.777081	 92.676447	 92.576668	 92.477752	 92.379707	 92.282542	 92.186262	 92.090875	 91.996389	 91.902809	 91.810141	  91.71839	 91.627564	 91.537665	 91.448699	  91.36067	 91.273583	  91.18744	 91.102245	 91.018001	 90.934711	 90.852376	    90.771	 90.690583	 90.611127	 90.532633	 90.455102	 90.378533	 90.302928	 90.228287	 90.154607	  90.08189	 90.010133	 89.939336	 89.869497	 89.800614	 89.732685	 89.665707	 89.599678	 89.534595	 89.470455	 89.407255	  89.34499	 89.283657	 89.223252	  89.16377	 89.105208	  89.04756	 88.990822	 88.934988	 88.880053	 88.826012	 88.772859	 88.720587	 88.669193	 88.618668	 88.569007	 88.520203	  88.47225	 88.425141	 88.378869	 88.333428	  88.28881	 88.245007	 88.202014	 88.159822	 88.118424	 88.077813	  88.03798	 87.998918	  87.96062	 87.923077	 87.886282	 87.850227	 87.814904	 87.780305	 87.746421	 87.713245	 87.680769	 87.648985	 87.617884	 87.587459	 87.557702	 87.528604	 87.500157	 87.472354	 87.445186	 87.418645	 87.392724	 87.367414	 87.342708	 87.318598	 87.295077	 87.272135	 87.249767	 87.227964	 87.206718	 87.186023	 87.165872	 87.146255	 87.127168	 87.108602	 87.090551	 87.073007	 87.055965	 87.039417	 87.023356	 87.007777	 86.992673	 86.978037	 86.963865	 86.950148	 86.936883	 86.924063	 86.911683	 86.899737	 86.888219	 86.877126	 86.866451	  86.85619	 86.846338	 86.836891	 86.827843	 86.819192	 86.810933	 86.803061	 86.795574	 86.788467	 86.781737	  86.77538	 86.769394	 86.763776	 86.758523	 86.753632	   86.7491	 86.744926	 86.741107	 86.737642	 86.734528	 86.731764	 86.729349	 86.727281	 86.725559	 86.724183	 86.723151	 86.722464	  86.72212	
        99	 98.866086	 98.732193	 98.598343	 98.464555	 98.330853	 98.197255	 98.063785	 97.930461	 97.797306	  97.66434	 97.531584	 97.399058	 97.266783	 97.134779	 97.003066	 96.871665	 96.740595	 96.609877	  96.47953	 96.349573	 96.220025	 96.090907	 95.962236	 95.834031	 95.706311	 95.579095	 95.452399	 95.326243	 95.200642	 95.075616	  94.95118	 94.827352	 94.704148	 94.581584	 94.459676	  94.33844	 94.217892	 94.098045	 93.978915	 93.860517	 93.742864	  93.62597	 93.509849	 93.394514	 93.279978	 93.166252	 93.053349	 92.941282	  92.83006	 92.719696	   92.6102	 92.501583	 92.393854	 92.287023	 92.181099	 92.076092	 91.972009	 91.868859	  91.76665	  91.66539	 91.565084	 91.465741	 91.367366	 91.269966	 91.173546	 91.078111	 90.983666	 90.890216	 90.797766	 90.706318	 90.615876	 90.526444	 90.438025	  90.35062	 90.264232	 90.178863	 90.094514	 90.011186	  89.92888	 89.847596	 89.767335	 89.688097	  89.60988	 89.532684	 89.456509	 89.381352	 89.307212	 89.234087	 89.161974	 89.090872	 89.020777	 88.951686	 88.883596	 88.816503	 88.750404	 88.685294	 88.621169	 88.558024	 88.495856	 88.434658	 88.374425	 88.315153	 88.256835	 88.199465	 88.143039	 88.087549	 88.032989	 87.979352	 87.926633	 87.874824	 87.823918	 87.773908	 87.724786	 87.676547	 87.629181	 87.582681	  87.53704	  87.49225	 87.448302	  87.40519	 87.362904	 87.321437	  87.28078	 87.240925	 87.201865	 87.163589	  87.12609	  87.08936	  87.05339	 87.018171	 86.983695	 86.949954	 86.916938	 86.884639	 86.853049	 86.822159	  86.79196	 86.762445	 86.733604	 86.705428	 86.677911	 86.651043	 86.624815	 86.599221	  86.57425	 86.549896	  86.52615	 86.503005	 86.480451	 86.458481	 86.437089	 86.416264	 86.396002	 86.376292	 86.357129	 86.338506	 86.320413	 86.302846	 86.285797	 86.269258	 86.253224	 86.237687	 86.222641	  86.20808	 86.193998	 86.180389	 86.167246	 86.154564	 86.142338	 86.130561	 86.119228	 86.108336	 86.097877	 86.087848	 86.078244	  86.06906	 86.060291	 86.051935	 86.043987	 86.036442	 86.029297	  86.02255	 86.016195	 86.010231	 86.004654	 85.999461	 85.994651	  85.99022	 85.986166	 85.982487	 85.979181	 85.976247	 85.973683	 85.971488	  85.96966	 85.968199	 85.967104	 85.966374	  85.96601	
