Time step 81:
        99	        99	        99	        99	        99	        99	        99	        99	        99	        99	        99	        99	        99	        99	        99	        99	        99	        99	        99	        99	        99	        99	        99	        99	        99	        99	        99	        99	        99	        99	        99	        99	        99	        99	        99	        99	        99	        99	        99	        99	        99	        99	        99	        99	        99	        99	        99	        99	        99	        99	        99	        99	        99	        99	        99	        99	        99	        99	        99	        99	        99	        99	        99	        99	        99	        99	        99	        99	        99	        99	        99	        99	        99	        99	        99	        99	        99	        99	        99	        99	        99	        99	        99	        99	        99	        99	        99	        99	        99	        99	        99	        99	        99	        99	        99	        99	        99	        99	        99	        99	        99	        99	        99	        99	        99	        99	        99	        99	        99	        99	        99	        99	        99	        99	        99	        99	        99	        99	        99	        99	        99	        99	        99	        99	        99	        99	        99	        99	        99	        99	        99	        99	        99	        99	        99	        99	        99	        99	        99	        99	        99	        99	        99	        99	        99	        99	        99	        99	        99	        99	        99	        99	        99	        99	        99	        99	        99	        99	        99	        99	        99	        99	        99	        99	        99	        99	        99	        99	        99	        99	        99	        99	        99	        99	        99	        99	        99	        99	        99	        99	        99	        99	        99	        99	        99	        99	        99	        99	        99	        99	        99	        99	        99	        99	        99	        99	        99	        99	        99	        99	
        99	 98.992161	 98.984323	 98.976488	 98.968656	 98.960829	 98.953009	 98.945195	  98.93739	 98.929595	 98.921811	 98.914039	  98.90628	 98.898536	 98.890807	 98.883096	 98.875402	 98.867727	 98.860073	  98.85244	  98.84483	 98.837244	 98.829682	 98.822146	 98.814637	 98.807156	 98.799705	 98.792283	 98.784893	 98.777535	  98.77021	 98.762919	 98.755663	 98.748444	 98.741261	 98.734117	 98.727011	 98.719946	  98.71292	 98.705937	 98.698996	 98.692097	 98.685243	 98.678434	  98.67167	 98.664952	 98.658282	 98.651659	 98.645084	 98.638559	 98.632083	 98.625657	 98.619283	  98.61296	 98.606689	  98.60047	 98.594305	 98.588193	 98.582136	 98.576133	 98.570185	 98.564292	 98.558455	 98.552675	 98.546951	 98.541284	 98.535674	 98.530122	 98.524627	 98.519191	 98.513813	 98.508493	 98.503232	 98.498029	 98.492886	 98.487802	 98.482777	 98.477811	 98.472905	 98.468058	 98.463271	 98.458543	 98.453875	 98.449266	 98.444717	 98.440227	 98.435796	 98.431425	 98.427112	 98.422859	 98.418665	 98.414529	 98.410452	 98.406433	 98.402472	  98.39857	 98.394725	 98.390937	 98.387207	 98.383534	 98.379917	 98.376357	 98.372853	 98.369405	 98.366012	 98.362674	 98.359391	 98.356162	 98.352988	 98.349867	 98.346799	 98.343784	 98.340822	 98.337912	 98.335053	 98.332246	 98.329489	 98.326783	 98.324126	 98.321519	 98.318961	 98.316452	 98.313991	 98.311577	  98.30921	  98.30689	 98.304616	 98.302388	 98.300205	 98.298066	 98.295972	 98.293922	 98.291915	  98.28995	 98.288028	 98.286147	 98.284308	  98.28251	 98.280752	 98.279033	 98.277354	 98.275714	 98.274113	 98.272549	 98.271022	 98.269532	 98.268079	 98.266662	  98.26528	 98.263934	 98.262622	 98.261344	   98.2601	 98.258889	 98.257711	 98.256565	 98.255452	  98.25437	 98.253319	 98.252299	 98.251309	 98.250349	 98.249419	 98.248518	 98.247646	 98.246803	 98.245988	   98.2452	  98.24444	 98.243707	 98.243001	 98.242322	 98.241669	 98.241042	  98.24044	 98.239864	 98.239313	 98.238787	 98.238285	 98.237808	 98.237355	 98.236926	 98.236521	 98.236139	 98.235781	 98.235446	 98.235134	 98.234846	 98.234579	 98.234336	 98.234115	 98.233916	  98.23374	 98.233586	 98.233454	 98.233344	 98.233256	  98.23319	 98.233146	 98.233125	
        99	 98.984323	 98.968649	 98.952979	 98.937317	 98.921665	 98.906025	 98.890399	  98.87479	 98.859201	 98.843634	 98.828091	 98.812575	 98.797088	 98.781632	 98.766209	 98.750823	 98.735475	 98.720168	 98.704904	 98.689684	 98.674512	  98.65939	  98.64432	 98.629303	 98.614343	 98.599441	 98.584599	 98.569819	 98.555104	 98.540455	 98.525875	 98.511365	 98.496927	 98.482563	 98.468275	 98.454065	 98.439935	 98.425886	 98.411919	 98.398038	 98.384243	 98.370536	 98.356918	 98.343391	 98.329957	 98.316617	 98.303372	 98.290224	 98.277174	 98.264223	 98.251373	 98.238625	 98.225979	 98.213438	 98.201002	 98.188673	  98.17645	 98.164336	 98.152331	 98.140436	 98.128652	  98.11698	  98.10542	 98.093973	  98.08264	 98.071421	 98.060317	 98.049329	 98.038457	 98.027701	 98.017062	 98.006541	 97.996137	 97.985851	 97.975684	 97.965635	 97.955704	 97.945892	   97.9362	 97.926626	 97.917171	 97.907835	 97.898618	  97.88952	 97.880541	  97.87168	 97.862938	 97.854314	 97.845808	  97.83742	 97.829149	 97.820996	 97.812959	 97.805038	 97.797233	 97.789544	  97.78197	  97.77451	 97.767164	 97.759931	 97.752811	 97.745804	 97.738908	 97.732122	 97.725447	 97.718882	 97.712425	 97.706076	 97.699835	   97.6937	 97.687671	 97.681747	 97.675927	  97.67021	 97.664596	 97.659083	 97.653671	 97.648358	 97.643145	 97.638029	  97.63301	 97.628088	 97.623261	 97.618528	 97.613888	  97.60934	 97.604884	 97.600518	 97.596242	 97.592054	 97.587954	 97.583939	 97.580011	 97.576167	 97.572406	 97.568728	 97.565132	 97.561616	 97.558179	 97.554822	 97.551542	 97.548338	 97.545211	 97.542158	 97.539179	 97.536272	 97.533438	 97.530675	 97.527982	 97.525358	 97.522803	 97.520315	 97.517893	 97.515537	 97.513246	 97.511019	 97.508855	 97.506754	 97.504714	 97.502735	 97.500816	 97.498956	 97.497154	  97.49541	 97.493723	 97.492093	 97.490518	 97.488998	 97.487533	 97.486121	 97.484762	 97.483456	 97.482201	 97.480998	 97.479846	 97.478744	 97.477692	 97.476689	 97.475735	 97.474829	 97.473971	 97.473161	 97.472398	 97.471682	 97.471012	 97.470388	  97.46981	 97.469278	 97.468791	 97.468349	 97.467952	 97.467599	 97.467291	 97.467027	 97.466807	 97.466632	   97.4665	 97.466413	 97.466369	
        99	 98.976488	 98.952979	 98.929478	 98.905988	 98.882512	 98.859055	  98.83562	  98.81221	 98.788829	 98.765482	  98.74217	 98.718899	 98.695671	  98.67249	  98.64936	 98.626283	 98.603264	 98.580306	 98.557413	 98.534587	 98.511832	 98.489152	 98.466549	 98.444027	 98.421589	 98.399239	 98.376979	 98.354813	 98.332743	 98.310772	 98.288905	 98.267142	 98.245488	 98.223946	 98.202517	 98.181204	 98.160011	  98.13894	 98.117994	 98.097174	 98.076484	 98.055926	 98.035502	 98.015215	 97.995066	 97.975058	 97.955193	 97.935474	 97.915901	 97.896478	 97.877205	 97.858085	  97.83912	 97.820311	 97.801659	 97.783167	 97.764836	 97.746667	 97.728662	 97.710822	 97.693148	 97.675642	 97.658304	 97.641136	 97.624138	 97.607312	 97.590659	 97.574178	 97.557872	 97.541741	 97.525785	 97.510005	 97.494401	 97.478975	 97.463725	 97.448653	  97.43376	 97.419044	 97.404507	 97.390148	 97.375967	 97.361965	 97.348142	 97.334496	 97.321029	  97.30774	 97.294629	 97.281694	 97.268937	 97.256357	 97.243952	 97.231723	 97.219669	  97.20779	 97.196084	 97.184552	 97.173192	 97.162003	 97.150986	 97.140138	  97.12946	  97.11895	 97.108607	 97.098431	 97.088419	 97.078572	 97.068889	 97.059367	 97.050006	 97.040805	 97.031762	 97.022877	 97.014148	 97.005574	 96.997154	 96.988885	 96.980768	 96.972801	 96.964981	 96.957309	 96.949782	 96.942399	 96.935159	 96.928061	 96.921102	 96.914281	 96.907598	  96.90105	 96.894637	 96.888355	 96.882205	 96.876185	 96.870293	 96.864528	 96.858887	 96.853371	 96.847977	 96.842704	  96.83755	 96.832514	 96.827595	  96.82279	 96.818099	 96.813521	 96.809053	 96.804694	 96.800443	 96.796299	  96.79226	 96.788325	 96.784492	  96.78076	 96.777129	 96.773595	 96.770159	 96.766819	 96.763574	 96.760422	 96.757362	 96.754394	 96.751515	 96.748726	 96.746024	 96.743408	 96.740879	 96.738433	 96.736071	 96.733792	 96.731594	 96.729476	 96.727438	 96.725479	 96.723598	 96.721794	 96.720065	 96.718413	 96.716835	  96.71533	 96.713899	 96.712541	 96.711254	 96.710039	 96.708895	  96.70782	 96.706816	  96.70588	 96.705014	 96.704215	 96.703485	 96.702822	 96.702226	 96.701697	 96.701235	 96.700839	  96.70051	 96.700247	 96.700049	 96.699918	 96.699852	
        99	 98.968656	 98.937317	 98.905988	 98.874673	 98.843378	 98.812108	 98.780866	 98.749659	  98.71849	 98.687366	  98.65629	 98.625267	 98.594302	 98.563399	 98.532564	 98.501801	 98.471115	  98.44051	 98.409991	 98.379562	 98.349228	 98.318993	 98.288861	 98.258838	 98.228926	 98.199131	 98.169456	 98.139907	 98.110485	 98.081197	 98.052045	 98.023034	 97.994167	 97.965449	 97.936882	 97.908471	 97.880219	 97.852129	 97.824206	 97.796451	 97.768869	 97.741464	 97.714237	 97.687192	 97.660332	 97.633659	 97.607178	  97.58089	 97.554798	 97.528905	 97.503213	 97.477724	 97.452441	 97.427367	 97.402503	 97.377851	 97.353414	 97.329194	 97.305191	 97.281409	 97.257848	  97.23451	 97.211397	  97.18851	 97.165851	  97.14342	  97.12122	  97.09925	 97.077513	 97.056008	 97.034737	 97.013701	   96.9929	 96.972335	 96.952006	 96.931914	 96.912059	 96.892442	 96.873062	 96.853921	 96.835017	 96.816351	 96.797923	 96.779732	  96.76178	 96.744064	 96.726585	 96.709342	 96.692336	 96.675565	 96.659028	 96.642726	 96.626657	 96.610821	 96.595216	 96.579843	 96.564699	 96.549783	 96.535096	 96.520636	   96.5064	 96.492389	 96.478601	 96.465035	 96.451689	 96.438562	 96.425653	  96.41296	 96.400481	 96.388215	  96.37616	 96.364316	 96.352679	 96.341249	 96.330024	 96.319001	  96.30818	 96.297559	 96.287135	 96.276907	 96.266873	 96.257031	  96.24738	 96.237917	  96.22864	 96.219548	 96.210638	 96.201909	 96.193359	 96.184986	 96.176787	 96.168762	 96.160907	 96.153221	 96.145702	 96.138349	 96.131158	 96.124128	 96.117258	 96.110544	 96.103986	 96.097581	 96.091328	 96.085224	 96.079268	 96.073457	 96.067791	 96.062266	 96.056882	 96.051636	 96.046526	 96.041552	  96.03671	    96.032	  96.02742	 96.022967	 96.018641	 96.014439	  96.01036	 96.006403	 96.002566	 95.998847	 95.995245	 95.991758	 95.988386	 95.985126	 95.981977	 95.978939	 95.976008	 95.973186	 95.970469	 95.967857	 95.965349	 95.962944	  95.96064	 95.958437	 95.956333	 95.954328	  95.95242	 95.950609	 95.948894	 95.947274	 95.945749	 95.944316	 95.942977	  95.94173	 95.940575	  95.93951	 95.938536	 95.937653	 95.936858	 95.936153	 95.935537	  95.93501	 95.934571	  95.93422	 95.933956	 95.933781	 95.933693	
        99	 98.960829	 98.921665	 98.882512	 98.843378	 98.804269	 98.765189	 98.726147	 98.687147	 98.648195	 98.609299	 98.570462	 98.531693	 98.492995	 98.454377	 98.415842	 98.377397	 98.339049	 98.300801	 98.262661	 98.224634	 98.186725	  98.14894	 98.111284	 98.073764	 98.036383	 97.999148	 97.962063	 97.925135	 97.888367	 97.851765	 97.815334	 97.779078	 97.743003	 97.707113	 97.671413	 97.635908	 97.600601	 97.565497	   97.5306	 97.495916	 97.461447	 97.427197	 97.393171	 97.359373	 97.325806	 97.292474	 97.259379	 97.226527	  97.19392	 97.161561	 97.129453	   97.0976	 97.066004	 97.034668	 97.003596	 96.972788	 96.942249	  96.91198	 96.881984	 96.852263	 96.822819	 96.793653	 96.764769	 96.736167	  96.70785	 96.679818	 96.652074	 96.624618	 96.597453	 96.570578	 96.543996	 96.517707	 96.491711	 96.466011	 96.440606	 96.415497	 96.390684	 96.366168	 96.341949	 96.318028	 96.294404	 96.271077	 96.248047	 96.225314	 96.202878	 96.180739	 96.158895	 96.137347	 96.116094	 96.095135	  96.07447	 96.054096	 96.034015	 96.014224	 95.994723	  95.97551	 95.956585	 95.937945	  95.91959	 95.901519	 95.883729	 95.866219	 95.848989	 95.832035	 95.815356	 95.798951	 95.782818	 95.766955	  95.75136	 95.736032	 95.720967	 95.706165	 95.691622	 95.677338	  95.66331	 95.649535	 95.636012	 95.622738	 95.609711	 95.596929	  95.58439	 95.572091	 95.560029	 95.548203	  95.53661	 95.525247	 95.514113	 95.503204	 95.492519	 95.482055	 95.471809	 95.461779	 95.451963	 95.442358	 95.432962	 95.423772	 95.414786	    95.406	 95.397414	 95.389025	 95.380829	 95.372825	  95.36501	 95.357382	 95.349938	 95.342677	 95.335595	 95.328691	 95.321962	 95.315406	 95.309021	 95.302804	 95.296754	 95.290867	 95.285143	 95.279578	 95.274172	 95.268921	 95.263824	 95.258878	 95.254083	 95.249436	 95.244934	 95.240577	 95.236362	 95.232288	 95.228353	 95.224556	 95.220894	 95.217366	 95.213971	 95.210707	 95.207573	 95.204567	 95.201688	 95.198935	 95.196306	   95.1938	 95.191416	 95.189153	 95.187009	 95.184985	 95.183078	 95.181288	 95.179615	 95.178056	 95.176612	 95.175282	 95.174065	  95.17296	 95.171968	 95.171087	 95.170317	 95.169658	 95.169109	  95.16867	 95.168341	 95.168122	 95.168013	
        99	 98.953009	 98.906025	 98.859055	 98.812108	 98.765189	 98.718308	  98.67147	 98.624683	 98.577955	 98.531292	 98.484702	 98.438192	 98.391768	 98.345439	 98.299211	  98.25309	 98.207085	 98.161201	 98.115446	 98.069826	 98.024349	  97.97902	 97.933846	 97.888834	  97.84399	  97.79932	 97.754832	  97.71053	 97.666421	 97.622511	 97.578806	 97.535312	 97.492035	 97.448979	 97.406151	 97.363557	   97.3212	 97.279088	 97.237224	 97.195614	 97.154263	 97.113176	 97.072356	  97.03181	 96.991541	 96.951553	 96.911852	  96.87244	 96.833323	 96.794503	 96.755985	 96.717772	 96.679868	 96.642276	 96.604999	 96.568041	 96.531404	 96.495092	 96.459107	 96.423452	 96.388129	  96.35314	 96.318489	 96.284176	 96.250205	 96.216577	 96.183293	 96.150356	 96.117767	 96.085526	 96.053637	 96.022099	 95.990913	 95.960082	 95.929604	 95.899482	 95.869715	 95.840305	  95.81125	 95.782553	 95.754212	 95.726227	   95.6986	 95.671328	 95.644413	 95.617853	 95.591648	 95.565798	 95.540301	 95.515158	 95.490366	 95.465925	 95.441835	 95.418092	 95.394698	 95.371649	 95.348945	 95.326584	 95.304564	 95.282885	 95.261543	 95.240537	 95.219866	 95.199527	 95.179519	 95.159839	 95.140485	 95.121455	 95.102746	 95.084357	 95.066284	 95.048527	 95.031081	 95.013945	 94.997115	 94.980591	 94.964368	 94.948443	 94.932816	 94.917482	 94.902439	 94.887684	 94.873214	 94.859026	 94.845119	 94.831487	  94.81813	 94.805044	 94.792225	 94.779672	  94.76738	 94.755348	 94.743572	 94.732049	 94.720777	 94.709752	 94.698971	 94.688432	 94.678132	 94.668067	 94.658235	 94.648633	 94.639258	 94.630107	 94.621177	 94.612466	  94.60397	 94.595688	 94.587615	  94.57975	  94.57209	 94.564632	 94.557374	 94.550312	 94.543445	 94.536769	 94.530283	 94.523984	 94.517869	 94.511936	 94.506184	 94.500608	 94.495208	 94.489981	 94.484925	 94.480037	 94.475317	 94.470761	 94.466368	 94.462136	 94.458063	 94.454148	 94.450388	 94.446781	 94.443328	 94.440024	  94.43687	 94.433864	 94.431004	 94.428289	 94.425718	 94.423289	 94.421002	 94.418855	 94.416847	 94.414977	 94.413245	 94.411649	 94.410189	 94.408864	 94.407674	 94.406617	 94.405693	 94.404902	 94.404244	 94.403718	 94.403323	  94.40306	 94.402929	
        99	 98.945195	 98.890399	  98.83562	 98.780866	 98.726147	  98.67147	 98.616844	 98.562278	  98.50778	 98.453359	 98.399022	 98.344778	 98.290636	 98.236603	 98.182688	 98.128899	 98.075244	 98.021732	 97.968369	 97.915164	 97.862124	 97.809258	 97.756573	 97.704077	 97.651777	  97.59968	 97.547794	 97.496126	 97.444683	 97.393472	   97.3425	 97.291774	 97.241301	 97.191086	 97.141137	  97.09146	 97.042061	 96.992947	 96.944122	 96.895594	 96.847367	 96.799448	 96.751841	 96.704553	 96.657588	 96.610952	 96.564649	 96.518685	 96.473063	 96.427788	 96.382866	 96.338299	 96.294092	  96.25025	 96.206775	 96.163672	 96.120943	 96.078593	 96.036625	 95.995041	 95.953845	 95.913039	 95.872626	 95.832608	 95.792989	 95.753769	 95.714951	 95.676537	 95.638529	 95.600928	 95.563736	 95.526954	 95.490584	 95.454626	 95.419081	  95.38395	 95.349234	 95.314933	 95.281048	 95.247578	 95.214525	 95.181887	 95.149666	  95.11786	 95.086469	 95.055493	 95.024932	 94.994783	 94.965047	 94.935723	 94.906809	 94.878304	 94.850208	 94.822518	 94.795233	 94.768352	 94.741873	 94.715794	 94.690113	 94.664829	 94.639939	  94.61544	 94.591332	 94.567612	 94.544276	 94.521324	 94.498752	 94.476557	 94.454738	 94.433291	 94.412214	 94.391504	 94.371157	 94.351172	 94.331544	 94.312272	 94.293351	 94.274779	 94.256553	 94.238669	 94.221125	 94.203917	 94.187041	 94.170494	 94.154274	 94.138376	 94.122798	 94.107536	 94.092586	 94.077945	  94.06361	 94.049577	 94.035843	 94.022405	 94.009258	   93.9964	 93.983827	 93.971535	 93.959522	 93.947784	 93.936317	 93.925118	 93.914184	 93.903512	 93.893097	 93.882938	 93.873029	  93.86337	 93.853955	 93.844782	 93.835849	 93.827151	 93.818685	 93.810449	  93.80244	 93.794655	  93.78709	 93.779743	 93.772612	 93.765693	 93.758983	 93.752481	 93.746183	 93.740087	  93.73419	  93.72849	 93.722984	 93.717671	 93.712548	 93.707612	 93.702862	 93.698295	  93.69391	 93.689704	 93.685676	 93.681824	 93.678145	 93.674639	 93.671304	 93.668137	 93.665139	 93.662306	 93.659638	 93.657134	 93.654793	 93.652612	 93.650592	 93.648731	 93.647028	 93.645483	 93.644094	 93.642861	 93.641784	 93.640862	 93.640094	  93.63948	  93.63902	 93.638713	  93.63856	
        99	  98.93739	  98.87479	  98.81221	 98.749659	 98.687147	 98.624683	 98.562278	 98.499941	 98.437682	  98.37551	 98.313435	 98.251467	 98.189614	 98.127886	 98.066293	 98.004844	 97.943548	 97.882414	 97.821452	  97.76067	 97.700077	 97.639682	 97.579494	 97.519522	 97.459773	 97.400257	 97.340982	 97.281956	 97.223187	 97.164683	 97.106452	 97.048502	  96.99084	 96.933475	 96.876413	 96.819661	 96.763227	 96.707118	  96.65134	   96.5959	 96.540806	 96.486062	 96.431676	 96.377653	    96.324	 96.270722	 96.217825	 96.165315	 96.113196	 96.061474	 96.010154	  95.95924	 95.908738	 95.858652	 95.808986	 95.759744	  95.71093	 95.662549	 95.614604	 95.567098	 95.520035	 95.473418	  95.42725	 95.381533	 95.336271	 95.291466	  95.24712	 95.203235	 95.159814	 95.116859	  95.07437	  95.03235	   94.9908	 94.949721	 94.909114	  94.86898	  94.82932	 94.790134	 94.751423	 94.713187	 94.675427	 94.638141	 94.601331	 94.564996	 94.529135	 94.493747	 94.458833	 94.424391	  94.39042	  94.35692	 94.323888	 94.291324	 94.259227	 94.227593	 94.196423	 94.165714	 94.135464	 94.105671	 94.076333	 94.047447	 94.019012	 93.991025	 93.963484	 93.936385	 93.909727	 93.883505	 93.857719	 93.832364	 93.807437	 93.782936	 93.758857	 93.735197	 93.711953	 93.689121	 93.666699	 93.644681	 93.623066	  93.60185	 93.581028	 93.560597	 93.540554	 93.520895	 93.501616	 93.482713	 93.464183	 93.446022	 93.428225	 93.410789	  93.39371	 93.376984	 93.360608	 93.344576	 93.328886	 93.313534	 93.298515	 93.283826	 93.269462	  93.25542	 93.241696	 93.228286	 93.215186	 93.202393	 93.189902	 93.177709	 93.165812	 93.154205	 93.142886	  93.13185	 93.121095	 93.110616	  93.10041	 93.090473	 93.080802	 93.071394	 93.062244	  93.05335	 93.044708	 93.036315	 93.028168	 93.020263	 93.012598	  93.00517	 92.997975	  92.99101	 92.984274	 92.977762	 92.971473	 92.965403	  92.95955	 92.953911	 92.948485	 92.943267	 92.938258	 92.933453	 92.928851	  92.92445	 92.920248	 92.916242	 92.912432	 92.908815	 92.905389	 92.902153	 92.899105	 92.896245	 92.893569	 92.891078	  92.88877	 92.886644	 92.884699	 92.882934	 92.881347	 92.879939	 92.878708	 92.877655	 92.876778	 92.876076	 92.875551	   92.8752	 92.875025	
        99	 98.929595	 98.859201	 98.788829	  98.71849	 98.648195	 98.577955	  98.50778	 98.437682	 98.367672	 98.297759	 98.227955	 98.158271	 98.088717	 98.019305	 97.950043	 97.880943	 97.812016	  97.74327	 97.674718	 97.606368	 97.538231	 97.470317	 97.402636	 97.335196	 97.268009	 97.201083	 97.134428	 97.068053	 97.001967	 96.936179	 96.870698	 96.805533	 96.740692	 96.676184	 96.612018	   96.5482	  96.48474	 96.421645	 96.358923	 96.296581	 96.234627	 96.173067	  96.11191	 96.051161	 95.990828	 95.930917	 95.871434	 95.812386	 95.753778	 95.695616	 95.637906	 95.580654	 95.523864	 95.467542	 95.411692	 95.356319	 95.301429	 95.247024	 95.193109	 95.139689	 95.086766	 95.034345	 94.982428	  94.93102	 94.880122	 94.829739	 94.779872	 94.730523	 94.681696	 94.633393	 94.585614	 94.538362	 94.491639	 94.445445	 94.399783	 94.354652	 94.310054	 94.265989	 94.222459	 94.179462	 94.137001	 94.095073	  94.05368	  94.01282	 93.972494	 93.932701	  93.89344	  93.85471	  93.81651	 93.778838	 93.741694	 93.705076	 93.668982	  93.63341	 93.598359	 93.563826	  93.52981	 93.496308	 93.463317	 93.430835	  93.39886	 93.367389	 93.336418	 93.305945	 93.275968	 93.246482	 93.217485	 93.188973	 93.160943	 93.133391	 93.106314	 93.079709	 93.053571	 93.027896	 93.002682	 92.977924	 92.953617	 92.929759	 92.906345	 92.883371	 92.860832	 92.838726	 92.817046	  92.79579	 92.774953	  92.75453	 92.734517	  92.71491	 92.695705	 92.676897	 92.658481	 92.640454	 92.622811	 92.605547	 92.588658	  92.57214	 92.555988	 92.540198	 92.524765	 92.509685	 92.494955	 92.480568	 92.466522	 92.452811	 92.439432	 92.426381	 92.413653	 92.401243	 92.389149	 92.377365	 92.365888	 92.354714	 92.343839	 92.333259	  92.32297	 92.312969	 92.303251	 92.293813	 92.284651	 92.275763	 92.267144	  92.25879	 92.250699	 92.242868	 92.235293	  92.22797	 92.220898	 92.214072	  92.20749	  92.20115	 92.195047	 92.189181	 92.183547	 92.178144	  92.17297	 92.168021	 92.163295	 92.158791	 92.154506	 92.150438	 92.146586	 92.142947	  92.13952	 92.136303	 92.133295	 92.130494	 92.127899	 92.125508	  92.12332	 92.121335	 92.119551	 92.117968	 92.116584	 92.115399	 92.114413	 92.113624	 92.113033	 92.112639	 92.112442	
        99	 98.921811	 98.843634	 98.765482	 98.687366	 98.609299	 98.531292	 98.453359	  98.37551	 98.297759	 98.220117	 98.142595	 98.065207	 97.987963	 97.910875	 97.833956	 97.757216	 97.680668	 97.604322	  97.52819	 97.452283	 97.376613	  97.30119	 97.226025	 97.151129	 97.076514	 97.002188	 96.928163	 96.854449	 96.781057	 96.707995	 96.635274	 96.562905	 96.490895	 96.419255	 96.347994	  96.27712	 96.206644	 96.136573	 96.066915	 95.997681	 95.928877	 95.860511	 95.792592	 95.725127	 95.658123	 95.591588	 95.525528	 95.459951	 95.394863	 95.330271	 95.266181	 95.202598	 95.139529	  95.07698	 95.014955	 94.953461	 94.892501	 94.832081	 94.772205	 94.712878	 94.654104	 94.595887	 94.538231	 94.481138	 94.424614	 94.368659	 94.313279	 94.258474	 94.204249	 94.150604	 94.097543	 94.045067	 93.993178	 93.941877	 93.891166	 93.841045	 93.791516	  93.74258	 93.694236	 93.646486	 93.599329	 93.552766	 93.506796	 93.461419	 93.416635	 93.372442	  93.32884	 93.285828	 93.243404	 93.201567	 93.160317	  93.11965	 93.079565	  93.04006	 93.001134	 92.962783	 92.925006	 92.887799	 92.851161	 92.815088	 92.779577	 92.744626	 92.710232	  92.67639	 92.643098	 92.610352	 92.578149	 92.546484	 92.515355	 92.484757	 92.454687	 92.425139	 92.396111	 92.367598	 92.339596	 92.312101	 92.285107	 92.258611	 92.232608	 92.207094	 92.182063	 92.157512	 92.133436	  92.10983	 92.086688	 92.064008	 92.041782	 92.020008	 91.998679	 91.977791	  91.95734	 91.937319	 91.917725	 91.898553	 91.879796	 91.861452	 91.843514	 91.825978	 91.808839	 91.792092	 91.775733	 91.759756	 91.744156	  91.72893	 91.714072	 91.699577	 91.685442	  91.67166	 91.658229	 91.645142	 91.632396	 91.619987	  91.60791	  91.59616	 91.584733	 91.573626	 91.562834	 91.552352	 91.542178	 91.532306	 91.522734	 91.513457	 91.504472	 91.495775	 91.487362	  91.47923	 91.471375	 91.463795	 91.456485	 91.449444	 91.442667	 91.436152	 91.429895	 91.423895	 91.418148	 91.412652	 91.407404	 91.402402	 91.397643	 91.393126	 91.388847	 91.384806	    91.381	 91.377428	 91.374087	 91.370976	 91.368094	 91.365439	 91.363009	 91.360805	 91.358823	 91.357065	 91.355528	 91.354212	 91.353117	 91.352241	 91.351584	 91.351147	 91.350928	
        99	 98.914039	 98.828091	  98.74217	  98.65629	 98.570462	 98.484702	 98.399022	 98.313435	 98.227955	 98.142595	 98.057368	 97.972287	 97.887365	 97.802615	  97.71805	 97.633682	 97.549524	  97.46559	  97.38189	 97.298438	 97.215246	 97.132326	  97.04969	 96.967349	 96.885317	 96.803603	  96.72222	 96.641179	 96.560491	 96.480167	 96.400218	 96.320654	 96.241487	 96.162725	 96.084381	 96.006462	  95.92898	 95.851944	 95.775363	 95.699246	 95.623603	 95.548442	 95.473771	   95.3996	 95.325936	 95.252787	 95.180161	 95.108066	 95.036508	 94.965495	 94.895034	 94.825132	 94.755794	 94.687027	 94.618837	 94.551229	  94.48421	 94.417784	 94.351957	 94.286733	 94.222117	 94.158113	 94.094725	 94.031958	 93.969814	 93.908298	 93.847413	 93.787161	 93.727545	 93.668568	 93.610233	 93.552541	 93.495493	 93.439093	 93.383341	 93.328238	 93.273786	 93.219986	 93.166837	  93.11434	 93.062496	 93.011304	 92.960765	 92.910878	 92.861641	 92.813056	  92.76512	 92.717832	 92.671191	 92.625196	 92.579845	 92.535135	 92.491066	 92.447635	 92.404839	 92.362676	 92.321144	 92.280239	 92.239958	   92.2003	 92.161259	 92.122834	 92.085021	 92.047815	 92.011214	 91.975213	 91.939809	 91.904997	 91.870773	 91.837134	 91.804074	  91.77159	 91.739677	 91.708329	 91.677544	 91.647315	 91.617638	 91.588508	 91.559921	  91.53187	 91.504352	 91.477361	 91.450891	 91.424938	 91.399497	 91.374561	 91.350127	 91.326188	 91.302739	 91.279775	  91.25729	  91.23528	 91.213738	  91.19266	 91.172039	 91.151871	  91.13215	 91.112871	 91.094029	 91.075617	 91.057632	 91.040066	 91.022916	 91.006177	 90.989842	 90.973906	 90.958365	 90.943214	 90.928447	  90.91406	 90.900047	 90.886404	 90.873126	 90.860209	 90.847646	 90.835435	  90.82357	 90.812047	 90.800861	 90.790008	 90.779484	 90.769285	 90.759407	 90.749845	 90.740596	 90.731655	  90.72302	 90.714686	  90.70665	 90.698909	 90.691458	 90.684296	 90.677417	 90.670821	 90.664502	  90.65846	  90.65269	 90.647191	 90.641959	 90.636993	 90.632289	 90.627846	 90.623662	 90.619734	 90.616061	 90.612641	 90.609473	 90.606553	 90.603883	 90.601459	 90.599281	 90.597347	 90.595658	 90.594211	 90.593007	 90.592044	 90.591322	 90.590841	 90.590601	
        99	  98.90628	 98.812575	 98.718899	 98.625267	 98.531693	 98.438192	 98.344778	 98.251467	 98.158271	 98.065207	 97.972287	 97.879527	  97.78694	  97.69454	 97.602342	 97.510359	 97.418606	 97.327095	 97.235841	 97.144857	 97.054156	 96.963751	 96.873657	 96.783884	 96.694447	 96.605358	  96.51663	 96.428274	 96.340303	 96.252729	 96.165564	 96.078819	 95.992506	 95.906636	  95.82122	 95.736269	 95.651793	 95.567804	  95.48431	 95.401324	 95.318853	 95.236908	 95.155497	 95.074631	 94.994318	 94.914567	 94.835386	 94.756784	 94.678767	 94.601345	 94.524524	 94.448312	 94.372716	 94.297742	 94.223397	 94.149688	 94.076619	 94.004198	 93.932429	 93.861318	  93.79087	 93.721089	  93.65198	 93.583547	 93.515795	 93.448726	 93.382345	 93.316655	 93.251658	 93.187358	 93.123758	 93.060858	 92.998662	 92.937171	 92.876387	 92.816311	 92.756944	 92.698287	 92.640341	 92.583106	 92.526582	  92.47077	 92.415669	 92.361279	 92.307599	 92.254628	 92.202365	 92.150809	 92.099959	 92.049812	 92.000367	 91.951623	 91.903576	 91.856224	 91.809566	 91.763597	 91.718316	 91.673719	 91.629803	 91.586565	 91.544001	 91.502108	 91.460881	 91.420317	 91.380412	 91.341162	 91.302562	 91.264608	 91.227296	  91.19062	 91.154577	 91.119161	 91.084367	  91.05019	 91.016626	 90.983668	 90.951313	 90.919554	 90.888386	 90.857804	 90.827802	 90.798374	 90.769515	  90.74122	 90.713482	 90.686296	 90.659656	 90.633557	 90.607991	 90.582955	 90.558441	 90.534444	 90.510958	 90.487977	 90.465495	 90.443507	 90.422006	 90.400987	 90.380443	  90.36037	 90.340761	  90.32161	 90.302912	 90.284662	 90.266852	 90.249478	 90.232535	 90.216016	 90.199917	 90.184231	 90.168953	 90.154079	 90.139602	 90.125519	 90.111823	 90.098509	 90.085573	  90.07301	 90.060814	 90.048982	 90.037508	 90.026389	 90.015619	 90.005194	  89.99511	 89.985362	 89.975948	 89.966862	   89.9581	  89.94966	 89.941537	 89.933728	 89.926229	 89.919037	 89.912148	  89.90556	  89.89927	 89.893274	  89.88757	 89.882156	 89.877028	 89.872184	 89.867622	  89.86334	 89.859335	 89.855606	 89.852151	 89.848969	 89.846057	 89.843414	  89.84104	 89.838932	  89.83709	 89.835513	   89.8342	  89.83315	 89.832363	 89.831839	 89.831577	
        99	 98.898536	 98.797088	 98.695671	 98.594302	 98.492995	 98.391768	 98.290636	 98.189614	 98.088717	 97.987963	 97.887365	  97.78694	 97.686702	 97.586667	 97.486851	 97.387267	 97.287932	  97.18886	 97.090065	 96.991562	 96.893367	 96.795492	 96.697952	 96.600762	 96.503935	 96.407484	 96.311424	 96.215767	 96.120527	 96.025716	 95.931349	 95.837436	  95.74399	 95.651025	 95.558551	  95.46658	 95.375124	 95.284194	 95.193802	 95.103958	 95.014672	 94.925956	 94.837818	  94.75027	 94.663321	  94.57698	 94.491256	 94.406158	 94.321695	 94.237875	 94.154706	 94.072197	 93.990354	 93.909185	 93.828697	 93.748896	  93.66979	 93.591385	 93.513685	 93.436698	 93.360428	 93.284881	 93.210062	 93.135974	 93.062623	 92.990013	 92.918147	 92.847028	 92.776661	 92.707048	 92.638192	 92.570094	 92.502759	 92.436187	  92.37038	  92.30534	 92.241067	 92.177563	 92.114829	 92.052865	 91.991671	 91.931247	 91.871593	 91.812708	 91.754592	 91.697244	 91.640663	 91.584846	 91.529794	 91.475504	 91.421973	 91.369201	 91.317184	  91.26592	 91.215405	 91.165639	 91.116616	 91.068334	 91.020789	 90.973978	 90.927897	 90.882541	 90.837908	 90.793993	  90.75079	 90.708297	 90.666507	 90.625417	 90.585021	 90.545315	 90.506293	 90.467951	 90.430282	 90.393281	 90.356943	 90.321263	 90.286233	  90.25185	 90.218107	 90.184997	 90.152516	 90.120657	 90.089414	  90.05878	  90.02875	 89.999318	 89.970476	  89.94222	 89.914542	 89.887437	 89.860897	 89.834917	 89.809491	 89.784611	 89.760271	 89.736466	 89.713188	 89.690432	 89.668192	  89.64646	  89.62523	 89.604497	 89.584254	 89.564495	 89.545214	 89.526405	 89.508061	 89.490178	 89.472748	 89.455766	 89.439226	 89.423122	  89.40745	 89.392202	 89.377374	  89.36296	 89.348955	 89.335354	 89.322151	 89.309341	 89.296919	 89.284881	 89.273221	 89.261934	 89.251017	 89.240464	 89.230272	 89.220435	  89.21095	 89.201812	 89.193018	 89.184563	 89.176444	 89.168658	   89.1612	 89.154068	 89.147258	 89.140767	 89.134592	 89.128729	 89.123178	 89.117934	 89.112995	 89.108359	 89.104023	 89.099986	 89.096246	   89.0928	 89.089648	 89.086787	 89.084216	 89.081934	  89.07994	 89.078232	 89.076811	 89.075674	 89.074822	 89.074255	 89.073971	
        99	 98.890807	 98.781632	  98.67249	 98.563399	 98.454377	 98.345439	 98.236603	 98.127886	 98.019305	 97.910875	 97.802615	  97.69454	 97.586667	 97.479013	 97.371593	 97.264424	 97.157523	 97.050904	 96.944584	 96.838579	 96.732903	 96.627573	 96.522604	 96.418011	 96.313808	 96.210011	 96.106633	  96.00369	 95.901196	 95.799163	 95.697607	 95.596541	 95.495978	 95.395931	 95.296413	 95.197437	 95.099015	 95.001159	 94.903881	 94.807194	 94.711107	 94.615633	 94.520782	 94.426566	 94.332993	 94.240075	 94.147822	 94.056242	 93.965346	 93.875141	 93.785637	 93.696843	 93.608766	 93.521414	 93.434795	 93.348917	 93.263785	 93.179407	 93.095789	 93.012938	 92.930859	 92.849557	 92.769039	 92.689308	  92.61037	 92.532229	 92.454888	 92.378353	 92.302626	  92.22771	 92.153609	 92.080325	  92.00786	 91.936217	 91.865398	 91.795403	 91.726235	 91.657894	 91.590381	 91.523697	 91.457842	 91.392815	 91.328617	 91.265248	 91.202705	 91.140989	 91.080097	  91.02003	 90.960784	 90.902358	 90.844751	 90.787958	 90.731979	  90.67681	 90.622448	 90.568891	 90.516134	 90.464174	 90.413008	 90.362631	  90.31304	  90.26423	 90.216197	 90.168936	 90.122443	 90.076713	  90.03174	  89.98752	 89.944047	 89.901317	 89.859323	 89.818059	 89.777521	 89.737702	 89.698596	 89.660198	 89.622501	 89.585498	 89.549185	 89.513553	 89.478598	 89.444312	 89.410689	 89.377722	 89.345405	  89.31373	 89.282692	 89.252284	 89.222498	 89.193327	 89.164766	 89.136807	 89.109444	 89.082669	 89.056475	 89.030857	 89.005806	 88.981317	 88.957382	 88.933995	 88.911148	 88.888836	 88.867051	 88.845787	 88.825037	 88.804795	 88.785055	 88.765809	 88.747051	 88.728775	 88.710976	 88.693646	 88.676779	  88.66037	 88.644413	 88.628901	  88.61383	 88.599192	 88.584983	 88.571198	  88.55783	 88.544874	 88.532326	  88.52018	 88.508431	 88.497075	 88.486106	  88.47552	 88.465312	 88.455478	 88.446014	 88.436915	 88.428178	 88.419799	 88.411773	 88.404098	 88.396769	 88.389783	 88.383137	 88.376829	 88.370854	 88.365211	 88.359895	 88.354906	 88.350241	 88.345896	 88.341871	 88.338163	  88.33477	 88.331692	 88.328925	 88.326469	 88.324323	 88.322485	 88.320955	 88.319732	 88.318816	 88.318205	 88.317899	
        99	 98.883096	 98.766209	  98.64936	 98.532564	 98.415842	 98.299211	 98.182688	 98.066293	 97.950043	 97.833956	  97.71805	 97.602342	 97.486851	 97.371593	 97.256587	 97.141849	 97.027398	 96.913249	  96.79942	 96.685928	  96.57279	 96.460021	 96.347638	 96.235658	 96.124096	 96.012968	 95.902289	 95.792076	 95.682343	 95.573104	 95.464376	 95.356172	 95.248507	 95.141394	 95.034848	 94.928881	 94.823508	 94.718741	 94.614593	 94.511077	 94.408204	 94.305987	 94.204438	 94.103567	 94.003386	 93.903906	 93.805137	 93.707089	 93.609773	 93.513198	 93.417373	 93.322308	  93.22801	 93.134489	 93.041753	 92.949809	 92.858665	 92.768328	 92.678805	 92.590102	 92.502226	 92.415183	 92.328977	 92.243616	 92.159102	 92.075442	  91.99264	 91.910699	 91.829624	 91.749417	 91.670083	 91.591623	 91.514041	 91.437338	 91.361517	 91.286579	 91.212526	 91.139358	 91.067077	 90.995684	 90.925177	 90.855558	 90.786826	 90.718981	 90.652021	 90.585946	 90.520755	 90.456445	 90.393015	 90.330463	 90.268786	 90.207983	  90.14805	 90.088985	 90.030784	 89.973444	 89.916961	 89.861331	 89.806552	 89.752617	 89.699523	 89.647266	 89.595841	 89.545242	 89.495466	 89.446506	 89.398357	 89.351014	 89.304471	 89.258723	 89.213763	 89.169585	 89.126184	 89.083553	 89.041685	 89.000575	 88.960215	   88.9206	 88.881721	 88.843573	 88.806149	 88.769442	 88.733444	 88.698149	 88.663549	 88.629638	 88.596408	 88.563851	 88.531962	 88.500731	 88.470153	  88.44022	 88.410924	 88.382258	 88.354214	 88.326787	 88.299967	 88.273748	 88.248123	 88.223084	 88.198624	 88.174735	 88.151412	 88.128646	 88.106431	 88.084759	 88.063624	 88.043019	 88.022937	 88.003371	 87.984314	  87.96576	 87.947702	 87.930134	  87.91305	 87.896443	 87.880307	 87.864635	 87.849423	 87.834664	 87.820352	 87.806482	 87.793047	 87.780043	 87.767465	 87.755306	 87.743562	 87.732229	   87.7213	 87.710772	 87.700639	 87.690898	 87.681544	 87.672572	  87.66398	 87.655762	 87.647916	 87.640437	 87.633322	 87.626568	 87.620171	 87.614129	 87.608438	 87.603097	 87.598102	 87.593451	 87.589141	 87.585171	 87.581539	 87.578243	 87.575281	 87.572651	 87.570354	 87.568386	 87.566748	 87.565439	 87.564457	 87.563803	 87.563476	
        99	 98.875402	 98.750823	 98.626283	 98.501801	 98.377397	  98.25309	 98.128899	 98.004844	 97.880943	 97.757216	 97.633682	 97.510359	 97.387267	 97.264424	 97.141849	 97.019561	 96.897577	 96.775916	 96.654596	 96.533635	  96.41305	  96.29286	 96.173081	 96.053731	 95.934827	 95.816385	 95.698423	 95.580956	 95.464001	 95.347574	  95.23169	 95.116364	 95.001613	 94.887451	 94.773893	 94.660953	 94.548645	 94.436983	 94.325981	 94.215652	 94.106009	 93.997065	 93.888832	 93.781323	 93.674549	 93.568522	 93.463253	 93.358752	 93.255032	 93.152101	 93.049969	 92.948647	 92.848144	 92.748468	 92.649629	 92.551634	 92.454491	 92.358209	 92.262794	 92.168254	 92.074594	 91.981822	 91.889944	 91.798964	 91.708889	 91.619723	 91.531472	 91.444138	 91.357727	 91.272242	 91.187686	 91.104063	 91.021374	 90.939624	 90.858813	 90.778943	 90.700016	 90.622034	 90.544996	 90.468903	 90.393757	 90.319556	 90.246301	  90.17399	 90.102624	   90.0322	 89.962718	 89.894176	 89.826572	 89.759903	 89.694168	 89.629363	 89.565486	 89.502533	 89.440502	 89.379388	 89.319188	 89.259897	 89.201512	 89.144028	  89.08744	 89.031744	 88.976934	 88.923006	 88.869953	 88.817771	 88.766454	 88.715995	 88.666389	  88.61763	 88.569711	 88.522626	 88.476368	 88.430931	 88.386308	 88.342492	 88.299477	 88.257254	 88.215817	 88.175159	 88.135272	 88.096148	 88.057781	 88.020163	 87.983287	 87.947144	 87.911726	 87.877027	 87.843039	 87.809753	 87.777163	 87.745259	 87.714035	 87.683483	 87.653594	 87.624361	 87.595776	 87.567832	  87.54052	 87.513833	 87.487763	 87.462303	 87.437445	 87.413181	 87.389503	 87.366406	  87.34388	 87.321918	 87.300514	  87.27966	 87.259349	 87.239574	 87.220328	 87.201604	 87.183395	 87.165695	 87.148497	 87.131795	 87.115581	 87.099851	 87.084597	 87.069814	 87.055495	 87.041635	 87.028229	  87.01527	 87.002753	 86.990674	 86.979026	 86.967805	 86.957005	 86.946623	 86.936653	 86.927092	 86.917934	 86.909175	 86.900812	 86.892841	 86.885258	 86.878059	 86.871242	 86.864802	 86.858737	 86.853044	  86.84772	 86.842763	 86.838169	 86.833938	 86.830067	 86.826554	 86.823397	 86.820594	 86.818145	 86.816049	 86.814303	 86.812907	 86.811861	 86.811164	 86.810816	
        99	 98.867727	 98.735475	 98.603264	 98.471115	 98.339049	 98.207085	 98.075244	 97.943548	 97.812016	 97.680668	 97.549524	 97.418606	 97.287932	 97.157523	 97.027398	 96.897577	 96.768079	 96.638925	 96.510132	  96.38172	 96.253708	 96.126115	 95.998958	 95.872257	 95.746029	 95.620292	 95.495064	 95.370362	 95.246203	 95.122605	 94.999583	 94.877154	 94.755335	 94.634141	 94.513588	 94.393692	 94.274466	 94.155927	 94.038087	 93.920963	 93.804567	 93.688912	 93.574013	 93.459882	 93.346531	 93.233973	  93.12222	 93.011283	 92.901174	 92.791903	 92.683481	 92.575918	 92.469224	 92.363409	 92.258482	 92.154451	 92.051325	 91.949112	  91.84782	 91.747456	 91.648028	 91.549542	 91.452004	 91.355421	 91.259798	  91.16514	 91.071452	 90.978739	 90.887006	 90.796255	 90.706491	 90.617717	 90.529936	  90.44315	 90.357361	 90.272572	 90.188784	 90.105998	 90.024215	 89.943436	 89.863661	  89.78489	 89.707122	 89.630358	 89.554596	 89.479834	 89.406073	 89.333308	  89.26154	 89.190765	 89.120981	 89.052184	 88.984373	 88.917543	  88.85169	 88.786812	 88.722904	 88.659962	  88.59798	 88.536956	 88.476882	 88.417755	  88.35957	  88.30232	 88.245999	 88.190603	 88.136124	 88.082558	 88.029896	 87.978134	 87.927263	 87.877278	 87.828171	 87.779936	 87.732564	  87.68605	 87.640384	 87.595561	 87.551572	 87.508409	 87.466065	 87.424532	 87.383802	 87.343867	 87.304719	  87.26635	 87.228751	 87.191915	 87.155833	 87.120497	 87.085899	 87.052031	 87.018883	 86.986449	 86.954719	 86.923685	  86.89334	 86.863674	  86.83468	  86.80635	 86.778674	 86.751646	 86.725256	 86.699498	 86.674362	 86.649841	 86.625928	 86.602614	 86.579892	 86.557753	 86.536191	 86.515198	 86.494767	 86.474889	 86.455559	 86.436769	 86.418511	  86.40078	 86.383568	 86.366868	 86.350675	 86.334981	 86.319781	 86.305067	 86.290835	 86.277078	  86.26379	 86.250967	 86.238601	 86.226689	 86.215225	 86.204203	 86.193619	 86.183468	 86.173746	 86.164448	  86.15557	 86.147108	 86.139058	 86.131416	 86.124178	 86.117342	 86.110903	 86.104859	 86.099208	 86.093945	 86.089069	 86.084577	 86.080467	 86.076738	 86.073386	 86.070411	 86.067812	 86.065586	 86.063732	 86.062251	  86.06114	   86.0604	  86.06003	
