Time step 35:
        99	        99	        99	        99	        99	        99	        99	        99	        99	        99	        99	        99	        99	        99	        99	        99	        99	        99	        99	        99	        99	        99	        99	        99	        99	        99	        99	        99	        99	        99	        99	        99	        99	        99	        99	        99	        99	        99	        99	        99	        99	        99	        99	        99	        99	        99	        99	        99	        99	        99	        99	        99	        99	        99	        99	        99	        99	        99	        99	        99	        99	        99	        99	        99	        99	        99	        99	        99	        99	        99	        99	        99	        99	        99	        99	        99	        99	        99	        99	        99	        99	        99	        99	        99	        99	        99	        99	        99	        99	        99	        99	        99	        99	        99	        99	        99	        99	        99	        99	        99	        99	        99	        99	        99	        99	        99	        99	        99	        99	        99	        99	        99	        99	        99	        99	        99	        99	        99	        99	        99	        99	        99	        99	        99	        99	        99	        99	        99	        99	        99	        99	        99	        99	        99	        99	        99	        99	        99	        99	        99	        99	        99	        99	        99	        99	        99	        99	        99	        99	        99	        99	        99	        99	        99	        99	        99	        99	        99	        99	        99	        99	        99	        99	        99	        99	        99	        99	        99	        99	        99	        99	        99	        99	        99	        99	        99	        99	        99	        99	        99	        99	        99	        99	        99	        99	        99	        99	        99	        99	        99	        99	        99	        99	        99	        99	        99	        99	        99	        99	        99	
        99	 98.981859	 98.963724	 98.945603	 98.927501	 98.909425	 98.891382	 98.873378	 98.855419	 98.837512	 98.819663	 98.801878	 98.784164	 98.766526	 98.748971	 98.731505	 98.714132	  98.69686	 98.679693	 98.662637	 98.645698	  98.62888	  98.61219	 98.595631	 98.579209	 98.562929	 98.546795	 98.530812	 98.514983	 98.499314	 98.483808	 98.468468	   98.4533	 98.438305	 98.423488	 98.408851	 98.394398	 98.380132	 98.366055	 98.352169	 98.338477	 98.324982	 98.311685	 98.298587	 98.285692	 98.272999	 98.260511	 98.248228	 98.236152	 98.224283	 98.212622	  98.20117	 98.189926	 98.178891	 98.168065	 98.157448	  98.14704	  98.13684	 98.126847	 98.117062	 98.107482	 98.098108	 98.088937	 98.079969	 98.071203	 98.062637	  98.05427	 98.046099	 98.038124	 98.030341	  98.02275	 98.015349	 98.008134	 98.001105	 97.994258	 97.987591	 97.981103	  97.97479	  97.96865	  97.96268	 97.956878	 97.951241	 97.945766	 97.940451	 97.935293	 97.930288	 97.925435	  97.92073	  97.91617	 97.911753	 97.907475	 97.903334	 97.899327	  97.89545	 97.891702	 97.888078	 97.884577	 97.881194	 97.877928	 97.874775	 97.871733	 97.868799	  97.86597	 97.863242	 97.860615	 97.858084	 97.855647	 97.853302	 97.851045	 97.848874	 97.846788	 97.844782	 97.842855	 97.841004	 97.839228	 97.837523	 97.835887	 97.834318	 97.832814	 97.831373	 97.829992	  97.82867	 97.827404	 97.826192	 97.825034	 97.823926	 97.822866	 97.821854	 97.820887	 97.819964	 97.819083	 97.818242	  97.81744	 97.816675	 97.815946	 97.815252	  97.81459	  97.81396	 97.813361	  97.81279	 97.812248	 97.811732	 97.811242	 97.810776	 97.810334	 97.809914	 97.809515	 97.809137	 97.808779	 97.808439	 97.808117	 97.807812	 97.807523	  97.80725	 97.806991	 97.806747	 97.806516	 97.806297	 97.806091	 97.805896	 97.805712	 97.805538	 97.805374	  97.80522	 97.805075	 97.804938	 97.804809	 97.804687	 97.804573	 97.804466	 97.804366	 97.804271	 97.804183	   97.8041	 97.804022	 97.803949	 97.803881	 97.803817	 97.803758	 97.803703	 97.803652	 97.803604	  97.80356	 97.803519	 97.803481	 97.803447	 97.803415	 97.803386	  97.80336	 97.803336	 97.803315	 97.803296	 97.803279	 97.803265	 97.803252	 97.803242	 97.803234	 97.803228	 97.803224	 97.803222	
        99	 98.963724	 98.927462	 98.891225	 98.855028	 98.818883	 98.782803	 98.746801	  98.71089	 98.675083	 98.639391	 98.603828	 98.568406	 98.533137	 98.498033	 98.463106	 98.428367	 98.393828	 98.359501	 98.325396	 98.291523	 98.257894	 98.224519	 98.191408	  98.15857	 98.126016	 98.093754	 98.061793	 98.030142	 97.998808	 97.967802	 97.937128	 97.906796	 97.876812	 97.847183	 97.817915	 97.789015	 97.760487	 97.732338	 97.704572	 97.677193	 97.650207	 97.623618	 97.597428	 97.571641	  97.54626	 97.521288	 97.496727	 97.472579	 97.448846	 97.425528	 97.402627	 97.380144	 97.358078	 97.336431	 97.315201	 97.294388	 97.273991	 97.254009	 97.234442	 97.215286	  97.19654	 97.178203	 97.160271	 97.142742	 97.125613	 97.108881	 97.092542	 97.076594	 97.061032	 97.045853	 97.031053	 97.016626	  97.00257	 96.988878	 96.975548	 96.962573	 96.949949	 96.937671	 96.925734	 96.914132	  96.90286	 96.891912	 96.881284	 96.870969	 96.860962	 96.851257	 96.841849	 96.832731	 96.823898	 96.815344	 96.807064	 96.799051	 96.791299	 96.783803	 96.776557	 96.769555	 96.762792	 96.756261	 96.749957	 96.743873	 96.738006	 96.732348	 96.726895	 96.721641	  96.71658	 96.711707	 96.707017	 96.702504	 96.698164	 96.693991	 96.689981	 96.686128	 96.682427	 96.678874	 96.675465	 96.672194	 96.669056	 96.666049	 96.663167	 96.660406	 96.657762	 96.655231	 96.652808	 96.650491	 96.648275	 96.646157	 96.644133	   96.6422	 96.640354	 96.638592	  96.63691	 96.635306	 96.633777	 96.632319	  96.63093	 96.629608	 96.628348	 96.627149	 96.626009	 96.624924	 96.623892	 96.622912	 96.621981	 96.621097	 96.620257	  96.61946	 96.618704	 96.617988	 96.617308	 96.616664	 96.616054	 96.615477	  96.61493	 96.614413	 96.613924	 96.613462	 96.613025	 96.612612	 96.612222	 96.611854	 96.611507	  96.61118	 96.610871	  96.61058	 96.610306	 96.610049	 96.609806	 96.609578	 96.609364	 96.609162	 96.608974	 96.608796	  96.60863	 96.608475	 96.608329	 96.608193	 96.608066	 96.607948	 96.607838	 96.607735	  96.60764	 96.607551	  96.60747	 96.607395	 96.607325	 96.607262	 96.607204	 96.607151	 96.607104	 96.607061	 96.607023	  96.60699	 96.606961	 96.606936	 96.606916	   96.6069	 96.606888	  96.60688	 96.606876	
        99	 98.945603	 98.891225	 98.836887	 98.782608	 98.728406	 98.674303	 98.620316	 98.566466	 98.512771	 98.459249	 98.405921	 98.352804	 98.299916	 98.247276	 98.194901	 98.142809	 98.091016	  98.03954	 97.988397	 97.937604	 97.887176	 97.837128	 97.787477	 97.738235	 97.689418	 97.641039	 97.593112	  97.54565	 97.498664	 97.452168	 97.406172	 97.360687	 97.315725	 97.271295	 97.227406	 97.184068	  97.14129	 97.099078	 97.057441	 97.016386	  96.97592	 96.936047	 96.896774	 96.858105	 96.820046	 96.782599	 96.745768	 96.709557	 96.673968	 96.639002	 96.604661	 96.570946	 96.537858	 96.505396	  96.47356	  96.44235	 96.411765	 96.381801	 96.352458	 96.323733	 96.295623	 96.268125	 96.241236	  96.21495	 96.189264	 96.164174	 96.139673	 96.115758	 96.092423	 96.069661	 96.047467	 96.025833	 96.004755	 95.984224	 95.964234	 95.944778	 95.925848	 95.907436	 95.889536	 95.872138	 95.855235	 95.838819	 95.822881	 95.807413	 95.792407	 95.777854	 95.763746	 95.750074	 95.736828	 95.724002	 95.711584	 95.699568	 95.687944	 95.676704	 95.665838	 95.655338	 95.645196	 95.635403	 95.625949	 95.616827	 95.608028	 95.599545	 95.591367	 95.583488	 95.575899	 95.568592	 95.561559	 95.554792	 95.548284	 95.542026	 95.536012	 95.530234	 95.524685	 95.519358	 95.514245	  95.50934	 95.504635	 95.500126	 95.495804	 95.491663	 95.487698	 95.483903	 95.480271	 95.476796	 95.473473	 95.470297	 95.467262	 95.464363	 95.461594	 95.458952	  95.45643	 95.454025	 95.451732	 95.449546	 95.447464	  95.44548	 95.443591	 95.441793	 95.440083	 95.438456	  95.43691	  95.43544	 95.434044	 95.432717	 95.431458	 95.430264	  95.42913	 95.428055	 95.427036	 95.426071	 95.425156	  95.42429	 95.423471	 95.422695	 95.421962	 95.421268	 95.420613	 95.419994	 95.419409	 95.418858	 95.418337	 95.417846	 95.417383	 95.416947	 95.416537	  95.41615	 95.415786	 95.415445	 95.415123	 95.414821	 95.414538	 95.414273	 95.414024	  95.41379	 95.413572	 95.413368	 95.413178	    95.413	 95.412835	 95.412681	 95.412538	 95.412406	 95.412283	  95.41217	 95.412066	 95.411971	 95.411884	 95.411805	 95.411734	  95.41167	 95.411613	 95.411563	  95.41152	 95.411483	 95.411453	 95.411429	 95.411411	 95.411399	 95.411393	
        99	 98.927501	 98.855028	 98.782608	 98.710265	 98.638027	  98.56592	 98.493968	 98.422198	 98.350634	 98.279303	 98.208228	 98.137435	 98.066948	  97.99679	 97.926986	 97.857559	 97.788531	 97.719925	 97.651764	 97.584068	 97.516859	 97.450157	 97.383982	 97.318354	 97.253292	 97.188814	 97.124938	 97.061682	 96.999061	 96.937091	 96.875789	 96.815169	 96.755244	 96.696029	 96.637535	 96.579776	 96.522762	 96.466503	 96.411011	 96.356294	 96.302361	  96.24922	 96.196878	 96.145341	 96.094617	 96.044709	 95.995622	 95.947361	 95.899928	 95.853326	 95.807558	 95.762623	 95.718524	  95.67526	 95.632831	 95.591235	 95.550471	 95.510537	 95.471429	 95.433145	 95.395681	 95.359032	 95.323194	 95.288162	 95.253928	 95.220488	 95.187835	 95.155962	 95.124861	 95.094524	 95.064944	 95.036112	 95.008019	 94.980657	 94.954015	 94.928084	 94.902854	 94.878316	 94.854458	 94.831271	 94.808743	 94.786864	 94.765623	 94.745008	 94.725008	 94.705613	  94.68681	 94.668587	 94.650934	 94.633839	  94.61729	 94.601275	 94.585783	 94.570802	 94.556321	 94.542327	 94.528809	 94.515757	 94.503157	    94.491	 94.479273	 94.467966	 94.457068	 94.446566	 94.436452	 94.426713	  94.41734	 94.408321	 94.399647	 94.391307	 94.383292	 94.375592	 94.368196	 94.361095	 94.354281	 94.347744	 94.341474	 94.335463	 94.329703	 94.324185	 94.318901	 94.313842	 94.309001	  94.30437	 94.299942	 94.295709	 94.291664	   94.2878	  94.28411	 94.280588	 94.277228	 94.274022	 94.270966	 94.268053	 94.265277	 94.262633	 94.260116	  94.25772	  94.25544	 94.253272	 94.251211	 94.249252	 94.247391	 94.245624	 94.243946	 94.242353	 94.240843	  94.23941	 94.238052	 94.236765	 94.235546	 94.234392	   94.2333	 94.232266	 94.231289	 94.230365	 94.229491	 94.228666	 94.227887	 94.227152	 94.226458	 94.225803	 94.225187	 94.224606	 94.224058	 94.223543	 94.223059	 94.222603	 94.222175	 94.221772	 94.221395	 94.221041	 94.220709	 94.220398	 94.220107	 94.219836	 94.219582	 94.219345	 94.219125	  94.21892	 94.218729	 94.218553	  94.21839	 94.218239	 94.218101	 94.217974	 94.217858	 94.217753	 94.217658	 94.217572	 94.217497	  94.21743	 94.217372	 94.217323	 94.217283	 94.217251	 94.217227	 94.217211	 94.217203	
        99	 98.909425	 98.818883	 98.728406	 98.638027	 98.547779	 98.457693	 98.367802	 98.278137	 98.188731	 98.099615	  98.01082	 97.922376	 97.834315	 97.746665	 97.659457	  97.57272	 97.486482	 97.400772	 97.315616	 97.231041	 97.147075	 97.063743	 96.981069	 96.899079	 96.817795	 96.737241	  96.65744	 96.578412	 96.500178	 96.422758	 96.346172	 96.270437	 96.195572	 96.121593	 96.048515	 95.976355	 95.905126	 95.834841	 95.765513	 95.697154	 95.629774	 95.563383	 95.497991	 95.433605	 95.370234	 95.307882	 95.246557	 95.186263	 95.127004	 95.068784	 95.011604	 94.955466	 94.900372	 94.846321	 94.793313	 94.741347	 94.690419	 94.640528	  94.59167	 94.543841	 94.497037	  94.45125	 94.406477	  94.36271	 94.319941	 94.278164	  94.23737	 94.197549	 94.158694	 94.120794	 94.083839	 94.047818	 94.012721	 93.978537	 93.945252	 93.912856	 93.881336	  93.85068	 93.820874	 93.791905	 93.763761	 93.736427	 93.709889	 93.684135	 93.659149	 93.634917	 93.611426	  93.58866	 93.566606	 93.545249	 93.524573	 93.504566	 93.485211	 93.466495	 93.448403	  93.43092	 93.414033	 93.397726	 93.381985	 93.366796	 93.352146	  93.33802	 93.324404	 93.311284	 93.298648	 93.286481	 93.274771	 93.263504	 93.252667	 93.242248	 93.232234	 93.222614	 93.213374	 93.204503	  93.19599	 93.187823	  93.17999	 93.172481	 93.165284	 93.158391	 93.151789	 93.145469	 93.139421	 93.133635	 93.128103	 93.122814	 93.117761	 93.112933	 93.108324	 93.103924	 93.099725	 93.095721	 93.091902	 93.088263	 93.084795	 93.081492	 93.078347	 93.075354	 93.072506	 93.069797	 93.067222	 93.064775	  93.06245	 93.060242	 93.058145	 93.056156	 93.054269	 93.052479	 93.050782	 93.049175	 93.047652	  93.04621	 93.044845	 93.043554	 93.042333	 93.041178	 93.040087	 93.039056	 93.038083	 93.037164	 93.036297	  93.03548	 93.034709	 93.033983	   93.0333	 93.032656	 93.032051	 93.031481	 93.030946	 93.030444	 93.029972	  93.02953	 93.029115	 93.028727	 93.028364	 93.028024	 93.027707	 93.027411	 93.027136	  93.02688	 93.026642	 93.026421	 93.026217	 93.026029	 93.025856	 93.025698	 93.025553	 93.025422	 93.025303	 93.025197	 93.025102	 93.025019	 93.024947	 93.024886	 93.024835	 93.024795	 93.024765	 93.024745	 93.024735	
        99	 98.891382	 98.782803	 98.674303	  98.56592	 98.457693	 98.349661	 98.241863	 98.134337	  98.02712	 97.920252	 97.813768	 97.707705	 97.602101	 97.496991	 97.392411	 97.288395	 97.184978	 97.082193	 96.980073	 96.878651	 96.777958	 96.678026	 96.578883	 96.480559	 96.383083	 96.286483	 96.190784	 96.096013	 96.002194	 95.909352	 95.817509	 95.726687	 95.636908	 95.548192	 95.460557	 95.374022	 95.288603	 95.204317	 95.121178	 95.039201	 94.958399	 94.878783	 94.800364	 94.723152	 94.647156	 94.572384	 94.498843	 94.426538	 94.355474	 94.285655	 94.217085	 94.149764	 94.083695	 94.018877	 93.955309	  93.89299	 93.831917	 93.772088	 93.713497	  93.65614	 93.600012	 93.545105	 93.491412	 93.438926	 93.387638	 93.337538	 93.288617	 93.240864	 93.194269	 93.148819	 93.104502	 93.061306	 93.019217	 92.978222	 92.938307	 92.899458	 92.861659	 92.824896	 92.789152	 92.754413	 92.720662	 92.687883	 92.656059	 92.625174	  92.59521	 92.566152	 92.537981	  92.51068	 92.484232	  92.45862	 92.433826	 92.409833	 92.386623	 92.364178	 92.342482	 92.321517	 92.301265	 92.281709	 92.262833	 92.244619	  92.22705	  92.21011	 92.193781	 92.178048	 92.162895	 92.148304	 92.134261	 92.120749	 92.107754	  92.09526	 92.083251	 92.071714	 92.060634	 92.049996	 92.039787	 92.029992	 92.020599	 92.011594	 92.002964	 91.994697	  91.98678	 91.979201	 91.971948	  91.96501	 91.958376	 91.952034	 91.945973	 91.940184	 91.934657	  91.92938	 91.924345	 91.919543	 91.914964	 91.910599	  91.90644	  91.90248	 91.898708	 91.895119	 91.891704	 91.888455	 91.885367	 91.882432	 91.879644	 91.876996	 91.874482	 91.872096	 91.869833	 91.867687	 91.865653	 91.863725	 91.861899	 91.860169	 91.858533	 91.856984	  91.85552	 91.854135	 91.852826	  91.85159	 91.850423	 91.849321	 91.848282	 91.847302	 91.846378	 91.845507	 91.844687	 91.843915	 91.843189	 91.842506	 91.841865	 91.841262	 91.840697	 91.840166	 91.839669	 91.839203	 91.838768	 91.838361	  91.83798	 91.837626	 91.837295	 91.836988	 91.836703	 91.836438	 91.836194	 91.835969	 91.835761	 91.835571	 91.835398	  91.83524	 91.835097	  91.83497	 91.834856	 91.834757	  91.83467	 91.834597	 91.834536	 91.834488	 91.834452	 91.834428	 91.834416	
        99	 98.873378	 98.746801	 98.620316	 98.493968	 98.367802	 98.241863	 98.116197	 97.990847	 97.865859	 97.741276	 97.617141	 97.493499	  97.37039	 97.247857	 97.125942	 97.004685	 96.884125	 96.764303	 96.645257	 96.527023	  96.40964	 96.293142	 96.177566	 96.062945	 95.949311	 95.836698	 95.725137	 95.614657	 95.505287	 95.397055	 95.289989	 95.184113	 95.079453	 94.976031	  94.87387	 94.772991	 94.673413	 94.575156	 94.478237	 94.382672	 94.288476	 94.195663	 94.104245	 94.014235	 93.925642	 93.838476	 93.752745	 93.668455	 93.585612	  93.50422	 93.424283	 93.345804	 93.268783	 93.193221	 93.119116	 93.046468	 92.975272	 92.905525	 92.837223	 92.770359	 92.704926	 92.640918	 92.578325	 92.517139	  92.45735	 92.398946	 92.341916	 92.286248	 92.231929	 92.178945	 92.127282	 92.076926	 92.027861	 91.980071	  91.93354	 91.888251	 91.844187	 91.801329	 91.759661	 91.719164	 91.679818	 91.641605	 91.604507	 91.568502	 91.533572	 91.499697	 91.466856	  91.43503	 91.404199	 91.374341	 91.345438	 91.317467	  91.29041	 91.264245	 91.238953	 91.214512	 91.190903	 91.168106	 91.146101	 91.124868	 91.104387	 91.084639	 91.065604	 91.047263	 91.029597	 91.012588	 90.996217	 90.980466	 90.965317	 90.950751	 90.936752	 90.923303	 90.910386	 90.897985	 90.886083	 90.874665	 90.863715	 90.853217	 90.843157	  90.83352	  90.82429	 90.815455	    90.807	 90.798912	 90.791178	 90.783784	  90.77672	 90.769971	 90.763527	 90.757376	 90.751507	 90.745908	  90.74057	 90.735482	 90.730634	 90.726016	  90.72162	 90.717436	 90.713454	 90.709668	 90.706068	 90.702646	 90.699396	 90.696309	 90.693378	 90.690597	 90.687959	 90.685457	 90.683085	 90.680838	 90.678709	 90.676693	 90.674785	  90.67298	 90.671273	 90.669658	 90.668133	 90.666692	 90.665331	 90.664047	 90.662835	 90.661692	 90.660615	   90.6596	 90.658644	 90.657745	 90.656898	 90.656102	 90.655354	 90.654652	 90.653993	 90.653374	 90.652795	 90.652252	 90.651744	 90.651269	 90.650826	 90.650413	 90.650028	 90.649669	 90.649337	 90.649029	 90.648744	 90.648481	 90.648239	 90.648017	 90.647815	 90.647631	 90.647465	 90.647317	 90.647184	 90.647068	 90.646967	 90.646882	 90.646811	 90.646755	 90.646713	 90.646685	 90.646671	
        99	 98.855419	  98.71089	 98.566466	 98.422198	 98.278137	 98.134337	 97.990847	 97.847719	 97.705004	 97.562751	 97.421011	 97.279832	 97.139263	 96.999352	 96.860145	  96.72169	 96.584032	 96.447215	 96.311284	 96.176282	  96.04225	  95.90923	 95.777261	 95.646383	 95.516633	 95.388049	 95.260664	 95.134515	 95.009633	 94.886051	 94.763799	 94.642907	 94.523403	 94.405313	 94.288663	 94.173476	 94.059775	 93.947582	 93.836917	 93.727798	 93.620242	 93.514265	 93.409882	 93.307106	 93.205948	  93.10642	 93.008529	 92.912284	 92.817691	 92.724756	 92.633482	 92.543872	 92.455927	 92.369648	 92.285033	 92.202081	 92.120787	 92.041149	 91.963159	 91.886811	 91.812099	 91.739012	 91.667542	 91.597678	 91.529408	 91.462721	 91.397602	 91.334039	 91.272016	 91.211518	 91.152528	  91.09503	 91.039005	 90.984438	 90.931307	 90.879594	 90.829281	 90.780345	 90.732767	 90.686526	   90.6416	 90.597967	 90.555607	 90.514496	 90.474612	 90.435932	 90.398434	 90.362094	 90.326889	 90.292797	 90.259794	 90.227857	 90.196962	 90.167086	 90.138206	 90.110299	 90.083342	 90.057312	 90.032186	 90.007941	 89.984555	 89.962006	 89.940271	 89.919329	 89.899158	 89.879737	 89.861044	 89.843059	 89.825761	 89.809129	 89.793145	 89.777788	 89.763039	 89.748879	  89.73529	 89.722252	 89.709749	 89.697763	 89.686276	 89.675271	 89.664733	 89.654644	  89.64499	 89.635755	 89.626924	 89.618482	 89.610415	 89.602709	 89.595351	 89.588328	 89.581626	 89.575234	 89.569139	 89.563329	 89.557793	 89.552521	 89.547501	 89.542723	 89.538177	 89.533853	 89.529743	 89.525836	 89.522125	   89.5186	 89.515254	 89.512078	 89.509065	 89.506209	 89.503501	 89.500934	 89.498504	 89.496202	 89.494023	 89.491962	 89.490013	  89.48817	 89.486428	 89.484782	 89.483229	 89.481762	 89.480379	 89.479074	 89.477844	 89.476685	 89.475593	 89.474566	   89.4736	 89.472691	 89.471837	 89.471035	 89.470282	 89.469576	 89.468914	 89.468294	 89.467714	 89.467172	 89.466666	 89.466194	 89.465754	 89.465345	 89.464966	 89.464614	 89.464288	 89.463988	 89.463712	 89.463459	 89.463228	 89.463018	 89.462829	 89.462659	 89.462508	 89.462375	  89.46226	 89.462162	 89.462082	 89.462017	 89.461969	 89.461937	 89.461921	
        99	 98.837512	 98.675083	 98.512771	 98.350634	 98.188731	  98.02712	 97.865859	 97.705004	 97.544613	 97.384742	 97.225446	 97.066781	 96.908802	 96.751562	 96.595114	 96.439511	 96.284803	 96.131041	 95.978274	 95.826551	 95.675919	 95.526424	  95.37811	 95.231022	 95.085202	 94.940692	  94.79753	 94.655757	 94.515408	  94.37652	 94.239127	 94.103262	 93.968956	  93.83624	 93.705142	 93.575689	 93.447906	 93.321817	 93.197446	 93.074811	 92.953934	 92.834832	 92.717521	 92.602015	 92.488328	 92.376473	 92.266458	 92.158292	 92.051984	 91.947538	 91.844959	 91.744251	 91.645414	 91.548448	 91.453354	 91.360127	 91.268765	 91.179263	 91.091614	  91.00581	 90.921844	 90.839705	 90.759383	 90.680866	 90.604141	 90.529194	 90.456011	 90.384575	  90.31487	 90.246878	 90.180582	 90.115963	    90.053	 89.991673	 89.931962	 89.873845	 89.817299	 89.762303	 89.708832	 89.656864	 89.606373	 89.557337	  89.50973	 89.463527	 89.418703	 89.375233	  89.33309	  89.29225	 89.252685	  89.21437	  89.17728	 89.141387	 89.106665	 89.073089	 89.040633	 89.009269	 88.978973	 88.949719	 88.921481	 88.894233	 88.867951	 88.842609	 88.818182	 88.794646	 88.771977	  88.75015	 88.729142	  88.70893	 88.689489	 88.670798	 88.652834	 88.635575	 88.618999	 88.603086	 88.587813	 88.573161	 88.559109	 88.545638	 88.532728	 88.520361	 88.508517	 88.497179	 88.486329	  88.47595	 88.466025	 88.456538	 88.447472	 88.438812	 88.430543	 88.422649	 88.415117	 88.407933	 88.401083	 88.394554	 88.388333	 88.382407	 88.376765	 88.371396	 88.366287	 88.361428	 88.356808	 88.352418	 88.348246	 88.344285	 88.340524	 88.336955	  88.33357	 88.330359	 88.327315	 88.324431	   88.3217	 88.319113	 88.316665	 88.314348	 88.312157	 88.310086	 88.308128	 88.306279	 88.304533	 88.302885	  88.30133	 88.299863	 88.298481	 88.297179	 88.295952	 88.294797	 88.293711	  88.29269	  88.29173	 88.290829	 88.289982	 88.289189	 88.288445	 88.287749	 88.287097	 88.286488	 88.285919	 88.285388	 88.284894	 88.284435	 88.284008	 88.283612	 88.283247	 88.282909	 88.282599	 88.282315	 88.282055	 88.281819	 88.281606	 88.281415	 88.281246	 88.281096	 88.280967	 88.280857	 88.280767	 88.280694	  88.28064	 88.280605	 88.280587	
        99	 98.819663	 98.639391	 98.459249	 98.279303	 98.099615	 97.920252	 97.741276	 97.562751	 97.384742	 97.207309	 97.030515	 96.854421	 96.679088	 96.504576	 96.330943	 96.158247	 95.986544	 95.815892	 95.646344	 95.477955	 95.310776	 95.144859	 94.980253	 94.817008	  94.65517	 94.494785	 94.335898	  94.17855	 94.022785	  93.86864	 93.716155	 93.565365	 93.416306	 93.269012	 93.123513	 92.979839	  92.83802	 92.698081	 92.560047	 92.423942	 92.289787	 92.157601	 92.027403	  91.89921	 91.773035	 91.648892	 91.526792	 91.406745	 91.288759	  91.17284	 91.058993	 90.947222	 90.837528	 90.729911	  90.62437	 90.520903	 90.419505	 90.320171	 90.222894	 90.127665	 90.034475	 89.943314	 89.854169	 89.767027	 89.681874	 89.598694	 89.517471	 89.438188	 89.360826	 89.285366	 89.211787	  89.14007	  89.07019	 89.002127	 88.935857	 88.871356	 88.808599	 88.747561	 88.688217	 88.630539	 88.574503	  88.52008	 88.467244	 88.415965	 88.366218	 88.317972	   88.2712	 88.225873	 88.181963	 88.139439	 88.098274	 88.058438	 88.019903	 87.982639	 87.946617	 87.911808	 87.878184	 87.845717	 87.814377	 87.784136	 87.754967	 87.726841	 87.699731	  87.67361	  87.64845	 87.624226	  87.60091	 87.578477	 87.556901	 87.536157	 87.516219	 87.497064	 87.478668	 87.461006	 87.444056	 87.427794	 87.412199	 87.397248	  87.38292	 87.369194	 87.356049	 87.343466	 87.331424	 87.319905	  87.30889	  87.29836	 87.288299	 87.278687	  87.26951	 87.260749	  87.25239	 87.244417	 87.236814	 87.229568	 87.222663	 87.216087	 87.209825	 87.203866	 87.198195	 87.192803	 87.187675	 87.182803	 87.178173	 87.173777	 87.169603	 87.165642	 87.161884	 87.158321	 87.154943	 87.151742	 87.148711	  87.14584	 87.143122	 87.140551	  87.13812	 87.135821	 87.133648	 87.131596	 87.129658	 87.127829	 87.126103	 87.124475	 87.122941	 87.121496	 87.120134	 87.118853	 87.117648	 87.116514	 87.115449	 87.114448	 87.113509	 87.112629	 87.111803	  87.11103	 87.110307	 87.109631	 87.108999	 87.108411	 87.107862	 87.107352	 87.106879	  87.10644	 87.106034	 87.105659	 87.105315	 87.104999	 87.104711	  87.10445	 87.104213	 87.104001	 87.103813	 87.103647	 87.103504	 87.103382	 87.103281	 87.103201	 87.103141	 87.103101	 87.103081	
        99	 98.801878	 98.603828	 98.405921	 98.208228	  98.01082	 97.813768	 97.617141	 97.421011	 97.225446	 97.030515	 96.836286	 96.642826	 96.450202	 96.258479	 96.067722	 95.877995	  95.68936	 95.501878	 95.315609	 95.130613	 94.946947	 94.764668	 94.583829	 94.404484	 94.226686	 94.050484	 93.875928	 93.703063	 93.531935	 93.362589	 93.195066	 93.029406	 92.865647	 92.703826	 92.543978	 92.386136	  92.23033	  92.07659	 91.924944	 91.775416	 91.628031	 91.482809	 91.339771	 91.198935	 91.060317	 90.923931	  90.78979	 90.657904	 90.528282	 90.400931	 90.275857	 90.153063	 90.032551	 89.914321	 89.798372	 89.684701	 89.573304	 89.464173	 89.357302	 89.252682	 89.150302	 89.050151	 88.952214	 88.856478	 88.762927	 88.671544	 88.582312	  88.49521	 88.410218	 88.327316	 88.246482	 88.167691	  88.09092	 88.016145	 87.943339	 87.872477	 87.803531	 87.736473	 87.671277	 87.607911	 87.546349	 87.486559	 87.428511	 87.372176	 87.317522	 87.264519	 87.213134	 87.163337	 87.115096	 87.068379	 87.023155	  86.97939	 86.937054	 86.896115	 86.856541	 86.818299	  86.78136	  86.74569	 86.711259	 86.678036	  86.64599	 86.615091	 86.585307	  86.55661	 86.528969	 86.502356	 86.476741	 86.452095	 86.428391	 86.405601	 86.383698	 86.362654	 86.342443	  86.32304	 86.304418	 86.286552	 86.269419	 86.252994	 86.237253	 86.222173	 86.207732	 86.193908	 86.180679	 86.168024	 86.155922	 86.144354	   86.1333	 86.122741	 86.112658	 86.103033	  86.09385	  86.08509	 86.076738	 86.068777	 86.061191	 86.053966	 86.047087	  86.04054	 86.034311	 86.028386	 86.022753	   86.0174	 86.012314	 86.007484	 86.002898	 85.998547	 85.994419	 85.990504	 85.986793	 85.983277	 85.979946	 85.976792	 85.973806	 85.970982	  85.96831	 85.965785	 85.963398	 85.961143	 85.959014	 85.957005	 85.955109	 85.953321	 85.951635	 85.950047	 85.948551	 85.947144	 85.945819	 85.944574	 85.943404	 85.942304	 85.941273	 85.940305	 85.939398	 85.938549	 85.937755	 85.937012	 85.936318	 85.935671	 85.935069	 85.934508	 85.933988	 85.933506	  85.93306	 85.932649	  85.93227	 85.931924	 85.931607	  85.93132	  85.93106	 85.930827	  85.93062	 85.930438	 85.930281	 85.930147	 85.930036	 85.929948	 85.929882	 85.929838	 85.929817	
        99	 98.784164	 98.568406	 98.352804	 98.137435	 97.922376	 97.707705	 97.493499	 97.279832	 97.066781	 96.854421	 96.642826	 96.432069	 96.222222	 96.013357	 95.805545	 95.598853	 95.393352	 95.189107	 94.986184	 94.784648	  94.58456	 94.385982	 94.188975	 93.993595	   93.7999	 93.607943	 93.417779	 93.229458	  93.04303	 92.858543	 92.676041	 92.495569	 92.317168	 92.140879	 91.966739	 91.794784	 91.625047	 91.457562	 91.292356	 91.129459	 90.968896	  90.81069	 90.654863	 90.501434	 90.350422	 90.201842	 90.055707	 89.912029	 89.770817	  89.63208	 89.495823	  89.36205	 89.230762	 89.101962	 88.975646	 88.851811	 88.730453	 88.611566	 88.495139	 88.381165	 88.269631	 88.160525	 88.053832	 87.949536	  87.84762	 87.748067	 87.650856	 87.555966	 87.463376	 87.373061	 87.284999	 87.199164	 87.115529	 87.034068	 86.954752	 86.877554	 86.802443	  86.72939	 86.658364	 86.589334	 86.522266	 86.457131	 86.393893	 86.332521	  86.27298	 86.215238	 86.159259	  86.10501	 86.052455	 86.001561	 85.952293	 85.904616	 85.858494	 85.813895	 85.770782	 85.729122	 85.688879	  85.65002	 85.612511	 85.576317	 85.541406	 85.507744	 85.475297	 85.444034	 85.413922	 85.384929	 85.357024	 85.330175	 85.304351	 85.279524	 85.255662	 85.232736	 85.210719	  85.18958	 85.169293	  85.14983	 85.131165	 85.113271	 85.096123	 85.079695	 85.063963	 85.048903	 85.034491	 85.020704	  85.00752	 84.994918	 84.982876	 84.971372	 84.960388	 84.949903	 84.939898	 84.930355	 84.921256	 84.912583	  84.90432	 84.896449	 84.888955	 84.881822	 84.875036	 84.868581	 84.862445	 84.856613	 84.851072	  84.84581	 84.840815	 84.836074	 84.831577	 84.827312	 84.823269	 84.819439	  84.81581	 84.812374	 84.809122	 84.806044	 84.803134	 84.800383	 84.797783	 84.795326	 84.793007	 84.790818	 84.788752	 84.786804	 84.784968	 84.783238	 84.781609	 84.780075	 84.778632	 84.777275	    84.776	 84.774803	 84.773679	 84.772625	 84.771637	 84.770712	 84.769846	 84.769037	 84.768282	 84.767577	 84.766921	  84.76631	 84.765743	 84.765218	 84.764732	 84.764284	 84.763872	 84.763494	 84.763149	 84.762836	 84.762553	   84.7623	 84.762074	 84.761876	 84.761704	 84.761558	 84.761438	 84.761342	  84.76127	 84.761222	 84.761199	
        99	 98.766526	 98.533137	 98.299916	 98.066948	 97.834315	 97.602101	  97.37039	 97.139263	 96.908802	 96.679088	 96.450202	 96.222222	 95.995227	 95.769294	 95.544499	 95.320918	 95.098623	 94.877688	 94.658182	 94.440177	 94.223738	 94.008933	 93.795826	  93.58448	 93.374957	 93.167314	  92.96161	   92.7579	 92.556237	 92.356674	 92.159258	 91.964038	 91.771059	 91.580364	 91.391993	 91.205986	 91.022379	 90.841207	 90.662501	 90.486292	 90.312608	 90.141474	 89.972913	 89.806947	 89.643594	 89.482872	 89.324795	 89.169376	 89.016625	  88.86655	 88.719158	 88.574453	 88.432438	 88.293111	 88.156473	 88.022519	 87.891244	 87.762641	 87.636701	 87.513413	 87.392764	 87.274742	  87.15933	 87.046512	 86.936268	 86.828579	 86.723424	  86.62078	 86.520623	 86.422928	  86.32767	  86.23482	 86.144351	 86.056233	 85.970436	 85.886929	 85.805681	 85.726658	 85.649828	 85.575156	 85.502608	 85.432149	 85.363744	 85.297357	 85.232951	  85.17049	 85.109936	 85.051254	 84.994405	 84.939352	 84.886057	 84.834484	 84.784594	  84.73635	 84.689714	 84.644649	 84.601118	 84.559083	 84.518509	 84.479358	 84.441593	  84.40518	 84.370082	 84.336265	 84.303692	  84.27233	 84.242144	 84.213101	 84.185167	 84.158311	 84.132499	   84.1077	 84.083883	 84.061017	 84.039072	 84.018019	 83.997829	 83.978472	 83.959923	 83.942152	 83.925135	 83.908844	 83.893254	 83.878341	  83.86408	 83.850448	 83.837421	 83.824978	 83.813096	 83.801754	 83.790932	 83.780609	 83.770766	 83.761385	 83.752446	 83.743931	 83.735825	 83.728109	 83.720769	 83.713787	 83.707149	  83.70084	 83.694847	 83.689155	 83.683751	 83.678623	 83.673758	 83.669145	 83.664772	 83.660628	 83.656703	 83.652986	 83.649468	  83.64614	 83.642991	 83.640015	 83.637202	 83.634545	 83.632036	 83.629668	 83.627434	 83.625327	 83.623341	 83.621469	 83.619707	 83.618048	 83.616487	  83.61502	  83.61364	 83.612345	 83.611129	 83.609989	 83.608921	  83.60792	 83.606983	 83.606108	 83.605291	 83.604529	 83.603819	 83.603158	 83.602545	 83.601977	 83.601451	 83.600967	 83.600521	 83.600112	 83.599739	   83.5994	 83.599094	  83.59882	 83.598576	 83.598362	 83.598176	 83.598018	 83.597887	 83.597784	 83.597706	 83.597655	 83.597629	
        99	 98.748971	 98.498033	 98.247276	  97.99679	 97.746665	 97.496991	 97.247857	 96.999352	 96.751562	 96.504576	 96.258479	 96.013357	 95.769294	 95.526373	 95.284675	 95.044283	 94.805273	 94.567725	 94.331715	 94.097317	 93.864604	 93.633648	 93.404517	  93.17728	 92.952002	 92.728746	 92.507575	 92.288548	 92.071722	 91.857153	 91.644894	 91.434995	 91.227505	 91.022471	 90.819937	 90.619944	 90.422531	 90.227736	 90.035593	 89.846135	 89.659391	 89.475389	 89.294154	 89.115709	 88.940073	 88.767266	 88.597303	 88.430198	 88.265961	 88.104602	 87.946128	 87.790542	 87.637848	 87.488046	 87.341134	 87.197108	 87.055962	 86.917689	 86.782279	 86.649721	 86.520001	 86.393104	 86.269014	 86.147712	 86.029179	 85.913393	 85.800331	 85.689969	 85.582282	 85.477241	  85.37482	 85.274989	 85.177717	 85.082973	 84.990725	  84.90094	 84.813582	 84.728617	  84.64601	 84.565724	 84.487721	 84.411964	 84.338416	 84.267037	 84.197788	  84.13063	 84.065524	 84.002429	 83.941305	 83.882113	 83.824811	  83.76936	 83.715718	 83.663846	 83.613704	  83.56525	 83.518446	 83.473251	 83.429626	 83.387531	 83.346927	 83.307776	 83.270039	 83.233678	 83.198656	 83.164936	  83.13248	 83.101254	  83.07122	 83.042344	 83.014591	 82.987928	  82.96232	 82.937735	  82.91414	 82.891504	 82.869795	 82.848983	 82.829039	 82.809932	 82.791635	 82.774119	 82.757357	 82.741323	 82.725989	 82.711332	 82.697326	 82.683947	 82.671172	 82.658977	 82.647341	 82.636242	 82.625659	 82.615572	 82.605961	 82.596807	 82.588091	 82.579795	 82.571902	 82.564396	 82.557259	 82.550476	 82.544032	 82.537912	 82.532102	 82.526588	 82.521358	 82.516397	 82.511695	  82.50724	  82.50302	 82.499023	 82.495241	 82.491662	 82.488277	 82.485077	 82.482053	 82.479196	 82.476498	 82.473952	  82.47155	 82.469284	 82.467149	 82.465137	 82.463242	 82.461458	  82.45978	 82.458202	 82.456719	 82.455327	 82.454019	 82.452793	 82.451644	 82.450568	 82.449562	  82.44862	 82.447742	 82.446922	 82.446159	 82.445449	 82.444789	 82.444178	 82.443613	 82.443092	 82.442613	 82.442174	 82.441773	 82.441408	 82.441079	 82.440784	 82.440522	 82.440291	 82.440092	 82.439922	 82.439782	  82.43967	 82.439587	 82.439531	 82.439504	
        99	 98.731505	 98.463106	 98.194901	 97.926986	 97.659457	 97.392411	 97.125942	 96.860145	 96.595114	 96.330943	 96.067722	 95.805545	 95.544499	 95.284675	 95.026161	 94.769041	 94.513401	 94.259325	 94.006893	 93.756185	  93.50728	 93.260254	  93.01518	 92.772131	 92.531178	 92.292388	 92.055828	 91.821561	 91.589648	 91.360149	  91.13312	 90.908617	  90.68669	 90.467389	 90.250762	 90.036854	 89.825705	 89.617356	 89.411844	 89.209203	 89.009465	  88.81266	 88.618815	 88.427953	 88.240097	 88.055266	 87.873477	 87.694744	  87.51908	 87.346493	 87.176992	 87.010581	 86.847262	 86.687036	 86.529902	 86.375854	 86.224888	 86.076993	 85.932162	  85.79038	 85.651634	 85.515908	 85.383183	 85.253442	 85.126661	 85.002818	  84.88189	 84.763849	 84.648668	 84.536319	 84.426771	 84.319993	 84.215953	 84.114617	 84.015951	 83.919918	 83.826481	 83.735605	  83.64725	 83.561377	 83.477947	 83.396919	 83.318253	 83.241907	  83.16784	 83.096009	 83.026373	 82.958888	 82.893511	   82.8302	 82.768911	 82.709601	 82.652228	 82.596746	 82.543115	  82.49129	 82.441229	  82.39289	 82.346229	 82.301205	 82.257776	   82.2159	 82.175538	 82.136647	 82.099188	 82.063122	 82.028408	 81.995008	 81.962885	 81.931999	 81.902316	 81.873797	 81.846407	 81.820111	 81.794875	 81.770663	 81.747444	 81.725185	 81.703852	 81.683416	 81.663846	 81.645111	 81.627183	 81.610033	 81.593633	 81.577956	 81.562975	 81.548665	 81.535001	 81.521958	 81.509512	 81.497641	 81.486322	 81.475533	 81.465253	 81.455462	 81.446139	 81.437266	 81.428824	 81.420795	 81.413162	 81.405907	 81.399014	 81.392469	 81.386254	 81.380357	 81.374762	 81.369457	 81.364428	 81.359663	 81.355148	 81.350874	 81.346828	 81.343001	  81.33938	 81.335958	 81.332723	 81.329667	 81.326782	 81.324059	 81.321489	 81.319066	 81.316782	  81.31463	 81.312603	 81.310695	   81.3089	 81.307213	 81.305627	 81.304137	 81.302739	 81.301428	 81.300199	 81.299048	 81.297971	 81.296964	 81.296024	 81.295148	 81.294331	 81.293572	 81.292867	 81.292213	 81.291609	 81.291051	 81.290539	 81.290069	  81.28964	  81.28925	 81.288898	 81.288583	 81.288302	 81.288056	 81.287842	 81.287661	  81.28751	 81.287391	 81.287302	 81.287243	 81.287213	
        99	 98.714132	 98.428367	 98.142809	 97.857559	  97.57272	 97.288395	 97.004685	  96.72169	 96.439511	 96.158247	 95.877995	 95.598853	 95.320918	 95.044283	 94.769041	 94.495285	 94.223105	 93.952589	 93.683823	 93.416894	 93.151884	 92.888874	 92.627944	 92.369169	 92.112626	 91.858385	 91.606519	 91.357094	 91.110175	 90.865827	 90.624109	 90.385079	 90.148793	 89.915303	  89.68466	  89.45691	   89.2321	  89.01027	 88.791461	 88.575708	 88.363047	 88.153508	  87.94712	 87.743909	 87.543898	 87.347108	 87.153557	 86.963259	 86.776229	 86.592476	 86.412007	 86.234828	 86.060943	  85.89035	 85.723048	 85.559033	 85.398299	 85.240835	 85.086632	 84.935677	 84.787954	 84.643445	 84.502134	 84.363997	 84.229013	 84.097158	 83.968405	 83.842726	 83.720093	 83.600474	 83.483838	 83.370152	  83.25938	 83.151487	 83.046437	  82.94419	 82.844708	 82.747952	  82.65388	 82.562451	 82.473622	 82.387352	 82.303596	  82.22231	 82.143451	 82.066972	  81.99283	 81.920978	 81.851372	 81.783964	  81.71871	 81.655563	 81.594477	 81.535406	 81.478304	 81.423126	 81.369826	 81.318359	 81.268679	 81.220741	 81.174502	 81.129918	 81.086943	 81.045536	 81.005654	 80.967254	 80.930294	 80.894733	 80.860531	 80.827647	 80.796043	 80.765679	 80.736517	  80.70852	  80.68165	 80.655873	 80.631151	 80.607451	 80.584739	  80.56298	 80.542144	 80.522197	 80.503108	 80.484849	 80.467387	 80.450696	 80.434746	  80.41951	 80.404962	 80.391075	 80.377824	 80.365185	 80.353133	 80.341646	 80.330701	 80.320276	 80.310351	 80.300904	 80.291915	 80.283367	 80.275239	 80.267515	 80.260177	 80.253207	 80.246591	 80.240312	 80.234356	 80.228707	 80.223353	 80.218279	 80.213472	 80.208922	 80.204614	 80.200539	 80.196684	  80.19304	 80.189596	 80.186343	 80.183271	 80.180371	 80.177635	 80.175055	 80.172623	 80.170332	 80.168174	 80.166143	 80.164232	 80.162435	 80.160746	  80.15916	 80.157672	 80.156276	 80.154967	 80.153742	 80.152595	 80.151524	 80.150523	  80.14959	  80.14872	 80.147912	 80.147161	 80.146465	 80.145822	 80.145228	 80.144682	 80.144182	 80.143725	 80.143311	 80.142936	   80.1426	 80.142301	 80.142039	 80.141811	 80.141618	 80.141458	 80.141331	 80.141236	 80.141173	 80.141142	
        99	  98.69686	 98.393828	 98.091016	 97.788531	 97.486482	 97.184978	 96.884125	 96.584032	 96.284803	 95.986544	  95.68936	 95.393352	 95.098623	 94.805273	 94.513401	 94.223105	 93.934479	 93.647618	 93.362614	 93.079556	 92.798534	 92.519633	 92.242936	 91.968526	 91.696482	  91.42688	 91.159796	   90.8953	 90.633463	  90.37435	 90.118027	 89.864555	 89.613992	 89.366395	 89.121816	 88.880305	 88.641911	 88.406679	 88.174648	  87.94586	 87.720349	  87.49815	 87.279292	 87.063802	 86.851706	 86.643026	  86.43778	 86.235985	 86.037654	 85.842798	 85.651425	 85.463541	 85.279149	 85.098249	 84.920839	 84.746914	 84.576467	  84.40949	  84.24597	 84.085893	 83.929244	 83.776005	 83.626155	 83.479672	 83.336532	  83.19671	 83.060177	 82.926905	 82.796862	 82.670016	 82.546333	 82.425777	 82.308313	 82.193901	 82.082503	 81.974078	 81.868586	 81.765983	 81.666227	 81.569274	 81.475078	 81.383595	 81.294779	 81.208582	 81.124957	 81.043858	 80.965236	 80.889043	 80.815231	  80.74375	 80.674553	 80.607591	 80.542814	 80.480174	 80.419622	  80.36111	 80.304589	 80.250012	 80.197331	 80.146497	 80.097464	 80.050186	 80.004615	 79.960706	 79.918414	 79.877693	   79.8385	 79.800791	 79.764522	 79.729652	 79.696138	 79.663939	 79.633015	 79.603326	 79.574833	 79.547498	 79.521283	 79.496151	 79.472066	 79.448993	 79.426897	 79.405745	 79.385504	 79.366141	 79.347624	 79.329924	 79.313011	 79.296854	 79.281427	 79.266701	 79.252649	 79.239247	 79.226467	 79.214286	 79.202679	 79.191625	 79.181099	 79.171081	  79.16155	 79.152485	 79.143866	 79.135675	 79.127894	 79.120503	 79.113487	 79.106829	 79.100512	 79.094523	 79.088845	 79.083464	 79.078368	 79.073542	 79.068974	 79.064652	 79.060565	   79.0567	 79.053048	 79.049599	 79.046341	 79.043266	 79.040365	 79.037629	  79.03505	 79.032621	 79.030332	 79.028178	 79.026152	 79.024246	 79.022456	 79.020774	 79.019195	 79.017715	 79.016327	 79.015028	 79.013812	 79.012676	 79.011615	 79.010625	 79.009703	 79.008845	 79.008049	 79.007312	 79.006629	    79.006	 79.005421	 79.004891	 79.004406	 79.003966	 79.003569	 79.003213	 79.002896	 79.002618	 79.002376	 79.002172	 79.002002	 79.001867	 79.001767	   79.0017	 79.001666	
