Time step 20:
        99	        99	        99	        99	        99	        99	        99	        99	        99	        99	        99	        99	        99	        99	        99	        99	        99	        99	        99	        99	        99	        99	        99	        99	        99	        99	        99	        99	        99	        99	        99	        99	        99	        99	        99	        99	        99	        99	        99	        99	        99	        99	        99	        99	        99	        99	        99	        99	        99	        99	        99	        99	        99	        99	        99	        99	        99	        99	        99	        99	        99	        99	        99	        99	        99	        99	        99	        99	        99	        99	        99	        99	        99	        99	        99	        99	        99	        99	        99	        99	        99	        99	        99	        99	        99	        99	        99	        99	        99	        99	        99	        99	        99	        99	        99	        99	        99	        99	        99	        99	        99	        99	        99	        99	        99	        99	        99	        99	        99	        99	        99	        99	        99	        99	        99	        99	        99	        99	        99	        99	        99	        99	        99	        99	        99	        99	        99	        99	        99	        99	        99	        99	        99	        99	        99	        99	        99	        99	        99	        99	        99	        99	        99	        99	        99	        99	        99	        99	        99	        99	        99	        99	        99	        99	        99	        99	        99	        99	        99	        99	        99	        99	        99	        99	        99	        99	        99	        99	        99	        99	        99	        99	        99	        99	        99	        99	        99	        99	        99	        99	        99	        99	        99	        99	        99	        99	        99	        99	        99	        99	        99	        99	        99	        99	        99	        99	        99	        99	        99	        99	
        99	 98.968255	 98.936531	 98.904846	 98.873221	 98.841676	 98.810231	 98.778904	 98.747716	 98.716684	 98.685829	 98.655167	 98.624718	 98.594499	 98.564527	 98.534818	  98.50539	 98.476257	 98.447436	  98.41894	 98.390784	 98.362981	 98.335544	 98.308486	 98.281818	 98.255551	 98.229696	 98.204261	 98.179256	  98.15469	 98.130569	   98.1069	 98.083691	 98.060945	 98.038669	 98.016866	 97.995539	 97.974691	 97.954325	 97.934442	 97.915042	 97.896126	 97.877693	 97.859743	 97.842273	 97.825282	 97.808767	 97.792724	 97.777151	 97.762042	 97.747394	 97.733201	 97.719457	 97.706157	 97.693295	 97.680864	 97.668857	 97.657268	 97.646087	 97.635309	 97.624925	 97.614927	 97.605306	 97.596055	 97.587164	 97.578625	  97.57043	 97.562569	 97.555033	 97.547814	 97.540903	 97.534291	 97.527968	 97.521926	 97.516156	  97.51065	 97.505398	 97.500392	 97.495624	 97.491084	 97.486765	  97.48266	 97.478758	 97.475054	 97.471538	 97.468204	 97.465044	 97.462051	 97.459218	 97.456538	 97.454004	 97.451611	 97.449351	 97.447218	 97.445207	 97.443311	 97.441526	 97.439846	 97.438266	  97.43678	 97.435385	 97.434074	 97.432845	 97.431692	 97.430612	   97.4296	 97.428654	 97.427768	  97.42694	 97.426167	 97.425445	 97.424772	 97.424144	 97.423559	 97.423014	 97.422507	 97.422036	 97.421598	 97.421191	 97.420813	 97.420462	 97.420137	 97.419836	 97.419557	 97.419299	 97.419061	  97.41884	 97.418637	 97.418449	 97.418275	 97.418115	 97.417968	 97.417833	 97.417708	 97.417593	 97.417488	 97.417391	 97.417302	 97.417221	 97.417146	 97.417077	 97.417015	 97.416957	 97.416905	 97.416857	 97.416813	 97.416773	 97.416737	 97.416704	 97.416674	 97.416646	 97.416621	 97.416598	 97.416578	 97.416559	 97.416542	 97.416526	 97.416512	   97.4165	 97.416488	 97.416478	 97.416468	  97.41646	 97.416452	 97.416445	 97.416439	 97.416433	 97.416428	 97.416424	  97.41642	 97.416416	 97.416413	  97.41641	 97.416407	 97.416405	 97.416403	 97.416401	 97.416399	 97.416397	 97.416396	 97.416395	 97.416394	 97.416393	 97.416392	 97.416391	  97.41639	  97.41639	 97.416389	 97.416389	 97.416388	 97.416388	 97.416388	 97.416388	 97.416387	 97.416387	 97.416387	 97.416387	 97.416387	 97.416387	 97.416387	
        99	 98.936531	 98.873101	 98.809752	 98.746522	 98.683452	 98.620581	 98.557948	  98.49559	 98.433547	 98.371856	 98.310552	 98.249673	 98.189254	 98.129329	  98.06993	 98.011092	 97.952845	  97.89522	 97.838246	 97.781952	 97.726364	 97.671508	 97.617409	  97.56409	 97.511572	 97.459877	 97.409024	  97.35903	 97.309913	 97.261686	 97.214364	  97.16796	 97.122483	 97.077945	 97.034352	 96.991712	  96.95003	  96.90931	 96.869556	 96.830768	 96.792948	 96.756094	 96.720205	 96.685277	 96.651305	 96.618285	 96.586211	 96.555074	 96.524866	 96.495578	 96.467201	 96.439723	 96.413131	 96.387415	 96.362561	 96.338555	 96.315383	 96.293029	  96.27148	 96.250718	 96.230727	 96.211492	 96.192995	  96.17522	 96.158148	 96.141762	 96.126045	 96.110979	 96.096545	 96.082727	 96.069506	 96.056865	 96.044785	 96.033249	  96.02224	 96.011739	  96.00173	 95.992197	 95.983121	 95.974486	 95.966277	 95.958477	  95.95107	 95.944041	 95.937375	 95.931057	 95.925073	 95.919409	  95.91405	 95.908985	 95.904199	  95.89968	 95.895416	 95.891395	 95.887605	 95.884037	 95.880677	 95.877518	 95.874547	 95.871757	 95.869137	 95.866679	 95.864375	 95.862215	 95.860192	 95.858299	 95.856529	 95.854874	 95.853328	 95.851885	 95.850538	 95.849283	 95.848113	 95.847024	  95.84601	 95.845068	 95.844191	 95.843378	 95.842622	 95.841921	 95.841272	  95.84067	 95.840112	 95.839596	 95.839119	 95.838678	 95.838271	 95.837896	 95.837549	 95.837229	 95.836935	 95.836664	 95.836414	 95.836185	 95.835974	 95.835781	 95.835603	  95.83544	 95.835291	 95.835154	 95.835029	 95.834914	 95.834809	 95.834713	 95.834626	 95.834546	 95.834473	 95.834407	 95.834347	 95.834292	 95.834241	 95.834196	 95.834155	 95.834117	 95.834083	 95.834052	 95.834024	 95.833999	 95.833976	 95.833955	 95.833936	 95.833919	 95.833904	  95.83389	 95.833878	 95.833866	 95.833856	 95.833847	 95.833839	 95.833832	 95.833825	 95.833819	 95.833814	 95.833809	 95.833805	 95.833801	 95.833797	 95.833794	 95.833792	 95.833789	 95.833787	 95.833785	 95.833783	 95.833782	  95.83378	 95.833779	 95.833778	 95.833777	 95.833777	 95.833776	 95.833775	 95.833775	 95.833774	 95.833774	 95.833774	 95.833773	 95.833773	 95.833773	 95.833773	
        99	 98.904846	 98.809752	 98.714778	 98.619983	 98.525428	 98.431171	  98.33727	 98.243783	 98.150767	 98.058279	 97.966372	 97.875102	  97.78452	 97.694679	 97.605629	 97.517418	 97.430094	 97.343702	 97.258286	 97.173889	  97.09055	  97.00831	 96.927204	 96.847267	 96.768532	 96.691031	 96.614791	  96.53984	 96.466202	   96.3939	 96.322955	 96.253385	 96.185206	 96.118433	 96.053078	 95.989151	 95.926661	 95.865614	 95.806014	 95.747863	 95.691163	 95.635911	 95.582105	 95.529741	  95.47881	 95.429307	  95.38122	 95.334539	 95.289251	 95.245343	 95.202799	 95.161603	 95.121737	 95.083183	 95.045922	 95.009931	 94.975191	 94.941679	 94.909371	 94.878245	 94.848275	 94.819438	 94.791707	 94.765057	 94.739463	 94.714897	 94.691334	 94.668746	 94.647108	 94.626392	 94.606571	 94.587618	 94.569508	 94.552213	 94.535708	 94.519965	  94.50496	 94.490667	  94.47706	 94.464115	 94.451808	 94.440113	 94.429009	 94.418471	 94.408478	 94.399006	 94.390035	 94.381543	 94.373509	 94.365915	  94.35874	 94.351965	 94.345572	 94.339544	 94.333863	 94.328512	 94.323476	 94.318739	 94.314286	 94.310103	 94.306175	  94.30249	 94.299035	 94.295797	 94.292764	 94.289926	 94.287272	 94.284791	 94.282473	  94.28031	 94.278291	 94.276409	 94.274656	 94.273023	 94.271503	  94.27009	 94.268776	 94.267556	 94.266423	 94.265372	 94.264398	 94.263496	  94.26266	 94.261887	 94.261172	 94.260511	   94.2599	 94.259337	 94.258817	 94.258338	 94.257897	  94.25749	 94.257116	 94.256773	 94.256457	 94.256166	   94.2559	 94.255656	 94.255432	 94.255227	 94.255039	 94.254867	  94.25471	 94.254566	 94.254435	 94.254316	 94.254206	 94.254107	 94.254016	 94.253934	 94.253859	 94.253791	 94.253729	 94.253672	 94.253621	 94.253575	 94.253533	 94.253495	  94.25346	 94.253429	 94.253401	 94.253376	 94.253353	 94.253332	 94.253313	 94.253297	 94.253281	 94.253268	 94.253255	 94.253244	 94.253234	 94.253226	 94.253218	  94.25321	 94.253204	 94.253198	 94.253193	 94.253189	 94.253184	 94.253181	 94.253178	 94.253175	 94.253172	  94.25317	 94.253168	 94.253166	 94.253164	 94.253163	 94.253162	 94.253161	  94.25316	 94.253159	 94.253158	 94.253158	 94.253157	 94.253157	 94.253157	 94.253157	 94.253157	
        99	 98.873221	 98.746522	 98.619983	 98.493684	 98.367703	 98.242119	  98.11701	 97.992453	 97.868523	 97.745295	 97.622844	 97.501239	 97.380553	 97.260853	 97.142206	 97.024678	 96.908331	 96.793227	 96.679423	 96.566976	  96.45594	 96.346367	 96.238305	 96.131801	 96.026898	 95.923639	 95.822061	 95.722199	 95.624088	 95.527756	 95.433232	  95.34054	 95.249702	 95.160737	 95.073661	 94.988488	 94.905229	 94.823893	 94.744485	 94.667008	 94.591463	 94.517848	  94.44616	 94.376391	 94.308534	 94.242578	 94.178509	 94.116314	 94.055974	 93.997473	  93.94079	 93.885902	 93.832787	  93.78142	 93.731774	 93.683822	 93.637536	 93.592886	 93.549841	 93.508369	 93.468439	 93.430017	  93.39307	 93.357563	 93.323463	 93.290732	 93.259338	 93.229243	 93.200413	 93.172812	 93.146403	 93.121152	 93.097023	  93.07398	 93.051989	 93.031015	 93.011023	 92.991979	  92.97385	 92.956603	 92.940205	 92.924624	 92.909829	 92.895789	 92.882474	 92.869854	 92.857901	 92.846587	 92.835884	 92.825765	 92.816205	 92.807179	 92.798661	  92.79063	  92.78306	 92.775931	 92.769222	  92.76291	 92.756977	 92.751404	 92.746171	 92.741261	 92.736657	 92.732343	 92.728303	 92.724522	 92.720985	  92.71768	 92.714592	 92.711709	  92.70902	 92.706512	 92.704175	    92.702	 92.699975	 92.698092	 92.696342	 92.694716	 92.693207	 92.691807	 92.690509	 92.689307	 92.688193	 92.687163	  92.68621	  92.68533	 92.684517	 92.683766	 92.683073	 92.682435	 92.681847	 92.681305	 92.680807	 92.680349	 92.679928	 92.679541	 92.679187	 92.678861	 92.678563	 92.678289	 92.678039	  92.67781	 92.677601	  92.67741	 92.677235	 92.677076	  92.67693	 92.676798	 92.676677	 92.676567	 92.676467	 92.676376	 92.676293	 92.676218	  92.67615	 92.676089	 92.676033	 92.675982	 92.675936	 92.675895	 92.675857	 92.675823	 92.675793	 92.675765	  92.67574	 92.675718	 92.675698	 92.675679	 92.675663	 92.675648	 92.675635	 92.675623	 92.675613	 92.675603	 92.675594	 92.675587	  92.67558	 92.675574	 92.675568	 92.675564	 92.675559	 92.675555	 92.675552	 92.675549	 92.675546	 92.675544	 92.675542	  92.67554	 92.675538	 92.675537	 92.675536	 92.675535	 92.675534	 92.675533	 92.675532	 92.675532	 92.675532	 92.675531	 92.675531	
        99	 98.841676	 98.683452	 98.525428	 98.367703	 98.210375	 98.053544	 97.897305	 97.741756	  97.58699	 97.433102	 97.280181	  97.12832	 96.977604	 96.828121	 96.679953	 96.533181	 96.387885	  96.24414	  96.10202	 95.961594	  95.82293	 95.686093	 95.551143	 95.418139	 95.287135	 95.158183	  95.03133	 94.906621	 94.784098	 94.663797	 94.545754	 94.429998	 94.316558	 94.205456	 94.096714	 93.990349	 93.886374	   93.7848	 93.685633	 93.588878	 93.494536	 93.402605	 93.313079	 93.225951	  93.14121	 93.058842	 92.978832	 92.901161	 92.825808	 92.752751	 92.681964	 92.613419	 92.547088	 92.482939	 92.420941	 92.361058	 92.303255	 92.247495	 92.193739	 92.141949	 92.092083	 92.044101	 91.997961	  91.95362	 91.911034	  91.87016	 91.830954	 91.793372	 91.757368	 91.722899	 91.689919	 91.658385	 91.628252	 91.599476	 91.572013	  91.54582	 91.520853	 91.497071	 91.474431	 91.452892	 91.432414	 91.412957	  91.39448	 91.376947	 91.360319	 91.344559	 91.329632	 91.315503	 91.302136	   91.2895	 91.277562	 91.266289	 91.255653	 91.245622	  91.23617	 91.227267	 91.218888	 91.211006	 91.203597	 91.196636	 91.190101	  91.18397	  91.17822	 91.172833	 91.167788	 91.163066	 91.158649	 91.154521	 91.150665	 91.147065	 91.143706	 91.140575	 91.137657	  91.13494	 91.132411	  91.13006	 91.127874	 91.125844	 91.123959	 91.122211	  91.12059	 91.119089	 91.117698	 91.116411	 91.115222	 91.114122	 91.113106	 91.112169	 91.111304	 91.110507	 91.109772	 91.109096	 91.108474	 91.107902	 91.107376	 91.106893	  91.10645	 91.106044	 91.105671	  91.10533	 91.105017	 91.104731	  91.10447	 91.104231	 91.104013	 91.103814	 91.103632	 91.103467	 91.103316	 91.103179	 91.103054	  91.10294	 91.102837	 91.102744	 91.102659	 91.102581	 91.102512	 91.102448	 91.102391	 91.102339	 91.102292	  91.10225	 91.102212	 91.102177	 91.102146	 91.102118	 91.102093	  91.10207	  91.10205	 91.102031	 91.102015	    91.102	 91.101987	 91.101975	 91.101964	 91.101955	 91.101946	 91.101939	 91.101932	 91.101926	  91.10192	 91.101915	 91.101911	 91.101907	 91.101904	 91.101901	 91.101898	 91.101896	 91.101894	 91.101892	 91.101891	 91.101889	 91.101888	 91.101887	 91.101887	 91.101886	 91.101886	 91.101885	 91.101885	
        99	 98.810231	 98.620581	 98.431171	 98.242119	 98.053544	 97.865563	 97.678294	  97.49185	 97.306345	 97.121892	 96.938599	 96.756575	 96.575925	 96.396752	 96.219156	 96.043233	 95.869079	 95.696785	 95.526437	  95.35812	 95.191916	 95.027901	 94.866148	 94.706727	 94.549704	 94.395139	 94.243092	 94.093614	 93.946755	 93.802561	 93.661072	 93.522326	 93.386355	 93.253187	 93.122847	 92.995356	  92.87073	 92.748981	 92.630119	 92.514147	 92.401067	 92.290877	  92.18357	 92.079137	 91.977565	 91.878838	 91.782936	 91.689839	  91.59952	 91.511952	 91.427105	 91.344947	 91.265441	 91.188552	 91.114239	 91.042463	 90.973179	 90.906344	 90.841912	 90.779835	 90.720066	 90.662554	  90.60725	 90.554101	 90.503057	 90.454065	 90.407072	 90.362025	 90.318871	 90.277556	 90.238026	 90.200229	 90.164111	 90.129619	 90.096702	 90.065306	 90.035381	 90.006875	 89.979739	 89.953922	 89.929377	 89.906054	 89.883909	 89.862893	 89.842962	 89.824072	 89.806181	 89.789245	 89.773224	 89.758077	 89.743768	 89.730256	 89.717507	 89.705485	 89.694155	 89.683484	  89.67344	 89.663993	 89.655112	 89.646769	 89.638936	 89.631587	 89.624696	 89.618238	 89.612191	 89.606531	 89.601237	 89.596289	 89.591667	 89.587352	 89.583327	 89.579573	 89.576076	 89.572819	 89.569788	  89.56697	  89.56435	 89.561917	 89.559658	 89.557562	  89.55562	  89.55382	 89.552153	 89.550611	 89.549185	 89.547867	 89.546649	 89.545526	 89.544489	 89.543533	 89.542653	 89.541843	 89.541097	 89.540411	 89.539781	 89.539202	 89.538671	 89.538184	 89.537737	 89.537328	 89.536954	 89.536611	 89.536298	 89.536011	  89.53575	 89.535511	 89.535293	 89.535095	 89.534914	  89.53475	   89.5346	 89.534464	  89.53434	 89.534228	 89.534126	 89.534034	  89.53395	 89.533874	 89.533806	 89.533744	 89.533687	 89.533637	 89.533591	  89.53355	 89.533512	 89.533479	 89.533448	 89.533421	 89.533397	 89.533375	 89.533355	 89.533337	 89.533321	 89.533307	 89.533294	 89.533283	 89.533273	 89.533263	 89.533255	 89.533248	 89.533241	 89.533236	 89.533231	 89.533226	 89.533222	 89.533218	 89.533215	 89.533212	  89.53321	 89.533208	 89.533206	 89.533205	 89.533203	 89.533202	 89.533201	   89.5332	   89.5332	   89.5332	 89.533199	
        99	 98.778904	 98.557948	  98.33727	  98.11701	 97.897305	 97.678294	  97.46011	 97.242888	 97.026761	 96.811858	 96.598309	 96.386237	 96.175766	 95.967015	 95.760101	 95.555138	 95.352235	 95.151499	  94.95303	 94.756928	 94.563288	 94.372197	 94.183743	 93.998005	 93.815061	 93.634981	 93.457834	 93.283681	 93.112579	 92.944582	 92.779736	 92.618086	 92.459669	 92.304518	 92.152663	 92.004126	 91.858926	  91.71708	 91.578596	  91.44348	 91.311733	 91.183353	 91.058332	 90.936659	  90.81832	 90.703295	 90.591563	 90.483097	 90.377868	 90.275845	 90.176992	 90.081271	 89.988641	 89.899059	 89.812479	 89.728854	 89.648133	 89.570265	 89.495197	 89.422872	 89.353236	 89.286231	 89.221797	 89.159875	 89.100405	 89.043325	 88.988575	 88.936092	 88.885813	 88.837678	 88.791623	 88.747586	 88.705506	 88.665321	 88.626969	 88.590391	 88.555525	 88.522314	 88.490698	  88.46062	 88.432022	  88.40485	 88.379048	 88.354563	 88.331343	 88.309335	 88.288489	 88.268758	 88.250092	 88.232445	 88.215773	 88.200032	 88.185178	 88.171171	 88.157971	 88.145538	 88.133837	  88.12283	 88.112483	 88.102763	 88.093637	 88.085074	 88.077046	 88.069522	 88.062476	 88.055882	 88.049715	  88.04395	 88.038565	 88.033537	 88.028847	 88.024474	 88.020399	 88.016605	 88.013074	  88.00979	 88.006738	 88.003903	 88.001271	  87.99883	 87.996566	 87.994469	 87.992527	 87.990731	 87.989069	 87.987533	 87.986115	 87.984806	 87.983598	 87.982485	  87.98146	 87.980515	 87.979646	 87.978847	 87.978113	 87.977439	  87.97682	 87.976252	 87.975732	 87.975255	 87.974819	  87.97442	 87.974055	 87.973721	 87.973416	 87.973138	 87.972885	 87.972654	 87.972443	 87.972251	 87.972077	 87.971919	 87.971775	 87.971644	 87.971525	 87.971417	  87.97132	 87.971231	 87.971151	 87.971079	 87.971014	 87.970955	 87.970901	 87.970853	  87.97081	 87.970771	 87.970735	 87.970704	 87.970675	 87.970649	 87.970626	 87.970606	 87.970587	  87.97057	 87.970556	 87.970542	  87.97053	  87.97052	  87.97051	 87.970502	 87.970494	 87.970487	 87.970481	 87.970476	 87.970471	 87.970467	 87.970464	  87.97046	 87.970457	 87.970455	 87.970453	 87.970451	  87.97045	 87.970448	 87.970447	 87.970446	 87.970446	 87.970445	 87.970445	
        99	 98.747716	  98.49559	 98.243783	 97.992453	 97.741756	  97.49185	 97.242888	 96.995025	  96.74841	 96.503193	 96.259519	 96.017531	 95.777371	 95.539173	 95.303072	 95.069196	 94.837671	 94.608617	 94.382152	 94.158388	 93.937431	 93.719385	 93.504347	 93.292408	 93.083657	 92.878175	 92.676039	 92.477319	 92.282082	 92.090386	 91.902287	 91.717834	  91.53707	 91.360033	 91.186756	 91.017266	 90.851585	 90.689729	  90.53171	 90.377534	 90.227203	 90.080713	 89.938056	  89.79922	 89.664187	 89.532937	 89.405443	 89.281677	 89.161604	  89.04519	 88.932392	 88.823168	 88.717471	 88.615252	 88.516459	 88.421038	  88.32893	 88.240078	  88.15442	 88.071894	 87.992435	 87.915977	 87.842454	 87.771797	 87.703938	 87.638806	 87.576333	 87.516446	 87.459075	  87.40415	 87.351598	 87.301349	 87.253333	 87.207479	 87.163718	 87.121979	 87.082196	   87.0443	 87.008224	 86.973903	 86.941271	 86.910266	 86.880825	 86.852886	 86.826389	 86.801277	 86.777491	 86.754976	 86.733677	 86.713542	 86.694518	 86.676556	 86.659606	 86.643623	 86.628561	 86.614375	 86.601023	 86.588463	 86.576657	 86.565565	 86.555152	 86.545382	  86.53622	 86.527636	 86.519596	 86.512072	 86.505034	 86.498456	 86.492311	 86.486575	 86.481223	 86.476233	 86.471584	 86.467254	 86.463225	 86.459478	 86.455995	  86.45276	 86.449757	 86.446971	 86.444388	 86.441996	  86.43978	  86.43773	 86.435834	 86.434081	 86.432463	 86.430969	 86.429591	 86.428321	 86.427151	 86.426073	 86.425082	  86.42417	 86.423332	 86.422563	 86.421857	 86.421209	 86.420615	 86.420071	 86.419573	 86.419118	 86.418701	 86.418321	 86.417973	 86.417656	 86.417366	 86.417103	 86.416862	 86.416644	 86.416445	 86.416264	   86.4161	  86.41595	 86.415815	 86.415692	 86.415581	  86.41548	 86.415389	 86.415306	 86.415231	 86.415164	 86.415103	 86.415048	 86.414999	 86.414954	 86.414914	 86.414877	 86.414845	 86.414816	 86.414789	 86.414766	 86.414745	 86.414726	 86.414709	 86.414693	  86.41468	 86.414668	 86.414657	 86.414647	 86.414638	 86.414631	 86.414624	 86.414618	 86.414612	 86.414608	 86.414604	   86.4146	 86.414597	 86.414594	 86.414591	 86.414589	 86.414588	 86.414586	 86.414585	 86.414584	 86.414583	 86.414583	 86.414583	
        99	 98.716684	 98.433547	 98.150767	 97.868523	  97.58699	 97.306345	 97.026761	  96.74841	 96.471461	 96.196082	 95.922436	 95.650684	 95.380983	 95.113486	 94.848344	 94.585701	 94.325698	 94.068471	 93.814151	 93.562863	 93.314729	 93.069862	 92.828374	 92.590367	 92.355939	 92.125183	 91.898183	 91.675021	 91.455768	 91.240494	 91.029259	 90.822118	  90.61912	 90.420307	 90.225717	 90.035379	 89.849319	 89.667554	 89.490099	 89.316959	 89.148137	 88.983628	 88.823425	 88.667511	  88.51587	 88.368475	   88.2253	  88.08631	 87.951468	 87.820734	 87.694062	 87.571404	 87.452706	 87.337914	  87.22697	 87.119811	 87.016374	 86.916593	 86.820399	 86.727722	 86.638489	 86.552627	  86.47006	 86.390713	 86.314507	 86.241364	 86.171206	 86.103953	 86.039526	 85.977844	 85.918829	 85.862399	 85.808477	 85.756983	 85.707839	 85.660967	  85.61629	 85.573732	 85.533219	 85.494676	 85.458031	 85.423212	  85.39015	 85.358774	 85.329019	 85.300817	 85.274106	 85.248821	 85.224903	  85.20229	 85.180927	 85.160755	 85.141721	 85.123772	 85.106857	 85.090926	 85.075932	 85.061827	 85.048569	 85.036113	 85.024419	 85.013447	 85.003159	 84.993518	 84.984489	  84.97604	 84.968136	 84.960749	 84.953849	 84.947406	 84.941396	 84.935793	 84.930571	 84.925709	 84.921184	 84.916976	 84.913065	 84.909432	  84.90606	 84.902932	 84.900031	 84.897344	 84.894856	 84.892553	 84.890424	 84.888456	 84.886639	 84.884961	 84.883414	 84.881987	 84.880673	 84.879463	  84.87835	 84.877326	 84.876385	 84.875521	 84.874728	 84.874001	 84.873334	 84.872723	 84.872164	 84.871652	 84.871184	 84.870757	 84.870367	  84.87001	 84.869685	 84.869389	 84.869119	 84.868874	  84.86865	 84.868447	 84.868263	 84.868095	 84.867943	 84.867805	  84.86768	 84.867567	 84.867464	 84.867372	 84.867288	 84.867212	 84.867144	 84.867082	 84.867026	 84.866976	 84.866931	  84.86689	 84.866854	 84.866821	 84.866791	 84.866765	 84.866741	  84.86672	 84.866701	 84.866684	 84.866668	 84.866655	 84.866642	 84.866632	 84.866622	 84.866613	 84.866606	 84.866599	 84.866593	 84.866587	 84.866583	 84.866579	 84.866575	 84.866572	 84.866569	 84.866567	 84.866565	 84.866563	 84.866562	 84.866561	  84.86656	 84.866559	 84.866559	
        99	 98.685829	 98.371856	 98.058279	 97.745295	 97.433102	 97.121892	 96.811858	 96.503193	 96.196082	 95.890711	 95.587263	 95.285915	 94.986841	 94.690212	 94.396194	 94.104947	 93.816627	 93.531386	 93.249368	 92.970713	 92.695554	  92.42402	 92.156231	 91.892303	 91.632344	 91.376457	 91.124735	 90.877268	 90.634138	 90.395418	 90.161177	 89.931477	 89.706371	 89.485906	 89.270123	 89.059056	 88.852732	 88.651172	  88.45439	 88.262393	 88.075185	  87.89276	 87.715109	 87.542216	 87.374059	 87.210612	 87.051843	 86.897716	 86.748189	 86.603217	  86.46275	 86.326733	 86.195108	 86.067814	 85.944787	 85.825957	 85.711255	 85.600607	 85.493937	 85.391166	 85.292216	 85.197002	 85.105443	 85.017454	 84.932949	  84.85184	 84.774042	 84.699464	  84.62802	 84.559621	 84.494178	 84.431603	 84.371808	 84.314706	  84.26021	 84.208233	  84.15869	 84.111498	 84.066572	 84.023832	 83.983196	 83.944585	 83.907921	 83.873129	 83.840133	  83.80886	 83.779239	 83.751201	 83.724678	 83.699603	 83.675912	 83.653544	 83.632437	 83.612533	 83.593776	  83.57611	 83.559482	 83.543842	 83.529139	 83.515327	 83.502359	 83.490192	 83.478784	 83.468093	 83.458081	 83.448711	 83.439947	 83.431756	 83.424103	  83.41696	 83.410295	 83.404081	 83.398291	 83.392899	 83.387882	 83.383215	 83.378878	  83.37485	  83.37111	 83.367641	 83.364425	 83.361445	 83.358686	 83.356133	 83.353772	 83.351589	 83.349574	 83.347714	 83.345998	 83.344416	 83.342959	 83.341617	 83.340382	 83.339247	 83.338204	 83.337245	 83.336366	 83.335559	  83.33482	 83.334143	 83.333523	 83.332955	 83.332436	 83.331962	  83.33153	 83.331134	 83.330774	 83.330446	 83.330147	 83.329874	 83.329626	 83.329401	 83.329196	 83.329011	 83.328842	 83.328689	  83.32855	 83.328425	 83.328311	 83.328208	 83.328115	 83.328031	 83.327956	 83.327887	 83.327825	  83.32777	  83.32772	 83.327675	 83.327634	 83.327598	 83.327565	 83.327535	 83.327509	 83.327486	 83.327464	 83.327445	 83.327428	 83.327413	   83.3274	 83.327388	 83.327377	 83.327367	 83.327359	 83.327351	 83.327345	 83.327339	 83.327334	 83.327329	 83.327325	 83.327321	 83.327318	 83.327316	 83.327314	 83.327312	  83.32731	 83.327309	 83.327308	 83.327308	 83.327307	
        99	 98.655167	 98.310552	 97.966372	 97.622844	 97.280181	 96.938599	 96.598309	 96.259519	 95.922436	 95.587263	   95.2542	 94.923442	  94.59518	 94.269602	 93.946889	 93.627218	  93.31076	 92.997681	  92.68814	 92.382289	 92.080277	 91.782243	 91.488319	 91.198633	 90.913304	 90.632443	 90.356155	 90.084537	 89.817678	 89.555661	  89.29856	 89.046442	 88.799366	 88.557385	 88.320543	 88.088877	 87.862417	 87.641186	 87.425199	 87.214466	 87.008987	 86.808758	 86.613769	 86.424003	 86.239435	 86.060036	 85.885773	 85.716604	 85.552484	 85.393363	 85.239187	 85.089895	 84.945425	 84.805708	 84.670674	 84.540248	 84.414351	 84.292905	 84.175824	 84.063023	 83.954416	  83.84991	 83.749416	 83.652839	 83.560086	 83.471062	 83.385671	 83.303815	 83.225399	 83.150324	 83.078494	 83.009812	 82.944182	 82.881507	 82.821692	 82.764642	 82.710265	 82.658466	 82.609156	 82.562245	 82.517643	 82.475264	 82.435022	 82.396834	 82.360618	 82.326293	 82.293782	 82.263007	 82.233895	 82.206373	  82.18037	 82.155819	 82.132652	 82.110806	 82.090218	 82.070828	 82.052578	 82.035411	 82.019273	 82.004113	  81.98988	 81.976525	 81.964003	 81.952269	  81.94128	 81.930996	 81.921377	 81.912385	 81.903986	 81.896146	 81.888831	  81.88201	 81.875655	 81.869737	  81.86423	 81.859108	 81.854348	 81.849926	 81.845822	 81.842014	 81.838484	 81.835213	 81.832185	 81.829382	 81.826791	 81.824396	 81.822184	 81.820142	 81.818258	 81.816522	 81.814922	  81.81345	 81.812095	 81.810848	 81.809703	 81.808652	 81.807686	 81.806801	  81.80599	 81.805246	 81.804565	 81.803943	 81.803373	 81.802853	 81.802378	 81.801944	 81.801549	 81.801188	  81.80086	 81.800561	 81.800289	 81.800042	 81.799817	 81.799613	 81.799428	  81.79926	 81.799108	  81.79897	 81.798845	 81.798733	 81.798631	 81.798538	 81.798455	  81.79838	 81.798312	 81.798251	 81.798196	 81.798147	 81.798102	 81.798062	 81.798026	 81.797994	 81.797965	 81.797939	 81.797916	 81.797895	 81.797877	  81.79786	 81.797845	 81.797832	  81.79782	  81.79781	   81.7978	 81.797792	 81.797785	 81.797778	 81.797772	 81.797767	 81.797763	 81.797759	 81.797756	 81.797753	 81.797751	 81.797749	 81.797747	 81.797746	 81.797745	 81.797744	 81.797744	
        99	 98.624718	 98.249673	 97.875102	 97.501239	  97.12832	 96.756575	 96.386237	 96.017531	 95.650684	 95.285915	 94.923442	 94.563477	  94.20623	 93.851903	 93.500694	 93.152796	 92.808394	  92.46767	 92.130796	 91.797939	 91.469258	 91.144907	  90.82503	 90.509765	  90.19924	 89.893579	 89.592894	 89.297292	 89.006869	 88.721716	 88.441913	 88.167532	  87.89864	 87.635292	 87.377536	 87.125414	 86.878957	 86.638191	 86.403132	 86.173791	 85.950168	 85.732259	 85.520052	 85.313529	 85.112663	 84.917424	 84.727773	 84.543666	 84.365054	 84.191883	 84.024093	 83.861619	 83.704391	 83.552337	 83.405379	 83.263436	 83.126423	 82.994253	 82.866834	 82.744073	 82.625875	 82.512141	 82.402773	 82.297669	 82.196726	 82.099841	 82.006909	 81.917826	 81.832485	 81.750781	 81.672609	 81.597862	 81.526437	 81.458227	  81.39313	 81.331043	 81.271864	 81.215492	 81.161828	 81.110774	 81.062234	 81.016112	 80.972317	 80.930757	 80.891343	 80.853987	 80.818605	 80.785113	  80.75343	 80.723478	  80.69518	  80.66846	 80.643248	 80.619473	 80.597067	 80.575964	 80.556102	  80.53742	 80.519857	 80.503359	 80.487869	 80.473335	 80.459707	 80.446937	 80.434978	 80.423785	 80.413316	 80.403531	 80.394391	 80.385857	 80.377896	 80.370474	 80.363557	 80.357117	 80.351124	  80.34555	 80.340369	 80.335557	  80.33109	 80.326946	 80.323104	 80.319544	 80.316249	 80.313199	 80.310378	 80.307772	 80.305364	 80.303142	 80.301093	 80.299203	 80.297462	 80.295859	 80.294385	 80.293028	 80.291782	 80.290638	 80.289587	 80.288624	 80.287741	 80.286931	 80.286191	 80.285513	 80.284893	 80.284327	  80.28381	 80.283338	 80.282908	 80.282515	 80.282158	 80.281833	 80.281537	 80.281268	 80.281023	 80.280801	   80.2806	 80.280417	 80.280251	 80.280101	 80.279966	 80.279843	 80.279732	 80.279631	 80.279541	 80.279459	 80.279385	 80.279319	 80.279259	 80.279205	 80.279157	 80.279113	 80.279074	 80.279039	 80.279008	 80.278979	 80.278954	 80.278931	 80.278911	 80.278893	 80.278877	 80.278863	  80.27885	 80.278838	 80.278828	 80.278819	 80.278811	 80.278804	 80.278798	 80.278792	 80.278788	 80.278783	  80.27878	 80.278777	 80.278774	 80.278772	  80.27877	 80.278769	 80.278768	 80.278767	 80.278767	
        99	 98.594499	 98.189254	  97.78452	 97.380553	 96.977604	 96.575925	 96.175766	 95.777371	 95.380983	 94.986841	  94.59518	  94.20623	 93.820215	 93.437357	 93.057867	 92.681955	  92.30982	 91.941659	 91.577659	 91.217999	 90.862851	 90.512382	 90.166747	 89.826095	 89.490567	 89.160292	 88.835395	 88.515989	 88.202181	 87.894066	 87.591731	 87.295257	 87.004712	 86.720158	 86.441647	 86.169223	  85.90292	 85.642767	  85.38878	 85.140971	 84.899341	 84.663885	 84.434591	 84.211437	 83.994397	 83.783436	 83.578513	 83.379582	 83.186587	 82.999472	  82.81817	 82.642613	 82.472725	 82.308427	 82.149636	 81.996263	 81.848217	 81.705403	 81.567724	 81.435078	 81.307362	  81.18447	 81.066295	 80.952727	 80.843656	  80.73897	 80.638555	 80.542298	 80.450085	 80.361802	 80.277335	 80.196569	 80.119392	  80.04569	 79.975352	 79.908265	  79.84432	 79.783409	 79.725424	 79.670259	  79.61781	 79.567975	 79.520653	 79.475747	 79.433158	 79.392795	 79.354563	 79.318375	 79.284141	 79.251776	 79.221199	 79.192328	 79.165086	 79.139396	 79.115186	 79.092384	 79.070923	 79.050736	 79.031759	 79.013932	 78.997194	 78.981491	 78.966765	 78.952967	 78.940045	 78.927951	 78.916639	 78.906066	 78.896189	 78.886969	 78.878367	 78.870347	 78.862873	 78.855914	 78.849438	 78.843415	 78.837817	 78.832618	 78.827791	 78.823314	 78.819162	 78.815316	 78.811755	  78.80846	 78.805412	 78.802596	 78.799994	 78.797593	 78.795379	 78.793337	 78.791456	 78.789724	  78.78813	 78.786665	 78.785318	 78.784082	 78.782947	 78.781906	 78.780951	 78.780077	 78.779277	 78.778544	 78.777875	 78.777263	 78.776704	 78.776194	 78.775729	 78.775305	 78.774919	 78.774568	 78.774248	 78.773957	 78.773693	 78.773453	 78.773235	 78.773038	 78.772859	 78.772697	  78.77255	 78.772418	 78.772298	 78.772189	 78.772091	 78.772003	 78.771923	 78.771852	 78.771787	 78.771729	 78.771676	 78.771629	 78.771587	 78.771549	 78.771515	 78.771485	 78.771457	 78.771433	 78.771411	 78.771391	 78.771374	 78.771358	 78.771345	 78.771332	 78.771321	 78.771312	 78.771303	 78.771295	 78.771289	 78.771283	 78.771277	 78.771273	 78.771269	 78.771266	 78.771263	 78.771261	 78.771259	 78.771257	 78.771256	 78.771255	 78.771255	
        99	 98.564527	 98.129329	 97.694679	 97.260853	 96.828121	 96.396752	 95.967015	 95.539173	 95.113486	 94.690212	 94.269602	 93.851903	 93.437357	 93.026199	  92.61866	 92.214962	 91.815322	 91.419949	 91.029043	 90.642799	 90.261402	 89.885028	 89.513846	 89.148015	 88.787686	 88.432999	 88.084088	 87.741074	  87.40407	 87.073181	   86.7485	 86.430112	 86.118091	 85.812505	 85.513408	 85.220848	 84.934862	 84.655479	 84.382719	 84.116593	 83.857104	 83.604245	 83.358002	 83.118354	 82.885272	 82.658718	 82.438649	 82.225013	 82.017754	 81.816808	 81.622106	 81.433572	 81.251127	 81.074685	 80.904157	 80.739447	 80.580459	 80.427089	 80.279233	 80.136783	 79.999627	 79.867652	 79.740742	  79.61878	 79.501647	 79.389223	 79.281386	 79.178014	 79.078985	 78.984177	 78.893467	 78.806732	  78.72385	   78.6447	 78.569163	 78.497117	 78.428446	 78.363033	 78.300762	 78.241519	 78.185193	 78.131675	 78.080856	  78.03263	 77.986894	 77.943547	 77.902489	 77.863626	 77.826861	 77.792105	 77.759267	 77.728263	 77.699007	 77.671418	 77.645418	 77.620931	 77.597884	 77.576205	 77.555825	  77.53668	 77.518706	 77.501841	 77.486028	 77.471209	 77.457332	 77.444344	 77.432196	 77.420842	 77.410235	 77.400333	 77.391095	 77.382482	 77.374457	 77.366983	 77.360028	  77.35356	 77.347549	 77.341965	 77.336781	 77.331973	 77.327515	 77.323384	  77.31956	 77.316021	 77.312748	 77.309723	  77.30693	 77.304351	 77.301973	  77.29978	  77.29776	   77.2959	 77.294189	 77.292615	 77.291169	 77.289841	 77.288622	 77.287504	 77.286479	  77.28554	 77.284681	 77.283894	 77.283175	 77.282518	 77.281918	 77.281371	 77.280871	 77.280416	 77.280001	 77.279624	  77.27928	 77.278968	 77.278685	 77.278427	 77.278193	 77.277981	 77.277789	 77.277615	 77.277457	 77.277315	 77.277186	  77.27707	 77.276964	  77.27687	 77.276784	 77.276707	 77.276638	 77.276575	 77.276519	 77.276468	 77.276423	 77.276382	 77.276346	 77.276313	 77.276284	 77.276257	 77.276234	 77.276213	 77.276194	 77.276177	 77.276162	 77.276149	 77.276137	 77.276127	 77.276118	  77.27611	 77.276102	 77.276096	  77.27609	 77.276086	 77.276081	 77.276078	 77.276075	 77.276072	  77.27607	 77.276069	 77.276067	 77.276067	 77.276066	
        99	 98.534818	  98.06993	 97.605629	 97.142206	 96.679953	 96.219156	 95.760101	 95.303072	 94.848344	 94.396194	 93.946889	 93.500694	 93.057867	  92.61866	 92.183318	 91.752079	 91.325176	 90.902829	 90.485256	 90.072662	 89.665245	 89.263195	  88.86669	 88.475902	  88.09099	 87.712107	 87.339392	 86.972977	 86.612983	  86.25952	 85.912689	  85.57258	 85.239274	  84.91284	 84.593338	 84.280819	 83.975323	 83.676881	 83.385513	 83.101231	 82.824039	  82.55393	 82.290888	 82.034891	 81.785908	 81.543898	 81.308815	 81.080605	 80.859207	 80.644552	 80.436567	 80.235171	  80.04028	 79.851801	 79.669639	 79.493692	 79.323858	 79.160025	 79.002082	 78.849914	 78.703401	 78.562422	 78.426855	 78.296572	 78.171448	 78.051354	  77.93616	 77.825737	 77.719952	 77.618676	 77.521777	 77.429125	 77.340589	  77.25604	 77.175349	 77.098388	 77.025033	 76.955157	 76.888637	 76.825353	 76.765185	 76.708015	 76.653729	 76.602213	 76.553357	 76.507053	 76.463194	 76.421679	 76.382407	 76.345279	 76.310202	 76.277082	  76.24583	 76.216359	 76.188586	 76.162428	 76.137808	  76.11465	 76.092881	 76.072429	 76.053229	 76.035213	 76.018321	 76.002492	 75.987668	 75.973794	 75.960817	 75.948688	 75.937358	 75.926781	 75.916912	 75.907712	 75.899138	 75.891155	 75.883726	 75.876817	 75.870395	  75.86443	 75.858893	 75.853756	 75.848994	 75.844582	 75.840497	 75.836716	  75.83322	 75.829989	 75.827005	 75.824251	  75.82171	 75.819368	  75.81721	 75.815223	 75.813395	 75.811714	 75.810169	 75.808751	 75.807448	 75.806254	 75.805159	 75.804156	 75.803238	 75.802398	  75.80163	 75.800928	 75.800287	 75.799702	 75.799169	 75.798683	  75.79824	 75.797836	 75.797469	 75.797136	 75.796833	 75.796558	 75.796308	 75.796081	 75.795876	  75.79569	 75.795522	  75.79537	 75.795232	 75.795108	 75.794995	 75.794894	 75.794803	  75.79472	 75.794646	 75.794579	 75.794519	 75.794465	 75.794417	 75.794373	 75.794334	 75.794299	 75.794268	  75.79424	 75.794215	 75.794193	 75.794172	 75.794155	 75.794139	 75.794125	 75.794112	 75.794101	 75.794091	 75.794082	 75.794074	 75.794068	 75.794062	 75.794057	 75.794052	 75.794048	 75.794045	 75.794042	  75.79404	 75.794038	 75.794037	 75.794036	 75.794036	
        99	  98.50539	 98.011092	 97.517418	 97.024678	 96.533181	 96.043233	 95.555138	 95.069196	 94.585701	 94.104947	 93.627218	 93.152796	 92.681955	 92.214962	 91.752079	  91.29356	 90.839649	 90.390584	 89.946594	 89.507899	 89.074708	 88.647223	 88.225634	 87.810124	 87.400862	  86.99801	 86.601717	 86.212121	 85.829353	 85.453529	 85.084757	 84.723132	  84.36874	 84.021655	 83.681941	 83.349651	 83.024829	 82.707506	 82.397706	  82.09544	 81.800712	 81.513515	 81.233833	 80.961641	 80.696906	 80.439586	 80.189632	 79.946985	  79.71158	 79.483346	 79.262203	 79.048067	 78.840846	 78.640443	 78.446757	  78.25968	 78.079101	 77.904904	  77.73697	 77.575175	 77.419393	 77.269496	 77.125352	 76.986828	 76.853788	 76.726096	 76.603615	 76.486206	 76.373729	 76.266046	 76.163017	 76.064504	 75.970367	 75.880469	 75.794673	 75.712844	 75.634848	 75.560551	 75.489823	 75.422536	 75.358561	 75.297775	 75.240054	 75.185279	 75.133333	 75.084099	 75.037466	 74.993325	 74.951568	 74.912092	 74.874795	  74.83958	 74.806351	 74.775015	 74.745485	 74.717673	 74.691495	 74.666872	 74.643726	 74.621981	 74.601565	  74.58241	 74.564449	 74.547618	 74.531857	 74.517105	 74.503308	 74.490411	 74.478364	 74.467118	 74.456625	 74.446842	 74.437727	 74.429239	 74.421339	 74.413993	 74.407165	 74.400823	 74.394935	 74.389474	  74.38441	 74.379719	 74.375375	 74.371356	 74.367638	 74.364203	  74.36103	 74.358102	   74.3554	  74.35291	 74.350615	 74.348503	 74.346559	 74.344772	 74.343129	 74.341621	 74.340236	 74.338966	 74.337802	 74.336736	  74.33576	 74.334867	  74.33405	 74.333304	 74.332622	    74.332	 74.331433	 74.330916	 74.330445	 74.330016	 74.329626	 74.329271	 74.328949	 74.328657	 74.328391	  74.32815	 74.327932	 74.327734	 74.327555	 74.327393	 74.327247	 74.327115	 74.326995	 74.326888	 74.326791	 74.326703	 74.326624	 74.326553	 74.326489	 74.326432	  74.32638	 74.326334	 74.326293	 74.326256	 74.326222	 74.326192	 74.326166	 74.326142	 74.326121	 74.326102	 74.326085	  74.32607	 74.326056	 74.326044	 74.326034	 74.326024	 74.326016	 74.326009	 74.326003	 74.325997	 74.325992	 74.325988	 74.325985	 74.325982	  74.32598	 74.325978	 74.325977	 74.325976	 74.325975	
        99	 98.476257	 97.952845	 97.430094	 96.908331	 96.387885	 95.869079	 95.352235	 94.837671	 94.325698	 93.816627	  93.31076	 92.808394	  92.30982	 91.815322	 91.325176	 90.839649	 90.359003	 89.883488	 89.413347	 88.948812	 88.490106	 88.037442	 87.591022	 87.151038	 86.717671	  86.29109	 85.871455	 85.458913	   85.0536	  84.65564	 84.265146	 83.882222	 83.506956	 83.139427	 82.779704	 82.427843	 82.083888	 81.747875	 81.419827	 81.099758	 80.787671	 80.483558	 80.187402	 79.899178	 79.618851	 79.346375	 79.081697	 78.824758	 78.575488	 78.333811	 78.099643	 77.872894	 77.653468	 77.441262	 77.236167	 77.038072	 76.846856	 76.662399	 76.484573	 76.313249	 76.148291	 75.989565	 75.836931	 75.690248	 75.549372	 75.414159	 75.284464	 75.160139	 75.041038	 74.927012	 74.817915	 74.713599	 74.613917	 74.518724	 74.427875	 74.341226	 74.258636	 74.179963	  74.10507	 74.033819	 73.966076	 73.901709	 73.840589	 73.782588	 73.727581	 73.675448	 73.626068	 73.579327	 73.535111	 73.493309	 73.453816	 73.416526	  73.38134	 73.348159	  73.31689	 73.287439	  73.25972	 73.233646	 73.209136	 73.186111	 73.164493	  73.14421	 73.125191	 73.107369	 73.090678	 73.075058	 73.060448	 73.046792	 73.034035	 73.022126	 73.011016	 73.000657	 72.991004	 72.982016	 72.973652	 72.965873	 72.958642	 72.951926	 72.945692	 72.939909	 72.934548	  72.92958	  72.92498	 72.920724	 72.916788	  72.91315	  72.90979	 72.906689	 72.903828	 72.901191	 72.898762	 72.896525	 72.894467	 72.892574	 72.890835	 72.889238	 72.887772	 72.886427	 72.885194	 72.884065	 72.883031	 72.882086	 72.881221	 72.880431	 72.879709	  72.87905	  72.87845	 72.877902	 72.877403	 72.876949	 72.876536	 72.876161	  72.87582	  72.87551	 72.875229	 72.874974	 72.874743	 72.874533	 72.874344	 72.874172	 72.874017	 72.873877	 72.873751	 72.873637	 72.873534	 72.873441	 72.873358	 72.873283	 72.873215	 72.873154	   72.8731	 72.873051	 72.873007	 72.872967	 72.872932	   72.8729	 72.872872	 72.872847	 72.872824	 72.872804	 72.872786	  72.87277	 72.872756	 72.872744	 72.872733	 72.872723	 72.872714	 72.872706	   72.8727	 72.872694	 72.872689	 72.872685	 72.872681	 72.872678	 72.872675	 72.872673	 72.872672	 72.872671	 72.872671	
