Time step 50:
        99	        99	        99	        99	        99	        99	        99	        99	        99	        99	        99	        99	        99	        99	        99	        99	        99	        99	        99	        99	        99	        99	        99	        99	        99	        99	        99	        99	        99	        99	        99	        99	        99	        99	        99	        99	        99	        99	        99	        99	        99	        99	        99	        99	        99	        99	        99	        99	        99	        99	        99	        99	        99	        99	        99	        99	        99	        99	        99	        99	        99	        99	        99	        99	        99	        99	        99	        99	        99	        99	        99	        99	        99	        99	        99	        99	        99	        99	        99	        99	        99	        99	        99	        99	        99	        99	        99	        99	        99	        99	        99	        99	        99	        99	        99	        99	        99	        99	        99	        99	        99	        99	        99	        99	        99	        99	        99	        99	        99	        99	        99	        99	        99	        99	        99	        99	        99	        99	        99	        99	        99	        99	        99	        99	        99	        99	        99	        99	        99	        99	        99	        99	        99	        99	        99	        99	        99	        99	        99	        99	        99	        99	        99	        99	        99	        99	        99	        99	        99	        99	        99	        99	        99	        99	        99	        99	        99	        99	        99	        99	        99	        99	        99	        99	        99	        99	        99	        99	        99	        99	        99	        99	        99	        99	        99	        99	        99	        99	        99	        99	        99	        99	        99	        99	        99	        99	        99	        99	        99	        99	        99	        99	        99	        99	        99	        99	        99	        99	        99	        99	
        99	 98.987301	 98.974605	 98.961915	 98.949236	 98.936569	 98.923917	 98.911285	 98.898676	 98.886092	 98.873536	 98.861012	 98.848523	 98.836071	 98.823661	 98.811294	 98.798974	 98.786704	 98.774486	 98.762323	 98.750219	 98.738176	 98.726197	 98.714283	 98.702439	 98.690667	 98.678968	 98.667346	 98.655803	 98.644342	 98.632964	 98.621672	 98.610468	 98.599354	 98.588332	 98.577405	 98.566573	  98.55584	 98.545207	 98.534675	 98.524246	 98.513922	 98.503705	 98.493595	 98.483595	 98.473705	 98.463926	 98.454261	  98.44471	 98.435274	 98.425953	  98.41675	 98.407665	 98.398698	  98.38985	 98.381122	 98.372515	 98.364028	 98.355663	 98.347419	 98.339297	 98.331297	  98.32342	 98.315665	 98.308032	 98.300522	 98.293134	 98.285868	 98.278724	 98.271702	 98.264801	 98.258021	 98.251361	 98.244821	 98.238401	   98.2321	 98.225917	 98.219851	 98.213902	 98.208069	 98.202352	 98.196749	 98.191259	 98.185882	 98.180616	 98.175461	 98.170415	 98.165478	 98.160647	 98.155924	 98.151305	  98.14679	 98.142377	 98.138066	 98.133855	 98.129742	 98.125727	 98.121809	 98.117985	 98.114255	 98.110616	 98.107069	 98.103611	  98.10024	 98.096957	 98.093758	 98.090643	 98.087611	 98.084659	 98.081787	 98.078992	 98.076275	 98.073632	 98.071063	 98.068567	 98.066141	 98.063785	 98.061497	 98.059276	 98.057119	 98.055027	 98.052997	 98.051029	  98.04912	 98.047269	 98.045476	 98.043739	 98.042056	 98.040426	 98.038848	 98.037321	 98.035844	 98.034414	 98.033032	 98.031695	 98.030403	 98.029155	 98.027949	 98.026784	 98.025659	 98.024574	 98.023526	 98.022515	  98.02154	   98.0206	 98.019694	 98.018821	 98.017979	 98.017169	 98.016389	 98.015639	 98.014916	 98.014222	 98.013554	 98.012911	 98.012294	 98.011702	 98.011133	 98.010587	 98.010063	  98.00956	 98.009079	 98.008617	 98.008175	 98.007752	 98.007347	 98.006961	 98.006591	 98.006238	 98.005901	  98.00558	 98.005274	 98.004982	 98.004705	 98.004442	 98.004192	 98.003955	 98.003731	 98.003519	 98.003319	  98.00313	 98.002953	 98.002787	 98.002632	 98.002487	 98.002353	 98.002228	 98.002113	 98.002008	 98.001912	 98.001825	 98.001748	 98.001679	  98.00162	 98.001569	 98.001526	 98.001492	 98.001467	  98.00145	 98.001442	
        99	 98.974605	 98.949216	 98.923841	 98.898484	 98.873153	 98.847854	 98.822593	 98.797377	 98.772212	 98.747104	 98.722059	 98.697084	 98.672184	 98.647366	 98.622636	 98.597999	 98.573461	 98.549029	 98.524707	 98.500501	 98.476418	 98.452462	 98.428639	 98.404954	 98.381411	 98.358017	 98.334777	 98.311694	 98.288773	  98.26602	 98.243439	 98.221033	 98.198809	 98.176768	 98.154916	 98.133256	 98.111792	 98.090528	 98.069467	 98.048612	 98.027967	 98.007535	 97.987318	  97.96732	 97.947542	 97.927988	  97.90866	  97.88956	  97.87069	 97.852052	 97.833647	 97.815479	 97.797547	 97.779854	   97.7624	 97.745188	 97.728216	 97.711488	 97.695002	 97.678761	 97.662764	 97.647011	 97.631503	 97.616239	 97.601221	 97.586447	 97.571917	  97.55763	 97.543588	 97.529787	 97.516229	 97.502911	 97.489833	 97.476994	 97.464393	 97.452029	 97.439899	 97.428003	 97.416339	 97.404905	   97.3937	 97.382722	 97.371969	 97.361438	 97.351129	 97.341039	 97.331166	 97.321507	  97.31206	 97.302824	 97.293795	 97.284971	 97.276349	 97.267928	 97.259704	 97.251676	 97.243839	 97.236193	 97.228733	 97.221457	 97.214363	 97.207447	 97.200708	 97.194141	 97.187745	 97.181516	 97.175452	 97.169549	 97.163805	 97.158217	 97.152783	 97.147498	 97.142361	 97.137369	 97.132518	 97.127806	 97.123231	 97.118789	 97.114477	 97.110293	 97.106234	 97.102297	  97.09848	  97.09478	 97.091194	 97.087719	 97.084354	 97.081095	  97.07794	 97.074886	 97.071931	 97.069072	 97.066308	 97.063635	 97.061052	 97.058555	 97.056143	 97.053814	 97.051565	 97.049393	 97.047298	 97.045277	 97.043327	 97.041447	 97.039635	 97.037889	 97.036207	 97.034587	 97.033027	 97.031526	 97.030081	 97.028692	 97.027356	 97.026072	 97.024838	 97.023653	 97.022515	 97.021423	 97.020375	 97.019371	 97.018407	 97.017485	 97.016601	 97.015755	 97.014946	 97.014172	 97.013433	 97.012727	 97.012053	  97.01141	 97.010798	 97.010216	 97.009661	 97.009135	 97.008635	 97.008162	 97.007713	 97.007289	 97.006889	 97.006513	 97.006159	 97.005826	 97.005516	 97.005226	 97.004957	 97.004708	 97.004478	 97.004268	 97.004076	 97.003903	 97.003748	 97.003611	 97.003491	 97.003389	 97.003304	 97.003237	 97.003186	 97.003153	 97.003136	
        99	 98.961915	 98.923841	 98.885785	 98.847758	  98.80977	 98.771829	 98.733946	  98.69613	  98.65839	 98.620736	 98.583177	 98.545722	  98.50838	 98.471161	 98.434073	 98.397125	 98.360326	 98.323685	  98.28721	  98.25091	 98.214792	 98.178866	 98.143139	 98.107618	 98.072312	 98.037229	 98.002375	 97.967758	 97.933384	 97.899262	 97.865397	 97.831796	 97.798466	 97.765412	 97.732641	 97.700158	 97.667969	 97.636079	 97.604494	 97.573219	 97.542258	 97.511616	 97.481297	 97.451305	 97.421645	  97.39232	 97.363334	  97.33469	 97.306391	  97.27844	 97.250839	 97.223592	   97.1967	 97.170166	 97.143991	 97.118177	 97.092726	 97.067638	 97.042916	 97.018558	 96.994567	 96.970943	 96.947686	 96.924796	 96.902272	 96.880116	 96.858326	 96.836901	 96.815841	 96.795145	 96.774811	 96.754839	 96.735226	 96.715972	 96.697075	 96.678531	 96.660341	   96.6425	 96.625008	 96.607861	 96.591057	 96.574593	 96.558467	 96.542675	 96.527214	 96.512082	 96.497275	  96.48279	 96.468623	 96.454771	  96.44123	 96.427997	 96.415068	 96.402439	 96.390106	 96.378065	 96.366313	 96.354845	 96.343658	 96.332747	 96.322108	 96.311737	 96.301629	 96.291782	 96.282189	 96.272848	 96.263753	 96.254901	 96.246287	 96.237907	 96.229757	 96.221832	 96.214128	 96.206641	 96.199367	 96.192301	 96.185439	 96.178777	  96.17231	 96.166035	 96.159948	 96.154044	  96.14832	 96.142771	 96.137393	 96.132182	 96.127135	 96.122248	 96.117516	 96.112936	 96.108505	 96.104218	 96.100072	 96.096064	 96.092189	 96.088445	 96.084828	 96.081335	 96.077962	 96.074706	 96.071563	 96.068532	 96.065608	 96.062789	 96.060072	 96.057453	  96.05493	   96.0525	 96.050161	  96.04791	 96.045744	  96.04366	 96.041657	 96.039731	 96.037881	 96.036103	 96.034397	 96.032759	 96.031188	 96.029681	 96.028236	 96.026852	 96.025527	 96.024258	 96.023045	 96.021884	 96.020776	 96.019717	 96.018707	 96.017743	 96.016825	 96.015951	  96.01512	 96.014331	 96.013581	 96.012871	 96.012198	 96.011563	 96.010963	 96.010398	 96.009867	 96.009369	 96.008903	 96.008469	 96.008065	 96.007691	 96.007347	 96.007031	 96.006744	 96.006484	 96.006252	 96.006046	 96.005867	 96.005714	 96.005587	 96.005485	 96.005409	 96.005359	 96.005334	
        99	 98.949236	 98.898484	 98.847758	  98.79707	 98.746434	 98.695862	 98.645366	 98.594959	 98.544654	 98.494463	 98.444399	 98.394474	 98.344699	 98.295088	 98.245652	 98.196403	 98.147353	 98.098512	 98.049893	 98.001507	 97.953365	 97.905477	 97.857855	 97.810508	 97.763447	 97.716683	 97.670225	 97.624082	 97.578264	 97.532781	 97.487641	 97.442853	 97.398426	 97.354367	 97.310685	 97.267387	 97.224481	 97.181975	 97.139874	 97.098185	 97.056916	 97.016072	 96.975659	 96.935682	 96.896147	 96.857058	 96.818421	  96.78024	 96.742519	 96.705262	 96.668472	 96.632154	 96.596308	  96.56094	  96.52605	 96.491642	 96.457717	 96.424277	 96.391322	 96.358856	 96.326877	 96.295387	 96.264387	 96.233876	 96.203854	  96.17432	 96.145275	 96.116717	 96.088645	 96.061059	 96.033955	 96.007333	 95.981191	 95.955526	 95.930337	  95.90562	 95.881373	 95.857593	 95.834276	  95.81142	 95.789022	 95.767076	 95.745581	 95.724531	 95.703923	 95.683753	 95.664016	 95.644708	 95.625825	 95.607361	 95.589312	 95.571673	 95.554439	 95.537605	 95.521166	 95.505116	 95.489452	 95.474166	 95.459254	  95.44471	 95.430529	 95.416705	 95.403232	 95.390106	 95.377319	 95.364868	 95.352745	 95.340946	 95.329464	 95.318294	  95.30743	 95.296867	 95.286598	 95.276618	 95.266922	 95.257503	 95.248356	 95.239476	 95.230857	 95.222493	 95.214379	  95.20651	 95.198879	 95.191483	 95.184314	 95.177369	 95.170641	 95.164127	  95.15782	 95.151715	 95.145808	 95.140094	 95.134568	 95.129225	 95.124061	  95.11907	 95.114249	 95.109592	 95.105096	 95.100756	 95.096568	 95.092527	  95.08863	 95.084872	  95.08125	 95.077759	 95.074396	 95.071158	  95.06804	 95.065039	 95.062152	 95.059374	 95.056704	 95.054137	 95.051671	 95.049302	 95.047027	 95.044844	 95.042749	 95.040741	 95.038815	 95.036971	 95.035204	 95.033513	 95.031895	 95.030349	 95.028871	 95.027459	 95.026113	 95.024828	 95.023605	  95.02244	 95.021332	  95.02028	 95.019281	 95.018334	 95.017438	  95.01659	 95.015791	 95.015038	  95.01433	 95.013666	 95.013045	 95.012466	 95.011928	  95.01143	 95.010971	  95.01055	 95.010167	 95.009821	 95.009511	 95.009237	 95.008998	 95.008794	 95.008625	  95.00849	 95.008388	 95.008321	 95.008287	
        99	 98.936569	 98.873153	  98.80977	 98.746434	 98.683163	 98.619971	 98.556875	  98.49389	 98.431033	 98.368318	 98.305762	 98.243379	 98.181184	 98.119194	 98.057422	 97.995884	 97.934594	 97.873567	 97.812816	 97.752356	 97.692201	 97.632364	 97.572859	 97.513698	 97.454894	 97.396461	  97.33841	 97.280753	 97.223503	 97.166671	 97.110267	 97.054303	  96.99879	 96.943737	 96.889155	 96.835054	 96.781442	 96.728328	 96.675722	 96.623632	 96.572064	 96.521029	 96.470531	 96.420579	 96.371179	 96.322337	 96.274059	 96.226351	 96.179217	 96.132663	 96.086694	 96.041312	 95.996523	 95.952329	 95.908733	 95.865739	 95.823349	 95.781564	 95.740387	 95.699819	 95.659861	 95.620514	 95.581778	 95.543653	  95.50614	 95.469237	 95.432944	  95.39726	 95.362184	 95.327714	 95.293847	 95.260582	 95.227917	 95.195848	 95.164373	 95.133489	 95.103191	 95.073477	 95.044343	 95.015784	 94.987796	 94.960375	 94.933516	 94.907214	 94.881464	  94.85626	 94.831599	 94.807473	 94.783877	 94.760806	 94.738253	 94.716213	 94.694678	 94.673644	 94.653103	 94.633049	 94.613475	 94.594375	 94.575742	 94.557569	 94.539849	 94.522576	 94.505742	  94.48934	 94.473363	 94.457805	 94.442657	 94.427913	 94.413567	 94.399609	 94.386035	 94.372835	 94.360004	 94.347534	 94.335418	 94.323649	  94.31222	 94.301125	 94.290355	 94.279904	 94.269765	 94.259932	 94.250397	 94.241155	 94.232198	 94.223519	 94.215113	 94.206973	 94.199092	 94.191465	 94.184084	 94.176944	 94.170039	 94.163363	  94.15691	 94.150674	 94.144649	 94.138831	 94.133213	  94.12779	 94.122556	 94.117507	 94.112637	 94.107942	 94.103416	 94.099054	 94.094853	 94.090806	  94.08691	  94.08316	 94.079552	 94.076082	 94.072745	 94.069538	 94.066456	 94.063496	 94.060654	 94.057926	 94.055309	 94.052799	 94.050393	 94.048088	 94.045881	 94.043768	 94.041746	 94.039814	 94.037967	 94.036204	 94.034521	 94.032916	 94.031387	 94.029932	 94.028548	 94.027232	 94.025984	 94.024801	 94.023681	 94.022622	 94.021624	 94.020683	 94.019798	 94.018969	 94.018193	 94.017469	 94.016797	 94.016174	 94.015601	 94.015075	 94.014596	 94.014163	 94.013776	 94.013434	 94.013135	 94.012881	 94.012669	   94.0125	 94.012374	  94.01229	 94.012248	
        99	 98.923917	 98.847854	 98.771829	 98.695862	 98.619971	 98.544176	 98.468496	 98.392949	 98.317555	 98.242332	 98.167299	 98.092474	 98.017876	 97.943521	  97.86943	 97.795618	 97.722104	 97.648905	 97.576038	  97.50352	 97.431367	 97.359596	 97.288222	 97.217262	  97.14673	 97.076643	 97.007014	 96.937858	  96.86919	 96.801022	 96.733369	 96.666244	 96.599659	 96.533626	 96.468158	 96.403266	 96.338961	 96.275255	 96.212156	 96.149676	 96.087825	  96.02661	 95.966041	 95.906126	 95.846873	  95.78829	 95.730383	  95.67316	 95.616626	 95.560787	 95.505649	 95.451216	 95.397494	 95.344486	 95.292195	 95.240626	 95.189781	 95.139663	 95.090273	 95.041614	 94.993687	 94.946492	  94.90003	 94.854302	 94.809306	 94.765044	 94.721513	 94.678712	  94.63664	 94.595294	 94.554673	 94.514774	 94.475594	 94.437129	 94.399376	 94.362332	 94.325992	 94.290352	 94.255407	 94.221152	 94.187582	 94.154691	 94.122475	 94.090927	 94.060042	 94.029812	 94.000231	 93.971294	 93.942992	 93.915319	 93.888268	 93.861832	 93.836003	 93.810773	 93.786136	 93.762082	 93.738604	 93.715695	 93.693346	 93.671548	 93.650294	 93.629576	 93.609384	 93.589711	 93.570547	 93.551886	 93.533717	 93.516033	 93.498825	 93.482084	 93.465802	  93.44997	  93.43458	 93.419623	  93.40509	 93.390974	 93.377266	 93.363957	 93.351039	 93.338504	 93.326343	 93.314549	 93.303112	 93.292027	 93.281283	 93.270874	 93.260791	 93.251027	 93.241575	 93.232426	 93.223573	 93.215009	 93.206727	 93.198719	 93.190979	   93.1835	 93.176274	 93.169295	 93.162556	 93.156051	 93.149774	 93.143718	 93.137877	 93.132245	 93.126816	 93.121585	 93.116545	 93.111691	 93.107018	 93.102521	 93.098193	 93.094031	 93.090028	 93.086181	 93.082485	 93.078934	 93.075525	 93.072253	 93.069114	 93.066104	 93.063218	 93.060454	 93.057806	 93.055271	 93.052847	 93.050529	 93.048314	 93.046199	  93.04418	 93.042256	 93.040422	 93.038676	 93.037016	 93.035438	 93.033941	 93.032522	 93.031179	 93.029909	 93.028711	 93.027582	 93.026521	 93.025526	 93.024596	 93.023728	 93.022921	 93.022175	 93.021486	 93.020856	 93.020282	 93.019763	 93.019298	 93.018888	  93.01853	 93.018224	  93.01797	 93.017768	 93.017616	 93.017515	 93.017465	
        99	 98.911285	 98.822593	 98.733946	 98.645366	 98.556875	 98.468496	  98.38025	 98.292161	 98.204249	 98.116537	 98.029046	 97.941798	 97.854814	 97.768115	 97.681722	 97.595655	 97.509936	 97.424584	 97.339619	  97.25506	 97.170928	 97.087241	 97.004017	 96.921275	 96.839033	 96.757309	  96.67612	 96.595482	 96.515412	 96.435927	 96.357042	 96.278772	 96.201131	 96.124135	 96.047798	 95.972132	 95.897151	 95.822867	 95.749292	 95.676439	 95.604318	  95.53294	 95.462314	 95.392452	 95.323361	 95.255052	 95.187531	 95.120807	 95.054886	 94.989777	 94.925484	 94.862014	 94.799372	 94.737563	 94.676591	  94.61646	 94.557173	 94.498734	 94.441144	 94.384406	 94.328521	  94.27349	 94.219315	 94.165994	 94.113528	 94.061916	 94.011158	 93.961251	 93.912193	 93.863983	 93.816618	 93.770095	 93.724409	 93.679558	 93.635538	 93.592343	 93.549969	 93.508412	 93.467665	 93.427722	 93.388579	 93.350228	 93.312663	 93.275877	 93.239863	 93.204614	 93.170123	 93.136381	  93.10338	 93.071113	 93.039571	 93.008745	 92.978628	 92.949209	 92.920481	 92.892434	 92.865058	 92.838345	 92.812285	 92.786868	 92.762086	 92.737927	 92.714383	 92.691444	 92.669099	 92.647339	 92.626154	 92.605533	 92.585468	 92.565948	 92.546962	 92.528502	 92.510556	 92.493116	 92.476171	 92.459711	 92.443727	 92.428208	 92.413145	 92.398529	 92.384349	 92.370597	 92.357262	 92.344335	 92.331808	  92.31967	 92.307914	 92.296529	 92.285507	 92.274839	 92.264516	 92.254531	 92.244873	 92.235536	 92.226511	  92.21779	 92.209364	 92.201226	 92.193369	 92.185784	 92.178464	 92.171403	 92.164592	 92.158025	 92.151695	 92.145595	 92.139719	 92.134059	  92.12861	 92.123366	  92.11832	 92.113466	 92.108799	 92.104314	 92.100003	 92.095863	 92.091888	 92.088073	 92.084413	 92.080903	 92.077538	 92.074314	 92.071227	 92.068272	 92.065445	 92.062742	 92.060159	 92.057693	 92.055339	 92.053095	 92.050957	 92.048921	 92.046985	 92.045146	   92.0434	 92.041745	 92.040179	 92.038698	 92.037301	 92.035985	 92.034748	 92.033588	 92.032503	 92.031491	  92.03055	  92.02968	 92.028878	 92.028142	 92.027473	 92.026868	 92.026326	 92.025847	  92.02543	 92.025074	 92.024778	 92.024541	 92.024365	 92.024247	 92.024188	
        99	 98.898676	 98.797377	  98.69613	 98.594959	  98.49389	 98.392949	 98.292161	 98.191551	 98.091144	 97.990964	 97.891038	 97.791388	 97.692041	 97.593018	 97.494346	 97.396046	 97.298142	 97.200659	 97.103617	  97.00704	 96.910949	 96.815366	 96.720313	 96.625811	 96.531879	 96.438539	  96.34581	  96.25371	  96.16226	 96.071477	 95.981379	 95.891984	 95.803308	 95.715368	  95.62818	 95.541759	  95.45612	 95.371278	 95.287246	 95.204037	 95.121665	 95.040141	 94.959478	 94.879685	 94.800774	 94.722755	 94.645637	 94.569429	 94.494139	 94.419775	 94.346344	 94.273852	 94.202306	 94.131712	 94.062073	 93.993396	 93.925682	 93.858936	 93.793161	 93.728358	  93.66453	 93.601678	 93.539801	 93.478902	 93.418979	 93.360031	 93.302058	 93.245057	 93.189027	 93.133964	 93.079867	  93.02673	 92.974551	 92.923326	 92.873048	 92.823714	 92.775317	 92.727853	 92.681314	 92.635694	 92.590987	 92.547185	 92.504281	 92.462266	 92.421134	 92.380875	  92.34148	 92.302942	 92.265251	 92.228398	 92.192372	 92.157165	 92.122767	 92.089167	 92.056355	 92.024321	 91.993055	 91.962545	 91.932781	 91.903751	 91.875446	 91.847854	 91.820963	 91.794763	 91.769242	 91.744389	 91.720193	 91.696642	 91.673724	  91.65143	 91.629746	 91.608661	 91.588165	 91.568246	 91.548892	 91.530093	 91.511836	 91.494112	 91.476908	 91.460214	 91.444019	 91.428312	 91.413082	 91.398318	  91.38401	 91.370147	 91.356719	 91.343716	 91.331127	 91.318943	 91.307154	 91.295749	 91.284719	 91.274054	 91.263746	 91.253785	 91.244162	 91.234867	 91.225893	  91.21723	  91.20887	 91.200805	 91.193027	 91.185526	 91.178296	 91.171329	 91.164617	 91.158153	  91.15193	  91.14594	 91.140177	 91.134634	 91.129304	  91.12418	 91.119257	 91.114529	 91.109989	 91.105631	 91.101451	 91.097442	 91.093599	 91.089917	 91.086391	 91.083015	 91.079787	 91.076699	 91.073749	 91.070933	 91.068244	 91.065681	 91.063239	 91.060914	 91.058703	 91.056602	 91.054608	 91.052718	 91.050929	 91.049238	 91.047643	  91.04614	 91.044727	 91.043402	 91.042162	 91.041007	 91.039932	 91.038938	 91.038022	 91.037182	 91.036417	 91.035726	 91.035108	 91.034561	 91.034084	 91.033677	 91.033339	 91.033069	 91.032867	 91.032733	 91.032666	
        99	 98.886092	 98.772212	  98.65839	 98.544654	 98.431033	 98.317555	 98.204249	 98.091144	 97.978266	 97.865645	 97.753308	 97.641282	 97.529596	 97.418275	 97.307347	 97.196839	 97.086776	 96.977185	 96.868091	 96.759519	 96.651494	 96.544041	 96.437182	 96.330943	 96.225346	 96.120413	 96.016167	 95.912629	 95.809821	 95.707762	 95.606475	 95.505977	 95.406287	 95.307426	 95.209409	 95.112255	  95.01598	 94.920601	 94.826132	 94.732589	 94.639987	 94.548338	 94.457656	 94.367953	 94.279242	 94.191533	 94.104837	 94.019164	 93.934523	 93.850923	 93.768372	 93.686878	 93.606446	 93.527084	 93.448796	 93.371589	 93.295466	  93.22043	 93.146486	 93.073635	 93.001879	 92.931221	  92.86166	 92.793197	 92.725831	 92.659562	 92.594389	 92.530309	  92.46732	 92.405419	 92.344602	 92.284867	 92.226207	 92.168619	 92.112097	 92.056636	 92.002229	 91.948869	  91.89655	 91.845265	 91.795005	 91.745763	  91.69753	 91.650298	 91.604056	 91.558797	  91.51451	 91.471186	 91.428814	 91.387383	 91.346883	 91.307304	 91.268633	  91.23086	 91.193973	 91.157961	 91.122811	 91.088512	 91.055051	 91.022417	 90.990596	 90.959577	 90.929346	 90.899892	 90.871202	 90.843262	 90.816061	 90.789585	 90.763821	 90.738757	  90.71438	 90.690677	 90.667635	 90.645242	 90.623485	 90.602351	 90.581827	 90.561901	 90.542561	 90.523793	 90.505587	 90.487929	 90.470807	 90.454209	 90.438124	  90.42254	 90.407445	 90.392827	 90.378674	 90.364977	 90.351723	 90.338902	 90.326502	 90.314513	 90.302925	 90.291726	 90.280908	 90.270459	  90.26037	 90.250632	 90.241233	 90.232167	 90.223422	  90.21499	 90.206862	  90.19903	 90.191484	 90.184217	 90.177221	 90.170487	 90.164008	 90.157777	 90.151784	 90.146025	 90.140491	 90.135175	 90.130071	 90.125172	 90.120472	 90.115965	 90.111645	 90.107506	 90.103542	 90.099747	 90.096118	 90.092647	 90.089331	 90.086164	 90.083142	  90.08026	 90.077515	 90.074901	 90.072415	 90.070054	 90.067812	 90.065688	 90.063676	 90.061775	 90.059982	 90.058292	 90.056703	 90.055214	 90.053821	 90.052521	 90.051314	 90.050196	 90.049166	 90.048222	 90.047362	 90.046585	  90.04589	 90.045275	 90.044739	 90.044281	 90.043901	 90.043598	 90.043371	  90.04322	 90.043145	
        99	 98.873536	 98.747104	 98.620736	 98.494463	 98.368318	 98.242332	 98.116537	 97.990964	 97.865645	  97.74061	  97.61589	 97.491517	 97.367519	 97.243928	 97.120774	 96.998085	  96.87589	 96.754219	   96.6331	 96.512561	 96.392629	 96.273331	 96.154694	 96.036745	 95.919508	 95.803008	 95.687272	 95.572321	 95.458181	 95.344874	 95.232421	 95.120846	 95.010168	 94.900409	 94.791589	 94.683726	 94.576839	 94.470946	 94.366065	 94.262211	 94.159401	 94.057651	 93.956973	 93.857383	 93.758894	 93.661517	 93.565265	 93.470148	 93.376178	 93.283363	 93.191713	 93.101235	 93.011938	 92.923828	 92.836912	 92.751194	  92.66668	 92.583373	 92.501278	 92.420397	 92.340733	 92.262286	 92.185057	 92.109048	 92.034257	 91.960684	 91.888327	 91.817183	 91.747251	 91.678527	 91.611007	 91.544687	 91.479562	 91.415626	 91.352874	 91.291299	 91.230895	 91.171654	 91.113568	  91.05663	  91.00083	  90.94616	 90.892611	 90.840172	 90.788834	 90.738586	 90.689418	 90.641318	 90.594275	 90.548278	 90.503314	 90.459372	 90.416439	 90.374502	 90.333549	 90.293567	 90.254543	 90.216463	 90.179314	 90.143083	 90.107755	 90.073316	 90.039754	 90.007053	   89.9752	 89.944181	 89.913981	 89.884587	 89.855983	 89.828157	 89.801093	 89.774777	 89.749195	 89.724334	 89.700178	 89.676715	 89.653929	 89.631806	 89.610334	 89.589498	 89.569285	  89.54968	 89.530671	 89.512245	 89.494387	 89.477084	 89.460325	 89.444096	 89.428384	 89.413176	 89.398461	 89.384227	  89.37046	  89.35715	 89.344284	 89.331852	 89.319841	  89.30824	 89.297039	 89.286227	 89.275793	 89.265727	 89.256018	 89.246657	 89.237633	 89.228937	  89.22056	 89.212493	 89.204725	 89.197249	 89.190056	 89.183137	 89.176485	  89.17009	 89.163946	 89.158044	 89.152378	 89.146939	 89.141721	 89.136717	 89.131921	 89.127325	 89.122924	 89.118712	 89.114682	 89.110829	 89.107147	 89.103631	 89.100276	 89.097077	 89.094029	 89.091127	 89.088367	 89.085745	 89.083257	 89.080898	 89.078665	 89.076554	 89.074563	 89.072687	 89.070923	 89.069269	 89.067723	  89.06628	 89.064939	 89.063698	 89.062555	 89.061506	 89.060552	 89.059689	 89.058917	 89.058235	  89.05764	 89.057132	  89.05671	 89.056373	 89.056122	 89.055954	  89.05587	
        99	 98.861012	 98.722059	 98.583177	 98.444399	 98.305762	 98.167299	 98.029046	 97.891038	 97.753308	  97.61589	 97.478819	 97.342129	 97.205852	 97.070022	 96.934671	 96.799831	 96.665536	 96.531816	 96.398702	 96.266225	 96.134416	 96.003304	 95.872919	 95.743288	 95.614441	 95.486405	 95.359206	 95.232872	 95.107429	   94.9829	 94.859311	 94.736686	 94.615048	  94.49442	 94.374822	 94.256278	 94.138806	 94.022426	 93.907158	  93.79302	 93.680028	 93.568201	 93.457553	 93.348101	 93.239858	 93.132838	 93.027053	 92.922517	 92.819241	 92.717235	 92.616508	  92.51707	  92.41893	 92.322094	  92.22657	 92.132364	  92.03948	 91.947924	 91.857699	 91.768808	 91.681254	 91.595038	 91.510162	 91.426625	 91.344427	 91.263568	 91.184045	 91.105856	 91.028999	 90.953469	 90.879262	 90.806374	   90.7348	 90.664532	 90.595566	 90.527893	 90.461507	 90.396399	 90.332561	 90.269984	 90.208658	 90.148574	 90.089722	  90.03209	 89.975668	 89.920444	 89.866406	 89.813543	 89.761841	 89.711289	 89.661872	 89.613578	 89.566393	 89.520304	 89.475296	 89.431354	 89.388465	 89.346614	 89.305786	 89.265967	  89.22714	 89.189291	 89.152405	 89.116466	 89.081458	 89.047367	 89.014177	 88.981871	 88.950435	 88.919853	 88.890109	 88.861187	 88.833072	 88.805748	 88.779201	 88.753413	 88.728371	 88.704058	 88.680459	  88.65756	 88.635345	 88.613799	 88.592907	 88.572655	 88.553029	 88.534013	 88.515594	 88.497758	  88.48049	 88.463776	 88.447604	  88.43196	  88.41683	 88.402201	 88.388062	 88.374398	 88.361197	 88.348448	 88.336138	 88.324255	 88.312788	 88.301725	 88.291054	 88.280766	 88.270849	 88.261292	 88.252085	 88.243218	 88.234682	 88.226465	  88.21856	 88.210956	 88.203645	 88.196617	 88.189864	 88.183378	  88.17715	 88.171173	 88.165438	 88.159939	 88.154668	 88.149617	  88.14478	  88.14015	 88.135721	 88.131487	  88.12744	 88.123576	 88.119889	 88.116373	 88.113023	 88.109834	 88.106801	 88.103919	 88.101184	 88.098592	 88.096138	 88.093818	 88.091629	 88.089567	 88.087629	 88.085812	 88.084112	 88.082526	 88.081053	 88.079689	 88.078432	  88.07728	 88.076231	 88.075283	 88.074435	 88.073684	  88.07303	 88.072472	 88.072009	 88.071639	 88.071362	 88.071177	 88.071085	
        99	 98.848523	 98.697084	 98.545722	 98.394474	 98.243379	 98.092474	 97.941798	 97.791388	 97.641282	 97.491517	 97.342129	 97.193155	 97.044633	 96.896597	 96.749084	 96.602128	 96.455765	 96.310029	 96.164954	 96.020573	  95.87692	 95.734027	 95.591925	 95.450646	 95.310221	 95.170679	 95.032051	 94.894365	 94.757649	  94.62193	 94.487236	 94.353593	 94.221024	 94.089556	 93.959212	 93.830015	 93.701987	  93.57515	 93.449524	  93.32513	 93.201985	 93.080109	 92.959519	 92.840231	 92.722261	 92.605625	 92.490335	 92.376406	 92.263849	 92.152676	 92.042899	 91.934526	 91.827567	  91.72203	 91.617922	  91.51525	  91.41402	 91.314237	 91.215904	 91.119026	 91.023604	 90.929641	 90.837138	 90.746095	 90.656511	 90.568386	 90.481717	 90.396503	 90.312739	 90.230422	 90.149547	  90.07011	 89.992103	 89.915522	 89.840358	 89.766605	 89.694253	 89.623295	  89.55372	  89.48552	 89.418684	 89.353201	  89.28906	  89.22625	 89.164757	 89.104571	 89.045678	 88.988064	 88.931717	 88.876622	 88.822764	 88.770131	 88.718706	 88.668475	 88.619422	 88.571533	  88.52479	 88.479178	 88.434681	 88.391284	 88.348968	 88.307718	 88.267517	 88.228349	 88.190196	 88.153041	 88.116868	  88.08166	 88.047399	 88.014069	 87.981652	 87.950131	  87.91949	 87.889711	 87.860778	 87.832673	  87.80538	 87.778883	 87.753163	 87.728206	 87.703995	 87.680513	 87.657744	 87.635673	 87.614283	 87.593558	 87.573484	 87.554045	 87.535225	  87.51701	 87.499385	 87.482334	 87.465845	 87.449902	 87.434492	   87.4196	 87.405213	 87.391319	 87.377902	 87.364952	 87.352454	 87.340397	 87.328767	 87.317555	 87.306746	 87.296331	 87.286297	 87.276633	 87.267329	 87.258375	 87.249759	 87.241472	 87.233503	 87.225844	 87.218484	 87.211415	 87.204628	 87.198114	 87.191864	  87.18587	 87.180125	 87.174621	 87.169349	 87.164304	 87.159476	 87.154861	 87.150451	  87.14624	 87.142221	 87.138389	 87.134738	 87.131263	 87.127957	 87.124816	 87.121836	  87.11901	 87.116336	 87.113808	 87.111422	 87.109175	 87.107063	 87.105082	 87.103229	 87.101501	 87.099896	 87.098409	 87.097039	 87.095784	  87.09464	 87.093607	 87.092683	 87.091865	 87.091152	 87.090544	 87.090039	 87.089635	 87.089334	 87.089133	 87.089032	
        99	 98.836071	 98.672184	  98.50838	 98.344699	 98.181184	 98.017876	 97.854814	 97.692041	 97.529596	 97.367519	 97.205852	 97.044633	 96.883902	 96.723697	 96.564058	 96.405023	 96.246629	 96.088913	 95.931913	 95.775664	 95.620203	 95.465564	 95.311781	 95.158889	 95.006921	 94.855909	 94.705886	 94.556882	 94.408928	 94.262053	 94.116287	 93.971658	 93.828193	 93.685918	  93.54486	 93.405042	 93.266491	 93.129228	 92.993275	 92.858655	 92.725388	 92.593494	 92.462992	 92.333898	 92.206231	 92.080007	 91.955241	 91.831946	 91.710137	 91.589826	 91.471025	 91.353744	 91.237993	  91.12378	 91.011115	 90.900004	 90.790453	 90.682467	 90.576051	  90.47121	 90.367945	 90.266258	 90.166151	 90.067624	 89.970676	 89.875307	 89.781514	 89.689295	 89.598646	 89.509563	  89.42204	 89.336073	 89.251654	 89.168778	 89.087436	  89.00762	 88.929321	  88.85253	 88.777236	  88.70343	   88.6311	 88.560234	 88.490821	 88.422847	 88.356301	 88.291167	 88.227432	 88.165083	 88.104104	  88.04448	 87.986196	 87.929236	 87.873584	 87.819224	 87.766139	 87.714313	 87.663728	 87.614367	 87.566212	 87.519247	 87.473453	 87.428813	 87.385307	 87.342919	  87.30163	 87.261421	 87.222275	 87.184173	 87.147095	 87.111025	 87.075944	 87.041832	 87.008672	 86.976445	 86.945134	 86.914719	 86.885183	 86.856507	 86.828674	 86.801665	 86.775464	 86.750051	 86.725411	 86.701525	 86.678377	 86.655949	 86.634225	 86.613187	 86.592821	 86.573108	 86.554034	 86.535582	 86.517738	 86.500484	 86.483807	 86.467691	 86.452122	 86.437085	 86.422566	 86.408551	 86.395026	 86.381977	 86.369392	 86.357258	 86.345561	 86.334289	  86.32343	 86.312973	 86.302904	 86.293213	 86.283889	 86.274921	 86.266297	 86.258008	 86.250044	 86.242394	 86.235049	 86.227999	 86.221235	 86.214749	 86.208532	 86.202575	  86.19687	 86.191409	 86.186186	 86.181191	 86.176418	 86.171861	 86.167512	 86.163365	 86.159414	 86.155653	 86.152075	 86.148676	 86.145451	 86.142393	 86.139499	 86.136763	 86.134181	 86.131749	 86.129464	  86.12732	 86.125315	 86.123445	 86.121707	 86.120098	 86.118616	 86.117257	  86.11602	 86.114902	 86.113901	 86.113016	 86.112245	 86.111587	  86.11104	 86.110604	 86.110277	  86.11006	 86.109951	
        99	 98.823661	 98.647366	 98.471161	 98.295088	 98.119194	 97.943521	 97.768115	 97.593018	 97.418275	 97.243928	 97.070022	 96.896597	 96.723697	 96.551364	  96.37964	 96.208564	 96.038178	 95.868523	 95.699636	 95.531558	 95.364327	  95.19798	 95.032555	 94.868088	 94.704615	 94.542171	  94.38079	 94.220505	  94.06135	 93.903356	 93.746554	 93.590975	 93.436648	 93.283602	 93.131865	 92.981463	 92.832422	 92.684767	 92.538522	  92.39371	 92.250354	 92.108474	 91.968091	 91.829225	 91.691893	 91.556112	   91.4219	 91.289271	 91.158241	 91.028821	 90.901026	 90.774866	 90.650351	 90.527492	 90.406297	 90.286774	 90.168929	 90.052768	 89.938296	 89.825517	 89.714434	 89.605049	 89.497363	 89.391377	  89.28709	   89.1845	 89.083607	 88.984406	 88.886894	 88.791066	 88.696917	 88.604442	 88.513632	 88.424481	 88.336981	 88.251122	 88.166896	 88.084291	 88.003297	 87.923903	 87.846097	 87.769867	 87.695198	 87.622079	 87.550494	 87.480429	 87.411869	 87.344799	 87.279204	 87.215066	 87.152369	 87.091097	 87.031232	 86.972756	 86.915652	 86.859902	 86.805488	  86.75239	  86.70059	 86.650069	 86.600808	 86.552788	 86.505989	 86.460392	 86.415977	 86.372724	 86.330614	 86.289627	 86.249743	 86.210942	 86.173204	  86.13651	  86.10084	 86.066173	 86.032491	 85.999773	 85.968001	 85.937154	 85.907214	 85.878161	 85.849975	 85.822639	 85.796134	 85.770439	 85.745539	 85.721413	 85.698044	 85.675414	 85.653505	   85.6323	 85.611782	 85.591934	 85.572738	 85.554178	 85.536238	 85.518903	 85.502155	 85.485979	 85.470361	 85.455285	 85.440736	 85.426699	 85.413162	 85.400108	 85.387526	 85.375401	  85.36372	  85.35247	  85.34164	 85.331215	 85.321185	 85.311538	 85.302262	 85.293345	 85.284778	 85.276548	 85.268647	 85.261064	 85.253788	 85.246811	 85.240123	 85.233715	 85.227578	 85.221704	 85.216085	 85.210712	 85.205578	 85.200676	 85.195998	 85.191537	 85.187286	  85.18324	 85.179392	 85.175736	 85.172266	 85.168977	 85.165863	  85.16292	 85.160143	 85.157527	 85.155069	 85.152763	 85.150606	 85.148594	 85.146725	 85.144994	   85.1434	 85.141938	 85.140607	 85.139404	 85.138328	 85.137376	 85.136547	 85.135838	  85.13525	 85.134781	 85.134429	 85.134196	 85.134079	
        99	 98.811294	 98.622636	 98.434073	 98.245652	 98.057422	  97.86943	 97.681722	 97.494346	 97.307347	 97.120774	 96.934671	 96.749084	 96.564058	  96.37964	 96.195872	 96.012798	 95.830463	  95.64891	 95.468179	 95.288314	 95.109354	 94.931342	 94.754315	 94.578314	 94.403376	  94.22954	 94.056841	 93.885315	 93.714998	 93.545924	 93.378125	 93.211636	 93.046486	 92.882707	 92.720328	 92.559378	 92.399884	 92.241874	 92.085373	 91.930406	 91.776996	 91.625166	 91.474938	 91.326333	 91.179369	 91.034066	 90.890442	 90.748512	 90.608292	 90.469796	 90.333038	  90.19803	 90.064784	 89.933308	 89.803614	 89.675708	 89.549599	 89.425291	 89.302791	 89.182103	  89.06323	 88.946173	 88.830935	 88.717516	 88.605915	 88.496131	 88.388162	 88.282004	 88.177653	 88.075105	 87.974354	 87.875393	 87.778215	 87.682812	 87.589175	 87.497295	 87.407161	 87.318763	  87.23209	 87.147128	 87.063865	 86.982288	 86.902383	 86.824136	  86.74753	 86.672552	 86.599184	 86.527411	 86.457215	 86.388579	 86.321485	 86.255916	 86.191852	 86.129276	 86.068167	 86.008508	 85.950277	 85.893455	 85.838022	 85.783958	 85.731243	 85.679855	 85.629774	 85.580979	 85.533449	 85.487163	   85.4421	 85.398238	 85.355557	 85.314035	  85.27365	 85.234383	 85.196211	 85.159113	 85.123069	 85.088057	 85.054056	 85.021046	 84.989006	 84.957915	 84.927754	   84.8985	 84.870136	  84.84264	 84.815992	 84.790175	 84.765167	  84.74095	 84.717505	 84.694813	 84.672856	 84.651615	 84.631073	 84.611212	 84.592014	 84.573462	  84.55554	  84.53823	 84.521516	 84.505383	 84.489813	 84.474793	 84.460306	 84.446337	 84.432872	 84.419897	 84.407397	 84.395358	 84.383768	 84.372612	 84.361879	 84.351555	 84.341628	 84.332086	 84.322918	 84.314112	 84.305656	 84.297541	 84.289755	 84.282289	 84.275131	 84.268274	 84.261707	 84.255421	 84.249408	 84.243658	 84.238164	 84.232918	 84.227912	 84.223138	  84.21859	  84.21426	 84.210142	 84.206229	 84.202516	 84.198996	 84.195664	 84.192515	 84.189543	 84.186744	 84.184112	 84.181645	 84.179336	 84.177184	 84.175183	 84.173331	 84.171625	 84.170061	 84.168637	  84.16735	 84.166198	 84.165179	 84.164291	 84.163533	 84.162904	 84.162402	 84.162026	 84.161775	  84.16165	
        99	 98.798974	 98.597999	 98.397125	 98.196403	 97.995884	 97.795618	 97.595655	 97.396046	 97.196839	 96.998085	 96.799831	 96.602128	 96.405023	 96.208564	 96.012798	 95.817773	 95.623534	 95.430127	 95.237597	 95.045989	 94.855346	 94.665711	 94.477127	 94.289635	 94.103277	 93.918091	 93.734116	 93.551392	 93.369956	 93.189843	  93.01109	 92.833731	 92.657799	 92.483327	 92.310347	 92.138889	 91.968982	 91.800656	 91.633938	 91.468853	 91.305427	 91.143685	 90.983649	 90.825342	 90.668784	 90.513994	 90.360993	 90.209797	 90.060422	 89.912884	 89.767198	 89.623376	  89.48143	 89.341371	 89.203209	 89.066953	  88.93261	 88.800187	  88.66969	 88.541122	 88.414487	 88.289789	 88.167027	 88.046203	 87.927316	 87.810365	 87.695347	 87.582258	 87.471095	 87.361851	 87.254522	   87.1491	 87.045578	 86.943946	 86.844196	 86.746317	 86.650299	  86.55613	 86.463798	 86.373289	  86.28459	 86.197688	 86.112566	  86.02921	 85.947603	  85.86773	 85.789572	 85.713113	 85.638334	 85.565217	 85.493743	 85.423893	 85.355647	 85.288985	 85.223887	 85.160332	 85.098299	 85.037768	 84.978716	 84.921122	 84.864965	 84.810222	 84.756872	 84.704891	 84.654258	  84.60495	 84.556945	 84.510219	 84.464752	 84.420519	 84.377498	 84.335667	 84.295003	 84.255483	 84.217086	 84.179788	 84.143567	 84.108402	  84.07427	  84.04115	 84.009018	 83.977855	 83.947639	 83.918348	 83.889961	 83.862457	 83.835817	 83.810019	 83.785043	  83.76087	 83.737479	 83.714852	 83.692968	 83.671811	 83.651359	 83.631597	 83.612504	 83.594064	 83.576259	 83.559072	 83.542487	 83.526485	 83.511052	 83.496172	 83.481828	 83.468005	 83.454689	 83.441865	 83.429517	 83.417634	   83.4062	 83.395202	 83.384627	 83.374462	 83.364695	 83.355314	 83.346306	 83.337661	 83.329367	 83.321413	 83.313789	 83.306483	 83.299488	 83.292791	 83.286385	  83.28026	 83.274408	 83.268819	 83.263486	 83.258401	 83.253555	 83.248943	 83.244556	 83.240388	 83.236432	 83.232683	 83.229133	 83.225778	 83.222612	  83.21963	 83.216827	 83.214198	 83.211739	 83.209446	 83.207315	 83.205342	 83.203524	 83.201858	 83.200341	  83.19897	 83.197743	 83.196658	 83.195712	 83.194905	 83.194234	 83.193699	 83.193299	 83.193032	 83.192899	
        99	 98.786704	 98.573461	 98.360326	 98.147353	 97.934594	 97.722104	 97.509936	 97.298142	 97.086776	  96.87589	 96.665536	 96.455765	 96.246629	 96.038178	 95.830463	 95.623534	 95.417439	 95.212226	 95.007945	 94.804641	 94.602361	 94.401152	 94.201057	 94.002121	 93.804387	 93.607897	 93.412694	 93.218816	 93.026305	 92.835199	 92.645535	 92.457349	 92.270679	 92.085558	 91.902019	 91.720095	 91.539818	 91.361217	 91.184322	 91.009161	  90.83576	 90.664145	 90.494341	 90.326371	 90.160257	 89.996019	 89.833679	 89.673254	 89.514762	 89.358219	  89.20364	 89.051039	 88.900428	 88.751821	 88.605226	 88.460652	 88.318109	 88.177604	 88.039141	 87.902725	 87.768361	 87.636051	 87.505796	 87.377598	 87.251454	 87.127364	 87.005325	 86.885334	 86.767385	 86.651474	 86.537593	 86.425736	 86.315895	  86.20806	 86.102221	 85.998368	 85.896489	 85.796572	 85.698604	 85.602571	 85.508458	 85.416251	 85.325933	 85.237489	 85.150901	 85.066152	 84.983224	 84.902098	 84.822755	 84.745175	 84.669338	 84.595224	 84.522813	 84.452082	  84.38301	 84.315576	 84.249757	 84.185531	 84.122875	 84.061766	 84.002181	 83.944096	 83.887489	 83.832336	 83.778612	 83.726294	 83.675359	 83.625782	 83.577539	 83.530606	 83.484959	 83.440575	 83.397428	 83.355497	 83.314755	 83.275181	  83.23675	 83.199438	 83.163223	  83.12808	 83.093988	 83.060923	 83.028862	 82.997783	 82.967663	 82.938481	 82.910214	 82.882842	 82.856341	 82.830693	 82.805874	 82.781866	 82.758647	 82.736198	 82.714498	 82.693529	 82.673271	 82.653705	 82.634814	 82.616578	  82.59898	 82.582002	 82.565627	 82.549838	 82.534618	 82.519952	 82.505823	 82.492216	 82.479115	 82.466506	 82.454374	 82.442705	 82.431484	 82.420699	 82.410336	 82.400382	 82.390825	 82.381652	 82.372852	 82.364412	 82.356322	 82.348571	 82.341148	 82.334043	 82.327246	 82.320748	 82.314538	 82.308608	 82.302949	 82.297554	 82.292412	 82.287518	 82.282864	 82.278441	 82.274244	 82.270266	   82.2665	  82.26294	 82.259581	 82.256417	 82.253442	 82.250653	 82.248044	 82.245611	  82.24335	 82.241257	 82.239328	  82.23756	  82.23595	 82.234495	 82.233193	 82.232042	 82.231039	 82.230182	  82.22947	 82.228903	 82.228478	 82.228195	 82.228053	
