Time step 70:
        99	        99	        99	        99	        99	        99	        99	        99	        99	        99	        99	        99	        99	        99	        99	        99	        99	        99	        99	        99	        99	        99	        99	        99	        99	        99	        99	        99	        99	        99	        99	        99	        99	        99	        99	        99	        99	        99	        99	        99	        99	        99	        99	        99	        99	        99	        99	        99	        99	        99	        99	        99	        99	        99	        99	        99	        99	        99	        99	        99	        99	        99	        99	        99	        99	        99	        99	        99	        99	        99	        99	        99	        99	        99	        99	        99	        99	        99	        99	        99	        99	        99	        99	        99	        99	        99	        99	        99	        99	        99	        99	        99	        99	        99	        99	        99	        99	        99	        99	        99	        99	        99	        99	        99	        99	        99	        99	        99	        99	        99	        99	        99	        99	        99	        99	        99	        99	        99	        99	        99	        99	        99	        99	        99	        99	        99	        99	        99	        99	        99	        99	        99	        99	        99	        99	        99	        99	        99	        99	        99	        99	        99	        99	        99	        99	        99	        99	        99	        99	        99	        99	        99	        99	        99	        99	        99	        99	        99	        99	        99	        99	        99	        99	        99	        99	        99	        99	        99	        99	        99	        99	        99	        99	        99	        99	        99	        99	        99	        99	        99	        99	        99	        99	        99	        99	        99	        99	        99	        99	        99	        99	        99	        99	        99	        99	        99	        99	        99	        99	        99	
        99	 98.990929	  98.98186	 98.972794	 98.963733	 98.954678	 98.945632	 98.936595	  98.92757	 98.918557	  98.90956	 98.900578	 98.891615	 98.882671	 98.873747	 98.864847	  98.85597	 98.847119	 98.838295	 98.829499	 98.820734	    98.812	   98.8033	 98.794633	 98.786003	  98.77741	 98.768855	 98.760341	 98.751868	 98.743438	 98.735051	  98.72671	 98.718416	 98.710169	 98.701971	 98.693823	 98.685727	 98.677682	 98.669692	 98.661756	 98.653876	 98.646052	 98.638286	 98.630578	 98.622931	 98.615343	 98.607817	 98.600353	 98.592952	 98.585615	 98.578343	 98.571136	 98.563995	  98.55692	 98.549913	 98.542974	 98.536103	 98.529301	 98.522569	 98.515907	 98.509316	 98.502796	 98.496347	 98.489969	 98.483664	 98.477431	 98.471271	 98.465184	  98.45917	 98.453229	 98.447362	 98.441568	 98.435848	 98.430202	  98.42463	 98.419132	 98.413708	 98.408358	 98.403081	 98.397878	 98.392749	 98.387694	 98.382712	 98.377803	 98.372967	 98.368204	 98.363514	 98.358896	 98.354349	 98.349875	 98.345472	  98.34114	 98.336878	 98.332687	 98.328566	 98.324514	 98.320531	 98.316617	  98.31277	 98.308992	  98.30528	 98.301635	 98.298056	 98.294542	 98.291094	 98.287709	 98.284389	 98.281131	 98.277936	 98.274803	 98.271732	 98.268721	  98.26577	 98.262879	 98.260046	 98.257271	 98.254554	 98.251893	 98.249289	  98.24674	 98.244245	 98.241805	 98.239418	 98.237083	 98.234801	 98.232569	 98.230388	 98.228257	 98.226175	 98.224141	 98.222155	 98.220216	 98.218323	 98.216476	 98.214674	 98.212915	 98.211201	 98.209529	 98.207899	 98.206311	 98.204763	 98.203256	 98.201788	 98.200359	 98.198968	 98.197614	 98.196297	 98.195017	 98.193772	 98.192562	 98.191387	 98.190245	 98.189136	  98.18806	 98.187016	 98.186004	 98.185023	 98.184071	  98.18315	 98.182258	 98.181395	  98.18056	 98.179753	 98.178973	  98.17822	 98.177493	 98.176792	 98.176117	 98.175467	 98.174841	  98.17424	 98.173662	 98.173108	 98.172577	 98.172069	 98.171583	 98.171119	 98.170677	 98.170257	 98.169857	 98.169479	 98.169121	 98.168783	 98.168465	 98.168168	  98.16789	 98.167631	 98.167392	 98.167171	  98.16697	 98.166788	 98.166624	 98.166478	 98.166351	 98.166243	 98.166152	  98.16608	 98.166026	  98.16599	 98.165972	
        99	  98.98186	 98.963723	 98.945592	 98.927472	 98.909364	 98.891273	 98.873201	 98.855152	  98.83713	 98.819136	 98.801175	 98.783249	 98.765363	 98.747518	 98.729718	 98.711966	 98.694265	 98.676619	  98.65903	 98.641501	 98.624035	 98.606635	 98.589304	 98.572045	  98.55486	 98.537753	 98.520725	 98.503781	 98.486922	  98.47015	  98.45347	 98.436882	  98.42039	 98.403995	 98.387701	  98.37151	 98.355423	 98.339443	 98.323573	 98.307814	 98.292168	 98.276637	 98.261223	 98.245929	 98.230756	 98.215705	 98.200779	 98.185978	 98.171305	 98.156762	 98.142349	 98.128068	  98.11392	 98.099907	  98.08603	  98.07229	 98.058688	 98.045225	 98.031902	 98.018721	 98.005681	 97.992784	  97.98003	 97.967421	 97.954957	 97.942637	 97.930464	 97.918437	 97.906556	 97.894823	 97.883237	 97.871798	 97.860507	 97.849364	 97.838369	 97.827522	 97.816822	  97.80627	 97.795866	 97.785608	 97.775498	 97.765535	 97.755718	 97.746048	 97.736522	 97.727142	 97.717907	 97.708815	 97.699867	 97.691062	 97.682398	 97.673876	 97.665495	 97.657253	  97.64915	 97.641185	 97.633357	 97.625665	 97.618108	 97.610685	 97.603396	 97.596238	 97.589212	 97.582315	 97.575547	 97.568906	 97.562392	 97.556003	 97.549738	 97.543595	 97.537574	 97.531672	  97.52589	 97.520225	 97.514676	 97.509242	 97.503922	 97.498713	 97.493615	 97.488627	 97.483747	 97.478973	 97.474304	 97.469739	 97.465277	 97.460915	 97.456653	 97.452489	 97.448422	  97.44445	 97.440573	 97.436787	 97.433093	 97.429489	 97.425973	 97.422544	   97.4192	 97.415941	 97.412765	  97.40967	 97.406655	  97.40372	 97.400861	  97.39808	 97.395373	  97.39274	 97.390179	 97.387689	  97.38527	 97.382919	 97.380636	 97.378419	 97.376267	  97.37418	 97.372155	 97.370192	  97.36829	 97.366447	 97.364663	 97.362937	 97.361267	 97.359653	 97.358094	 97.356588	 97.355134	 97.353733	 97.352383	 97.351082	 97.349831	 97.348629	 97.347474	 97.346366	 97.345304	 97.344288	 97.343316	 97.342388	 97.341504	 97.340663	 97.339864	 97.339107	 97.338391	 97.337716	 97.337081	 97.336486	 97.335929	 97.335412	 97.334934	 97.334493	 97.334091	 97.333725	 97.333398	 97.333107	 97.332853	 97.332636	 97.332455	  97.33231	 97.332202	  97.33213	 97.332094	
        99	 98.972794	 98.945592	 98.918401	 98.891224	 98.864067	 98.836934	 98.809831	 98.782761	 98.755731	 98.728745	 98.701807	 98.674923	 98.648097	 98.621333	 98.594638	 98.568014	 98.541467	 98.515001	 98.488621	 98.462332	 98.436137	 98.410041	 98.384048	 98.358163	  98.33239	 98.306733	 98.281196	 98.255783	 98.230498	 98.205345	 98.180328	  98.15545	 98.130715	 98.106127	  98.08169	 98.057406	  98.03328	 98.009314	 97.985512	 97.961876	 97.938411	 97.915118	 97.892002	 97.869064	 97.846307	 97.823734	 97.801348	 97.779151	 97.757145	 97.735333	 97.713717	 97.692298	  97.67108	 97.650064	 97.629251	 97.608644	 97.588244	 97.568053	 97.548072	 97.528302	 97.508746	 97.489403	 97.470276	 97.451364	  97.43267	 97.414194	 97.395937	 97.377899	 97.360081	 97.342484	 97.325107	 97.307952	 97.291018	 97.274306	 97.257815	 97.241547	   97.2255	 97.209674	  97.19407	 97.178687	 97.163524	 97.148581	 97.133858	 97.119354	 97.105069	 97.091001	 97.077149	 97.063514	 97.050094	 97.036888	 97.023895	 97.011113	 96.998543	 96.986182	 96.974029	 96.962083	 96.950343	 96.938807	 96.927474	 96.916341	 96.905409	 96.894674	 96.884136	 96.873792	 96.863641	 96.853682	 96.843912	  96.83433	 96.824933	 96.815721	  96.80669	  96.79784	 96.789167	 96.780671	 96.772349	 96.764199	  96.75622	 96.748408	 96.740763	 96.733281	 96.725962	 96.718802	   96.7118	 96.704954	 96.698261	  96.69172	 96.685328	 96.679083	 96.672983	 96.667026	  96.66121	 96.655533	 96.649993	 96.644587	 96.639314	 96.634171	 96.629157	 96.624269	 96.619505	 96.614863	 96.610342	 96.605939	 96.601653	 96.597481	 96.593421	 96.589472	 96.585631	 96.581898	 96.578269	 96.574743	 96.571319	 96.567994	 96.564767	 96.561636	 96.558599	 96.555655	 96.552803	 96.550039	 96.547364	 96.544775	  96.54227	  96.53985	 96.537511	 96.535252	 96.533072	 96.530971	 96.528945	 96.526995	 96.525119	 96.523315	 96.521583	 96.519921	 96.518329	 96.516805	 96.515347	 96.513956	 96.512631	 96.511369	 96.510171	 96.509035	 96.507962	 96.506949	 96.505996	 96.505103	 96.504269	 96.503494	 96.502776	 96.502115	 96.501511	 96.500964	 96.500472	 96.500036	 96.499655	 96.499329	 96.499058	 96.498842	 96.498679	 96.498571	 96.498517	
        99	 98.963733	 98.927472	 98.891224	 98.854996	 98.818794	 98.782624	 98.746494	 98.710409	 98.674377	 98.638403	 98.602493	 98.566655	 98.530894	 98.495217	  98.45963	  98.42414	 98.388751	 98.353471	 98.318305	  98.28326	  98.24834	 98.213553	 98.178904	 98.144398	 98.110041	 98.075839	 98.041796	 98.007919	 97.974213	 97.940683	 97.907333	  97.87417	 97.841197	 97.808421	 97.775844	 97.743473	 97.711311	 97.679363	 97.647633	 97.616126	 97.584846	 97.553795	  97.52298	 97.492402	 97.462066	 97.431975	 97.402133	 97.372543	 97.343209	 97.314132	 97.285316	 97.256765	 97.228479	 97.200464	 97.172719	 97.145249	 97.118055	 97.091139	 97.064503	 97.038149	 97.012079	 96.986294	 96.960797	 96.935587	 96.910667	 96.886037	 96.861699	 96.837654	 96.813902	 96.790443	 96.767279	  96.74441	 96.721837	 96.699559	 96.677576	 96.655889	 96.634497	 96.613401	   96.5926	 96.572093	  96.55188	 96.531961	 96.512334	    96.493	 96.473956	 96.455203	 96.436738	 96.418562	 96.400672	 96.383068	 96.365747	 96.348709	 96.331952	 96.315474	 96.299274	 96.283349	 96.267699	 96.252321	 96.237213	 96.222373	 96.207799	 96.193489	 96.179441	 96.165653	 96.152121	 96.138845	 96.125821	 96.113047	 96.100521	  96.08824	 96.076202	 96.064404	 96.052843	 96.041517	 96.030424	  96.01956	 96.008922	 95.998509	 95.988317	 95.978344	 95.968587	 95.959043	 95.949709	 95.940582	  95.93166	  95.92294	 95.914419	 95.906095	 95.897963	 95.890023	  95.88227	 95.874702	 95.867316	  95.86011	 95.853081	 95.846225	  95.83954	 95.833024	 95.826674	 95.820487	  95.81446	 95.808591	 95.802876	 95.797315	 95.791903	 95.786638	 95.781519	 95.776542	 95.771704	 95.767004	  95.76244	 95.758007	 95.753706	 95.749532	 95.745484	  95.74156	 95.737757	 95.734073	 95.730506	 95.727055	 95.723717	 95.720489	 95.717371	 95.714361	 95.711455	 95.708654	 95.705954	 95.703354	 95.700853	 95.698448	 95.696139	 95.693924	 95.691801	 95.689769	 95.687827	 95.685972	 95.684205	 95.682523	 95.680926	 95.679412	 95.677981	 95.676631	 95.675361	 95.674171	 95.673059	 95.672025	 95.671068	 95.670188	 95.669383	 95.668653	 95.667997	 95.667416	 95.666908	 95.666474	 95.666112	 95.665824	 95.665607	 95.665463	 95.665391	
        99	 98.954678	 98.909364	 98.864067	 98.818794	 98.773553	 98.728354	 98.683203	  98.63811	 98.593081	 98.548125	 98.503251	 98.458465	 98.413776	 98.369192	 98.324721	 98.280369	 98.236145	 98.192057	 98.148112	 98.104317	  98.06068	 98.017207	 97.973907	 97.930786	 97.887852	 97.845111	 97.802569	 97.760234	 97.718113	 97.676212	 97.634536	 97.593093	 97.551888	 97.510929	 97.470219	 97.429766	 97.389574	  97.34965	 97.309999	 97.270626	 97.231535	 97.192733	 97.154224	 97.116012	 97.078102	 97.040499	 97.003207	 96.966229	 96.929571	 96.893235	 96.857225	 96.821545	 96.786198	 96.751188	 96.716517	 96.682188	 96.648204	 96.614568	 96.581283	 96.548349	 96.515771	 96.483549	 96.451685	 96.420182	  96.38904	 96.358261	 96.327847	 96.297798	 96.268116	 96.238801	 96.209854	 96.181276	 96.153066	 96.125226	 96.097755	 96.070653	 96.043921	 96.017558	 95.991563	 95.965937	 95.940678	 95.915785	 95.891259	 95.867097	 95.843299	 95.819864	 95.796789	 95.774075	 95.751719	 95.729719	 95.708074	 95.686782	 95.665842	  95.64525	 95.625005	 95.605105	 95.585547	  95.56633	  95.54745	 95.528905	 95.510693	  95.49281	 95.475255	 95.458024	 95.441114	 95.424523	 95.408248	 95.392285	 95.376632	 95.361285	 95.346241	 95.331497	  95.31705	 95.302897	 95.289033	 95.275457	 95.262164	 95.249151	 95.236415	 95.223952	 95.211758	 95.199831	 95.188167	 95.176762	 95.165613	 95.154716	 95.144067	 95.133664	 95.123503	  95.11358	 95.103891	 95.094434	 95.085204	 95.076199	 95.067415	 95.058847	 95.050494	 95.042351	 95.034415	 95.026683	 95.019151	 95.011817	 95.004676	 94.997726	 94.990963	 94.984384	 94.977987	 94.971767	 94.965722	 94.959848	 94.954144	 94.948605	 94.943229	 94.938013	 94.932955	 94.928051	 94.923298	 94.918695	 94.914238	 94.909925	 94.905753	  94.90172	 94.897824	 94.894061	 94.890431	 94.886929	 94.883556	 94.880307	 94.877181	 94.874176	 94.871291	 94.868523	  94.86587	  94.86333	 94.860903	 94.858586	 94.856377	 94.854276	  94.85228	 94.850388	 94.848599	 94.846912	 94.845325	 94.843838	 94.842448	 94.841156	 94.839961	  94.83886	 94.837854	 94.836942	 94.836123	 94.835397	 94.834762	 94.834219	 94.833767	 94.833406	 94.833136	 94.832956	 94.832866	
        99	 98.945632	 98.891273	 98.836934	 98.782624	 98.728354	 98.674132	  98.61997	 98.565875	 98.511858	  98.45793	 98.404098	 98.350373	 98.296764	 98.243281	 98.189932	 98.136728	 98.083677	 98.030789	 97.978072	 97.925535	 97.873188	 97.821038	 97.769096	 97.717368	 97.665863	 97.614591	 97.563558	 97.512773	 97.462244	 97.411979	 97.361985	 97.312269	  97.26284	 97.213705	 97.164869	 97.116341	 97.068128	 97.020235	 96.972669	 96.925436	 96.878544	 96.831996	   96.7858	 96.739961	 96.694485	 96.649376	  96.60464	 96.560282	 96.516306	 96.472717	 96.429519	 96.386718	 96.344315	 96.302317	 96.260725	 96.219545	 96.178778	 96.138428	 96.098498	 96.058991	  96.01991	 95.981256	 95.943032	 95.905241	 95.867883	 95.830961	 95.794476	 95.758429	 95.722822	 95.687656	 95.652931	 95.618648	 95.584808	 95.551411	 95.518457	 95.485946	 95.453878	 95.422252	 95.391069	 95.360327	 95.330026	 95.300165	 95.270743	 95.241759	 95.213211	 95.185097	 95.157417	 95.130169	  95.10335	  95.07696	 95.050994	 95.025453	 95.000332	  94.97563	 94.951344	 94.927472	 94.904011	 94.880957	 94.858309	 94.836062	 94.814215	 94.792763	 94.771703	 94.751033	 94.730748	 94.710845	 94.691321	 94.672172	 94.653395	 94.634984	 94.616938	 94.599251	 94.581921	 94.564942	 94.548312	 94.532025	 94.516079	 94.500469	  94.48519	 94.470239	 94.455612	 94.441304	 94.427312	  94.41363	 94.400255	 94.387183	  94.37441	  94.36193	  94.34974	 94.337837	 94.326214	 94.314869	 94.303798	 94.292995	 94.282457	 94.272179	 94.262159	  94.25239	 94.242871	 94.233595	  94.22456	 94.215762	 94.207195	 94.198858	 94.190745	 94.182853	 94.175179	 94.167717	 94.160465	  94.15342	 94.146577	 94.139932	 94.133484	 94.127227	 94.121158	 94.115276	 94.109575	 94.104052	 94.098706	 94.093532	 94.088527	 94.083689	 94.079015	 94.074502	 94.070146	 94.065946	 94.061899	 94.058002	 94.054252	 94.050648	 94.047186	 94.043865	 94.040683	 94.037637	 94.034725	 94.031945	 94.029295	 94.026774	  94.02438	 94.022111	 94.019965	 94.017941	 94.016038	 94.014253	 94.012587	 94.011037	 94.009602	 94.008282	 94.007075	 94.005981	 94.004999	 94.004127	 94.003366	 94.002715	 94.002173	  94.00174	 94.001415	 94.001199	 94.001091	
        99	 98.936595	 98.873201	 98.809831	 98.746494	 98.683203	  98.61997	 98.556804	 98.493719	 98.430724	 98.367831	 98.305052	 98.242398	 98.179878	 98.117506	  98.05529	 97.993243	 97.931374	 97.869695	 97.808216	 97.746947	 97.685899	 97.625082	 97.564505	  97.50418	 97.444115	  97.38432	 97.324805	 97.265579	 97.206652	 97.148032	 97.089728	  97.03175	 96.974105	 96.916802	  96.85985	 96.803256	 96.747029	 96.691175	 96.635704	 96.580621	 96.525934	  96.47165	 96.417776	 96.364318	 96.311282	 96.258676	 96.206504	 96.154773	 96.103488	 96.052654	 96.002277	 95.952361	 95.902911	 95.853932	 95.805427	 95.757402	 95.709859	 95.662803	 95.616236	 95.570163	 95.524585	 95.479507	  95.43493	 95.390857	  95.34729	 95.304231	 95.261682	 95.219644	 95.178118	 95.137107	 95.096611	  95.05663	 95.017165	 94.978217	 94.939785	  94.90187	 94.864472	  94.82759	 94.791224	 94.755373	 94.720035	 94.685211	 94.650899	 94.617097	 94.583804	 94.551018	 94.518737	  94.48696	 94.455684	 94.424906	 94.394625	 94.364838	 94.335542	 94.306735	 94.278412	 94.250572	 94.223211	 94.196326	 94.169913	 94.143969	  94.11849	 94.093473	 94.068913	 94.044807	  94.02115	  93.99794	 93.975171	 93.952839	  93.93094	  93.90947	 93.888424	 93.867797	 93.847586	 93.827785	 93.808391	 93.789398	 93.770801	 93.752596	 93.734778	 93.717342	 93.700284	 93.683598	  93.66728	 93.651324	 93.635726	 93.620481	 93.605585	 93.591031	 93.576815	 93.562933	 93.549379	 93.536148	 93.523236	 93.510637	 93.498348	 93.486362	 93.474676	 93.463284	 93.452182	 93.441365	 93.430828	 93.420567	 93.410577	 93.400854	 93.391393	 93.382189	 93.373239	 93.364537	  93.35608	 93.347864	 93.339883	 93.332135	 93.324614	 93.317317	  93.31024	 93.303379	 93.296731	 93.290291	 93.284056	 93.278022	 93.272185	 93.266543	 93.261092	 93.255828	 93.250749	 93.245851	 93.241131	 93.236586	 93.232213	  93.22801	 93.223973	   93.2201	 93.216389	 93.212836	  93.20944	 93.206198	 93.203108	 93.200168	 93.197376	  93.19473	 93.192227	 93.189867	 93.187647	 93.185566	 93.183622	 93.181815	 93.180142	 93.178602	 93.177195	 93.175919	 93.174773	 93.173757	 93.172869	  93.17211	 93.171478	 93.170973	 93.170594	 93.170342	 93.170216	
        99	  98.92757	 98.855152	 98.782761	 98.710409	  98.63811	 98.565875	 98.493719	 98.421653	 98.349692	 98.277847	 98.206132	 98.134559	  98.06314	 97.991889	 97.920818	 97.849938	 97.779263	 97.708805	 97.638575	 97.568585	 97.498847	 97.429372	 97.360173	 97.291261	 97.222646	  97.15434	 97.086353	 97.018697	 96.951382	 96.884418	 96.817815	 96.751584	 96.685734	 96.620275	 96.555216	 96.490566	 96.426335	 96.362531	 96.299163	  96.23624	 96.173769	 96.111758	 96.050215	 95.989148	 95.928563	 95.868469	 95.808871	 95.749776	 95.691191	 95.633121	 95.575573	 95.518552	 95.462063	 95.406112	 95.350703	 95.295842	 95.241532	 95.187777	 95.134582	 95.081951	 95.029886	 94.978391	 94.927469	 94.877122	 94.827354	 94.778166	  94.72956	 94.681538	 94.634102	 94.587253	 94.540992	  94.49532	 94.450238	 94.405746	 94.361844	 94.318532	  94.27581	 94.233679	 94.192136	 94.151181	 94.110814	 94.071033	 94.031836	 93.993223	 93.955191	 93.917738	 93.880863	 93.844562	 93.808834	 93.773676	 93.739084	 93.705057	 93.671591	 93.638683	 93.606329	 93.574526	 93.543271	 93.512559	 93.482386	 93.452749	 93.423643	 93.395065	 93.367009	 93.339472	 93.312448	 93.285934	 93.259923	 93.234413	 93.209397	  93.18487	 93.160829	 93.137266	 93.114178	 93.091559	 93.069404	 93.047707	 93.026463	 93.005667	 92.985313	 92.965395	 92.945908	 92.926847	 92.908206	  92.88998	 92.872162	 92.854747	  92.83773	 92.821104	 92.804865	 92.789007	 92.773523	 92.758409	 92.743659	 92.729268	 92.715229	 92.701537	 92.688187	 92.675174	 92.662492	 92.650135	 92.638098	 92.626377	 92.614965	 92.603857	 92.593049	 92.582536	 92.572311	 92.562371	  92.55271	 92.543324	 92.534208	 92.525356	 92.516765	 92.508429	 92.500345	 92.492508	 92.484913	 92.477556	 92.470433	 92.463541	 92.456874	 92.450428	 92.444201	 92.438188	 92.432386	 92.426791	 92.421399	 92.416207	 92.411211	  92.40641	 92.401798	 92.397374	 92.393135	 92.389076	 92.385197	 92.381494	 92.377964	 92.374605	 92.371416	 92.368393	 92.365534	 92.362838	 92.360302	 92.357925	 92.355704	 92.353639	 92.351728	  92.34997	 92.348362	 92.346904	 92.345596	 92.344435	 92.343421	 92.342553	 92.341831	 92.341254	 92.340822	 92.340534	  92.34039	
        99	 98.918557	  98.83713	 98.755731	 98.674377	 98.593081	 98.511858	 98.430724	 98.349692	 98.268776	 98.187992	 98.107354	 98.026875	  97.94657	 97.866454	 97.786539	 97.706841	 97.627372	 97.548146	 97.469178	 97.390479	 97.312064	 97.233945	 97.156136	 97.078649	 97.001497	 96.924691	 96.848246	 96.772171	  96.69648	 96.621184	 96.546294	 96.471822	 96.397778	 96.324174	  96.25102	 96.178327	 96.106104	 96.034361	 95.963109	 95.892356	 95.822112	 95.752385	 95.683185	 95.614519	 95.546396	 95.478824	 95.411811	 95.345363	 95.279489	 95.214193	 95.149485	 95.085369	 95.021851	 94.958938	 94.896635	 94.834948	  94.77388	 94.713437	 94.653623	 94.594443	   94.5359	 94.477998	 94.420739	 94.364128	 94.308167	 94.252859	 94.198205	 94.144208	  94.09087	 94.038192	 93.986175	  93.93482	 93.884128	   93.8341	 93.784736	 93.736035	 93.687998	 93.640624	 93.593912	 93.547861	 93.502472	 93.457741	 93.413667	 93.370249	 93.327485	 93.285372	 93.243908	 93.203091	 93.162917	 93.123384	 93.084489	 93.046228	 93.008598	 92.971595	 92.935216	 92.899456	 92.864311	 92.829777	 92.795851	 92.762526	 92.729799	 92.697664	 92.666118	 92.635154	 92.604768	 92.574954	 92.545708	 92.517023	 92.488894	 92.461316	 92.434283	 92.407789	 92.381828	 92.356395	 92.331483	 92.307086	 92.283199	 92.259815	 92.236928	 92.214532	 92.192621	 92.171188	 92.150228	 92.129733	 92.109698	 92.090117	 92.070982	 92.052288	 92.034028	 92.016196	 91.998787	 91.981792	 91.965207	 91.949024	 91.933239	 91.917844	 91.902833	   91.8882	  91.87394	 91.860045	 91.846511	 91.833331	 91.820499	  91.80801	 91.795857	 91.784035	 91.772539	 91.761362	 91.750499	 91.739945	 91.729694	 91.719741	 91.710081	 91.700708	 91.691618	 91.682806	 91.674266	 91.665993	 91.657984	 91.650234	 91.642737	  91.63549	 91.628488	 91.621727	 91.615203	 91.608911	 91.602848	 91.597011	 91.591394	 91.585995	 91.580809	 91.575835	 91.571068	 91.566505	 91.562142	 91.557978	 91.554009	 91.550233	 91.546646	 91.543247	 91.540033	 91.537001	  91.53415	 91.531477	  91.52898	 91.526658	 91.524509	 91.522532	 91.520724	 91.519085	 91.517614	 91.516308	 91.515168	 91.514193	 91.513381	 91.512732	 91.512246	 91.511922	  91.51176	
        99	  98.90956	 98.819136	 98.728745	 98.638403	 98.548125	  98.45793	 98.367831	 98.277847	 98.187992	 98.098283	 98.008736	 97.919366	  97.83019	 97.741222	 97.652479	 97.563975	 97.475727	 97.387748	 97.300055	 97.212662	 97.125584	 97.038835	  96.95243	 96.866382	 96.780706	 96.695416	 96.610524	 96.526045	 96.441992	 96.358377	 96.275214	 96.192514	  96.11029	 96.028555	 95.947319	 95.866594	 95.786392	 95.706723	 95.627599	  95.54903	 95.471025	 95.393595	  95.31675	 95.240498	 95.164849	 95.089812	 95.015395	 94.941606	 94.868454	 94.795945	 94.724088	 94.652888	 94.582354	  94.51249	 94.443304	 94.374801	 94.306987	 94.239866	 94.173445	 94.107726	 94.042715	 93.978416	 93.914832	 93.851967	 93.789823	 93.728404	 93.667713	  93.60775	 93.548519	 93.490021	 93.432258	 93.375229	 93.318937	 93.263382	 93.208564	 93.154483	 93.101138	  93.04853	 92.996658	  92.94552	 92.895116	 92.845443	   92.7965	 92.748285	 92.700797	 92.654031	 92.607987	  92.56266	 92.518048	 92.474147	 92.430955	 92.388467	  92.34668	 92.305589	  92.26519	  92.22548	 92.186452	 92.148104	 92.110429	 92.073422	  92.03708	 92.001395	 91.966363	 91.931979	 91.898236	 91.865128	 91.832651	 91.800797	  91.76956	 91.738936	 91.708916	 91.679495	 91.650666	 91.622423	 91.594758	 91.567666	  91.54114	 91.515173	 91.489758	 91.464888	 91.440556	 91.416755	 91.393479	  91.37072	 91.348472	 91.326727	 91.305478	 91.284719	 91.264442	  91.24464	 91.225307	 91.206435	 91.188017	 91.170047	 91.152517	 91.135421	 91.118752	 91.102503	 91.086667	 91.071238	 91.056208	 91.041572	 91.027323	 91.013453	 90.999958	  90.98683	 90.974063	 90.961652	 90.949589	 90.937869	 90.926485	 90.915433	 90.904705	 90.894297	 90.884203	 90.874417	 90.864933	 90.855747	 90.846853	 90.838247	 90.829922	 90.821874	 90.814099	 90.806591	 90.799346	 90.792359	 90.785626	 90.779143	 90.772906	  90.76691	 90.761152	 90.755628	 90.750334	 90.745267	 90.740423	 90.735799	 90.731392	 90.727198	 90.723215	  90.71944	 90.715871	 90.712504	 90.709338	 90.706369	 90.703597	 90.701019	 90.698632	 90.696436	 90.694429	 90.692609	 90.690975	 90.689525	 90.688259	 90.687176	 90.686274	 90.685554	 90.685014	 90.684654	 90.684474	
        99	 98.900578	 98.801175	 98.701807	 98.602493	 98.503251	 98.404098	 98.305052	 98.206132	 98.107354	 98.008736	 97.910296	 97.812051	 97.714018	 97.616216	 97.518659	 97.421367	 97.324355	  97.22764	 97.131238	 97.035166	  96.93944	 96.844077	  96.74909	 96.654498	 96.560313	 96.466553	 96.373231	 96.280363	 96.187962	 96.096044	 96.004622	 95.913709	  95.82332	 95.733468	 95.644164	 95.555423	 95.467256	 95.379676	 95.292694	 95.206322	 95.120571	 95.035452	 94.950975	 94.867151	  94.78399	 94.701501	 94.619694	 94.538577	  94.45816	 94.378451	 94.299457	 94.221187	 94.143648	 94.066846	  93.99079	 93.915484	 93.840935	 93.767149	 93.694131	 93.621886	 93.550419	 93.479735	 93.409836	 93.340728	 93.272413	 93.204895	 93.138176	 93.072259	 93.007146	 92.942839	 92.879339	 92.816647	 92.754765	 92.693692	  92.63343	 92.573979	 92.515337	 92.457504	 92.400481	 92.344265	 92.288854	 92.234249	 92.180446	 92.127443	 92.075238	 92.023828	 91.973211	 91.923383	 91.874341	 91.826081	 91.778599	 91.731892	 91.685955	 91.640783	 91.596373	 91.552719	 91.509816	 91.467659	 91.426242	 91.385561	 91.345609	 91.306381	  91.26787	 91.230071	 91.192977	 91.156581	 91.120879	 91.085861	 91.051523	 91.017857	 90.984856	 90.952513	 90.920821	 90.889773	 90.859362	 90.829579	 90.800419	 90.771873	 90.743934	 90.716594	 90.689846	 90.663682	 90.638094	 90.613075	 90.588617	 90.564713	 90.541354	 90.518533	 90.496242	 90.474474	 90.453221	 90.432475	 90.412228	 90.392473	 90.373203	 90.354409	 90.336084	 90.318222	 90.300813	 90.283852	  90.26733	  90.25124	 90.235575	 90.220329	 90.205493	 90.191062	 90.177027	 90.163383	 90.150122	 90.137238	 90.124724	 90.112574	 90.100781	  90.08934	 90.078243	 90.067485	  90.05706	 90.046961	 90.037184	 90.027723	 90.018571	 90.009724	 90.001177	 89.992923	 89.984958	 89.977278	 89.969877	  89.96275	 89.955893	 89.949302	 89.942972	   89.9369	  89.93108	  89.92551	 89.920184	 89.915101	 89.910256	 89.905646	 89.901268	 89.897118	 89.893194	 89.889493	 89.886012	 89.882749	 89.879701	 89.876867	 89.874244	  89.87183	 89.869623	 89.867622	 89.865826	 89.864232	  89.86284	 89.861649	 89.860658	 89.859866	 89.859273	 89.858877	  89.85868	
        99	 98.891615	 98.783249	 98.674923	 98.566655	 98.458465	 98.350373	 98.242398	 98.134559	 98.026875	 97.919366	 97.812051	 97.704949	 97.598078	 97.491457	 97.385106	 97.279041	 97.173283	 97.067848	 96.962755	 96.858022	 96.753666	 96.649704	 96.546154	 96.443033	 96.340358	 96.238144	 96.136409	 96.035167	 95.934436	 95.834231	 95.734566	 95.635457	 95.536919	 95.438966	 95.341611	 95.244869	 95.148753	 95.053277	 94.958453	 94.864294	 94.770812	 94.678018	 94.585925	 94.494544	 94.403885	 94.313959	 94.224777	 94.136347	  94.04868	 93.961784	 93.875668	 93.790342	 93.705812	 93.622086	 93.539172	 93.457077	 93.375807	 93.295369	 93.215768	 93.137009	 93.059099	 92.982042	 92.905842	 92.830503	 92.756029	 92.682423	 92.609689	 92.537829	 92.466846	 92.396741	 92.327516	 92.259172	  92.19171	 92.125132	 92.059437	 91.994625	 91.930696	  91.86765	 91.805485	 91.744201	 91.683795	 91.624266	 91.565612	 91.507831	  91.45092	 91.394875	 91.339694	 91.285374	  91.23191	 91.179299	 91.127537	 91.076618	  91.02654	 90.977296	 90.928881	 90.881291	  90.83452	 90.788562	 90.743412	 90.699063	 90.655509	 90.612744	 90.570761	 90.529554	 90.489116	 90.449439	 90.410517	 90.372343	 90.334909	 90.298208	 90.262231	 90.226973	 90.192423	 90.158576	 90.125423	 90.092956	 90.061166	 90.030046	 89.999588	 89.969783	 89.940624	 89.912101	 89.884206	 89.856932	 89.830269	 89.804209	 89.778744	 89.753866	 89.729566	 89.705835	 89.682665	 89.660049	 89.637977	 89.616441	 89.595433	 89.574945	 89.554968	 89.535495	 89.516517	 89.498026	 89.480015	 89.462474	 89.445398	 89.428777	 89.412603	 89.396871	 89.381571	 89.366696	  89.35224	 89.338194	 89.324552	 89.311307	 89.298451	 89.285978	  89.27388	 89.262152	 89.250787	 89.239779	  89.22912	 89.218806	 89.208829	 89.199184	 89.189866	 89.180868	 89.172186	 89.163813	 89.155744	 89.147975	   89.1405	 89.133315	 89.126414	 89.119794	  89.11345	 89.107377	 89.101572	  89.09603	 89.090748	 89.085723	  89.08095	 89.076426	 89.072148	 89.068113	 89.064318	 89.060761	 89.057439	 89.054349	 89.051489	 89.048857	 89.046452	 89.044271	 89.042312	 89.040575	 89.039058	 89.037759	 89.036679	 89.035815	 89.035168	 89.034737	 89.034522	
        99	 98.882671	 98.765363	 98.648097	 98.530894	 98.413776	 98.296764	 98.179878	  98.06314	  97.94657	  97.83019	 97.714018	 97.598078	 97.482388	 97.366969	 97.251841	 97.137024	 97.022538	 96.908402	 96.794637	 96.681261	 96.568293	 96.455752	 96.343657	 96.232026	 96.120877	 96.010229	 95.900098	 95.790502	 95.681459	 95.572984	 95.465095	 95.357807	 95.251137	   95.1451	 95.039712	 94.934987	 94.830939	 94.727584	 94.624935	 94.523005	 94.421809	 94.321358	 94.221665	 94.122743	 94.024603	 93.927256	 93.830714	 93.734986	 93.640085	 93.546018	 93.452796	 93.360428	 93.268922	 93.178288	 93.088531	 92.999662	 92.911685	 92.824609	 92.738439	 92.653181	 92.568842	 92.485425	 92.402937	 92.321381	 92.240761	 92.161082	 92.082345	 92.004555	 91.927714	 91.851824	 91.776886	 91.702902	 91.629874	 91.557801	 91.486685	 91.416524	  91.34732	 91.279071	 91.211776	 91.145434	 91.080044	 91.015603	 90.952109	 90.889559	 90.827951	 90.767281	 90.707547	 90.648744	 90.590868	 90.533916	 90.477882	 90.422761	  90.36855	 90.315242	 90.262833	 90.211315	 90.160685	 90.110934	 90.062058	 90.014049	 89.966901	 89.920607	  89.87516	 89.830552	 89.786777	 89.743826	 89.701692	 89.660368	 89.619845	 89.580114	 89.541169	 89.503001	 89.465601	  89.42896	 89.393071	 89.357925	 89.323512	 89.289824	 89.256852	 89.224588	 89.193022	 89.162145	 89.131948	 89.102423	  89.07356	  89.04535	 89.017784	 88.990852	 88.964547	 88.938858	 88.913776	 88.889293	   88.8654	 88.842087	 88.819345	 88.797166	 88.775541	 88.754461	 88.733917	   88.7139	 88.694402	 88.675414	 88.656928	 88.638936	 88.621428	 88.604397	 88.587835	 88.571733	 88.556083	 88.540878	 88.526111	 88.511772	 88.497855	 88.484353	 88.471257	 88.458561	 88.446258	 88.434341	 88.422803	 88.411638	 88.400838	 88.390397	  88.38031	  88.37057	  88.36117	 88.352107	 88.343372	 88.334962	  88.32687	 88.319092	 88.311622	 88.304455	 88.297587	 88.291014	 88.284729	  88.27873	 88.273013	 88.267572	 88.262405	 88.257508	 88.252877	  88.24851	 88.244402	 88.240551	 88.236954	 88.233609	 88.230514	 88.227665	 88.225061	 88.222699	 88.220579	 88.218699	 88.217056	 88.215651	 88.214481	 88.213547	 88.212846	  88.21238	 88.212146	
        99	 98.873747	 98.747518	 98.621333	 98.495217	 98.369192	 98.243281	 98.117506	 97.991889	 97.866454	 97.741222	 97.616216	 97.491457	 97.366969	 97.242772	 97.118888	 96.995339	 96.872146	  96.74933	 96.626912	 96.504913	 96.383354	 96.262254	 96.141634	 96.021513	 95.901911	 95.782847	 95.664341	  95.54641	 95.429073	 95.312349	 95.196254	 95.080807	 94.966025	 94.851923	  94.73852	  94.62583	 94.513869	 94.402654	 94.292198	 94.182516	 94.073623	 93.965533	 93.858258	 93.751812	 93.646208	 93.541458	 93.437573	 93.334566	 93.232447	 93.131226	 93.030914	 92.931521	 92.833056	 92.735528	 92.638946	 92.543317	  92.44865	 92.354951	 92.262228	 92.170486	 92.079732	 91.989972	  91.90121	 91.813451	   91.7267	 91.640961	 91.556236	  91.47253	 91.389845	 91.308183	 91.227546	 91.147936	 91.069353	 90.991799	 90.915274	 90.839778	  90.76531	 90.691871	 90.619458	 90.548071	 90.477707	 90.408365	 90.340042	 90.272735	 90.206441	 90.141158	  90.07688	 90.013605	 89.951328	 89.890044	 89.829748	 89.770436	 89.712102	  89.65474	 89.598344	 89.542909	 89.488428	 89.434894	   89.3823	  89.33064	 89.279906	 89.230091	 89.181188	 89.133187	 89.086083	 89.039866	 88.994527	  88.95006	 88.906455	 88.863703	 88.821796	 88.780725	  88.74048	 88.701053	 88.662435	 88.624615	 88.587585	 88.551335	 88.515856	 88.481138	 88.447171	 88.413946	 88.381453	 88.349682	 88.318624	 88.288268	 88.258605	 88.229626	  88.20132	 88.173677	 88.146688	 88.120343	 88.094632	 88.069546	 88.045075	  88.02121	  87.99794	 87.975256	  87.95315	 87.931611	  87.91063	 87.890198	 87.870306	 87.850945	 87.832106	 87.813779	 87.795957	 87.778631	 87.761791	  87.74543	 87.729539	  87.71411	 87.699135	 87.684605	 87.670514	 87.656853	 87.643614	 87.630791	 87.618375	  87.60636	 87.594739	 87.583504	  87.57265	 87.562169	 87.552055	 87.542302	 87.532903	 87.523853	 87.515146	 87.506776	 87.498738	 87.491026	 87.483636	 87.476562	   87.4698	 87.463345	 87.457192	 87.451338	 87.445778	 87.440509	 87.435526	 87.430826	 87.426405	 87.422262	 87.418392	 87.414792	 87.411461	 87.408396	 87.405593	 87.403053	 87.400771	 87.398748	  87.39698	 87.395468	 87.394209	 87.393204	  87.39245	 87.391948	 87.391697	
        99	 98.864847	 98.729718	 98.594638	  98.45963	 98.324721	 98.189932	  98.05529	 97.920818	 97.786539	 97.652479	 97.518659	 97.385106	 97.251841	 97.118888	  96.98627	 96.854011	 96.722133	 96.590659	 96.459611	 96.329011	 96.198882	 96.069244	  95.94012	 95.811531	 95.683497	  95.55604	 95.429178	 95.302933	 95.177325	 95.052371	 94.928092	 94.804506	 94.681631	 94.559486	 94.438087	 94.317453	 94.197599	 94.078543	   93.9603	 93.842886	 93.726316	 93.610605	 93.495768	 93.381818	 93.268768	 93.156633	 93.045425	 92.935155	 92.825837	  92.71748	 92.610096	 92.503696	  92.39829	 92.293886	 92.190495	 92.088124	 91.986783	 91.886478	 91.787218	 91.689008	 91.591857	 91.495768	 91.400748	 91.306803	 91.213936	 91.122152	 91.031455	 90.941847	 90.853333	 90.765913	 90.679591	 90.594369	 90.510246	 90.427224	 90.345304	 90.264486	 90.184768	 90.106151	 90.028634	 89.952213	 89.876889	 89.802658	 89.729519	 89.657467	   89.5865	 89.516614	 89.447805	 89.380069	 89.313401	 89.247796	  89.18325	 89.119756	 89.057309	 88.995903	 88.935532	 88.876188	 88.817866	 88.760558	 88.704257	 88.648954	 88.594644	 88.541317	 88.488966	 88.437582	 88.387156	 88.337681	 88.289146	 88.241544	 88.194865	 88.149099	 88.104237	 88.060271	 88.017189	 87.974982	 87.933641	 87.893155	 87.853515	 87.814709	 87.776729	 87.739563	 87.703201	 87.667634	  87.63285	 87.598839	 87.565592	 87.533096	 87.501342	 87.470319	 87.440017	 87.410426	 87.381534	 87.353332	 87.325809	 87.298954	 87.272758	  87.24721	 87.222299	 87.198017	 87.174352	 87.151294	 87.128834	 87.106962	 87.085668	 87.064942	 87.044774	 87.025156	 87.006077	 86.987529	 86.969503	 86.951988	 86.934977	  86.91846	 86.902429	 86.886875	  86.87179	 86.857166	 86.842994	 86.829266	 86.815976	 86.803114	 86.790673	 86.778647	 86.767027	 86.755807	  86.74498	 86.734539	 86.724478	  86.71479	 86.705469	 86.696509	 86.687904	 86.679649	 86.671738	 86.664165	 86.656926	 86.650016	  86.64343	 86.637163	 86.631211	  86.62557	 86.620235	 86.615204	 86.610472	 86.606037	 86.601894	 86.598041	 86.594474	 86.591193	 86.588193	 86.585473	 86.583031	 86.580865	 86.578973	 86.577354	 86.576006	  86.57493	 86.574123	 86.573585	 86.573317	
        99	  98.85597	 98.711966	 98.568014	  98.42414	 98.280369	 98.136728	 97.993243	 97.849938	 97.706841	 97.563975	 97.421367	 97.279041	 97.137024	 96.995339	 96.854011	 96.713065	 96.572526	 96.432416	 96.292761	 96.153584	 96.014908	 95.876756	 95.739151	 95.602117	 95.465674	 95.329845	 95.194651	 95.060115	 94.926256	 94.793096	 94.660654	 94.528951	 94.398006	 94.267838	 94.138467	 94.009909	 93.882184	 93.755308	 93.629299	 93.504173	 93.379947	 93.256637	 93.134257	 93.012823	 92.892349	 92.772848	 92.654336	 92.536824	 92.420325	 92.304852	 92.190416	 92.077027	 91.964698	 91.853437	 91.743255	 91.634161	 91.526164	 91.419271	 91.313491	 91.208832	 91.105299	   91.0029	 90.901639	 90.801524	 90.702557	 90.604745	 90.508091	 90.412598	  90.31827	 90.225109	 90.133118	 90.042297	  89.95265	 89.864175	 89.776875	 89.690748	 89.605795	 89.522015	 89.439406	 89.357966	 89.277695	 89.198589	 89.120645	 89.043861	 88.968233	 88.893757	 88.820429	 88.748244	 88.677197	 88.607284	 88.538498	 88.470834	 88.404286	 88.338847	  88.27451	 88.211269	 88.149116	 88.088044	 88.028045	 87.969111	 87.911233	 87.854404	 87.798614	 87.743855	 87.690118	 87.637393	 87.585671	 87.534942	 87.485197	 87.436426	 87.388618	 87.341763	 87.295852	 87.250873	 87.206817	 87.163672	 87.121428	 87.080073	 87.039598	 86.999992	 86.961242	 86.923339	  86.88627	 86.850026	 86.814594	 86.779964	 86.746125	 86.713065	 86.680773	 86.649237	 86.618448	 86.588394	 86.559063	 86.530444	 86.502528	 86.475302	 86.448755	 86.422878	 86.397658	 86.373086	 86.349151	 86.325842	  86.30315	 86.281062	  86.25957	 86.238664	 86.218332	 86.198566	 86.179355	  86.16069	 86.142561	  86.12496	 86.107876	 86.091301	 86.075225	  86.05964	 86.044537	 86.029908	 86.015744	 86.002038	  85.98878	 85.975964	 85.963581	 85.951624	 85.940086	 85.928959	 85.918237	 85.907913	  85.89798	 85.888431	 85.879261	 85.870464	 85.862033	 85.853963	 85.846249	 85.838885	 85.831866	 85.825187	 85.818845	 85.812833	 85.807148	 85.801787	 85.796744	 85.792017	 85.787602	 85.783496	 85.779695	 85.776198	 85.773001	 85.770103	   85.7675	 85.765192	 85.763176	  85.76145	 85.760014	 85.758867	 85.758007	 85.757434	 85.757148	
        99	 98.847119	 98.694265	 98.541467	 98.388751	 98.236145	 98.083677	 97.931374	 97.779263	 97.627372	 97.475727	 97.324355	 97.173283	 97.022538	 96.872146	 96.722133	 96.572526	 96.423349	  96.27463	 96.126392	 95.978662	 95.831464	 95.684822	 95.538762	 95.393306	 95.248478	 95.104302	   94.9608	 94.817996	 94.675911	 94.534568	 94.393987	 94.254191	 94.115199	 93.977032	  93.83971	 93.703252	 93.567677	 93.433004	 93.299252	 93.166437	 93.034577	 92.903688	 92.773788	 92.644891	 92.517013	  92.39017	 92.264374	 92.139641	 92.015983	 91.893413	 91.771944	 91.651588	 91.532355	 91.414257	 91.297304	 91.181506	 91.066872	 90.953411	  90.84113	 90.730039	 90.620144	 90.511452	 90.403969	   90.2977	 90.192652	 90.088829	 89.986235	 89.884874	 89.784749	 89.685863	 89.588219	 89.491817	 89.396661	 89.302749	 89.210084	 89.118665	 89.028491	 88.939562	 88.851876	 88.765432	 88.680227	  88.59626	 88.513527	 88.432024	 88.351748	 88.272695	 88.194861	  88.11824	 88.042827	 87.968617	 87.895605	 87.823783	 87.753145	 87.683684	 87.615394	 87.548267	 87.482294	 87.417469	 87.353783	 87.291227	 87.229793	 87.169471	 87.110253	 87.052129	 86.995089	 86.939124	 86.884223	 86.830377	 86.777575	 86.725806	  86.67506	 86.625327	 86.576594	 86.528851	 86.482087	 86.436291	 86.391451	 86.347555	 86.304593	 86.262552	 86.221421	 86.181188	 86.141842	  86.10337	 86.065761	 86.029003	 85.993084	 85.957992	 85.923716	 85.890243	 85.857561	  85.82566	 85.794527	  85.76415	 85.734517	 85.705618	  85.67744	 85.649972	 85.623203	 85.597121	 85.571715	 85.546974	 85.522887	 85.499442	 85.476629	 85.454438	 85.432857	 85.411876	 85.391484	 85.371672	  85.35243	 85.333747	 85.315613	 85.298019	 85.280955	 85.264413	 85.248382	 85.232854	 85.217819	  85.20327	 85.189198	 85.175594	  85.16245	 85.149759	 85.137511	 85.125701	  85.11432	 85.103361	 85.092818	 85.082683	 85.072949	 85.063611	 85.054662	 85.046096	 85.037908	 85.030091	 85.022641	 85.015552	 85.008819	 85.002438	 84.996404	 84.990713	 84.985361	 84.980343	 84.975657	 84.971298	 84.967264	 84.963552	 84.960159	 84.957082	  84.95432	  84.95187	 84.949729	 84.947898	 84.946374	 84.945156	 84.944244	 84.943635	 84.943332	
