Time step 48:
        99	        99	        99	        99	        99	        99	        99	        99	        99	        99	        99	        99	        99	        99	        99	        99	        99	        99	        99	        99	        99	        99	        99	        99	        99	        99	        99	        99	        99	        99	        99	        99	        99	        99	        99	        99	        99	        99	        99	        99	        99	        99	        99	        99	        99	        99	        99	        99	        99	        99	        99	        99	        99	        99	        99	        99	        99	        99	        99	        99	        99	        99	        99	        99	        99	        99	        99	        99	        99	        99	        99	        99	        99	        99	        99	        99	        99	        99	        99	        99	        99	        99	        99	        99	        99	        99	        99	        99	        99	        99	        99	        99	        99	        99	        99	        99	        99	        99	        99	        99	        99	        99	        99	        99	        99	        99	        99	        99	        99	        99	        99	        99	        99	        99	        99	        99	        99	        99	        99	        99	        99	        99	        99	        99	        99	        99	        99	        99	        99	        99	        99	        99	        99	        99	        99	        99	        99	        99	        99	        99	        99	        99	        99	        99	        99	        99	        99	        99	        99	        99	        99	        99	        99	        99	        99	        99	        99	        99	        99	        99	        99	        99	        99	        99	        99	        99	        99	        99	        99	        99	        99	        99	        99	        99	        99	        99	        99	        99	        99	        99	        99	        99	        99	        99	        99	        99	        99	        99	        99	        99	        99	        99	        99	        99	        99	        99	        99	        99	        99	        99	
        99	 98.986772	 98.973547	 98.960329	 98.947122	 98.933928	 98.920752	 98.907597	 98.894466	 98.881362	  98.86829	 98.855252	 98.842251	 98.829292	 98.816376	 98.803508	 98.790691	 98.777928	 98.765222	 98.752575	 98.739992	 98.727475	 98.715026	  98.70265	 98.690348	 98.678124	 98.665979	 98.653918	 98.641942	 98.630053	 98.618255	  98.60655	  98.59494	 98.583427	 98.572014	 98.560702	 98.549495	 98.538392	 98.527397	 98.516512	 98.505738	 98.495076	 98.484529	 98.474097	 98.463783	 98.453588	 98.443513	 98.433559	 98.423727	 98.414018	 98.404434	 98.394975	 98.385642	 98.376436	 98.367358	 98.358407	 98.349585	 98.340892	 98.332328	 98.323894	  98.31559	 98.307416	 98.299372	 98.291459	 98.283675	 98.276021	 98.268497	 98.261102	 98.253837	   98.2467	 98.239692	 98.232812	 98.226059	 98.219432	 98.212932	 98.206557	 98.200307	  98.19418	 98.188176	 98.182294	 98.176533	 98.170892	  98.16537	 98.159965	 98.154678	 98.149506	 98.144448	 98.139503	 98.134671	 98.129949	 98.125336	 98.120831	 98.116432	 98.112139	  98.10795	 98.103863	 98.099876	  98.09599	 98.092201	 98.088508	 98.084911	 98.081406	 98.077994	 98.074672	 98.071439	 98.068293	 98.065233	 98.062257	 98.059363	 98.056551	 98.053818	 98.051163	 98.048585	 98.046081	 98.043651	 98.041292	 98.039004	 98.036785	 98.034633	 98.032547	 98.030525	 98.028566	 98.026668	  98.02483	 98.023051	 98.021329	 98.019663	 98.018051	 98.016493	 98.014985	 98.013529	 98.012121	 98.010761	 98.009448	  98.00818	 98.006956	 98.005775	 98.004635	 98.003536	 98.002476	 98.001455	 98.000471	 97.999522	 97.998609	  97.99773	 97.996883	 97.996069	 97.995285	 97.994532	 97.993808	 97.993111	 97.992443	   97.9918	 97.991183	 97.990592	 97.990024	 97.989479	 97.988957	 97.988456	 97.987977	 97.987518	 97.987078	 97.986658	 97.986256	 97.985871	 97.985504	 97.985154	 97.984819	   97.9845	 97.984196	 97.983907	 97.983631	 97.983369	 97.983121	 97.982885	 97.982661	 97.982449	 97.982249	  97.98206	 97.981882	 97.981714	 97.981556	 97.981409	 97.981271	 97.981143	 97.981023	 97.980913	 97.980811	 97.980718	 97.980634	 97.980557	 97.980489	 97.980428	 97.980376	 97.980331	 97.980294	 97.980264	 97.980241	 97.980227	 97.980219	
        99	 98.973547	 98.947101	 98.920669	 98.894258	 98.867874	 98.841526	 98.815218	  98.78896	 98.762756	 98.736614	 98.710541	 98.684544	 98.658628	 98.632801	 98.607068	 98.581438	 98.555914	 98.530505	 98.505215	 98.480052	 98.455021	 98.430128	 98.405378	 98.380777	 98.356332	 98.332046	 98.307927	 98.283977	 98.260204	 98.236611	 98.213204	 98.189987	 98.166964	 98.144141	 98.121521	 98.099108	 98.076906	 98.054919	 98.033151	 98.011605	 97.990285	 97.969193	 97.948333	 97.927708	  97.90732	 97.887172	 97.867266	 97.847605	 97.828191	 97.809025	  97.79011	 97.771446	 97.753037	 97.734882	 97.716983	 97.699341	 97.681958	 97.664833	 97.647967	 97.631361	 97.615015	 97.598929	 97.583103	 97.567538	 97.552232	 97.537186	 97.522399	  97.50787	 97.493599	 97.479584	 97.465825	 97.452321	  97.43907	 97.426071	 97.413323	 97.400823	 97.388571	 97.376565	 97.364803	 97.353282	 97.342002	 97.330959	 97.320152	 97.309578	 97.299235	 97.289121	 97.279233	 97.269569	 97.260126	 97.250902	 97.241893	 97.233097	 97.224512	 97.216134	 97.207961	  97.19999	 97.192217	  97.18464	 97.177256	 97.170062	 97.163054	 97.156231	 97.149588	 97.143122	 97.136831	 97.130712	  97.12476	 97.118974	  97.11335	 97.107885	 97.102576	  97.09742	 97.092413	 97.087553	 97.082837	 97.078261	 97.073823	  97.06952	 97.065348	 97.061304	 97.057387	 97.053592	 97.049917	 97.046359	 97.042916	 97.039584	 97.036361	 97.033244	  97.03023	 97.027317	 97.024502	 97.021783	 97.019156	 97.016621	 97.014173	 97.011811	 97.009532	 97.007334	 97.005215	 97.003172	 97.001204	 96.999308	 96.997481	 96.995723	  96.99403	 96.992402	 96.990835	 96.989328	  96.98788	 96.986488	  96.98515	 96.983866	 96.982632	 96.981449	 96.980313	 96.979224	 96.978179	 96.977178	  96.97622	 96.975302	 96.974423	 96.973582	 96.972778	 96.972009	 96.971275	 96.970574	 96.969905	 96.969267	  96.96866	 96.968081	  96.96753	 96.967006	 96.966509	 96.966037	  96.96559	 96.965166	 96.964766	 96.964388	 96.964031	 96.963696	 96.963381	 96.963086	  96.96281	 96.962553	 96.962315	 96.962094	 96.961891	 96.961705	 96.961536	 96.961383	 96.961246	 96.961125	  96.96102	  96.96093	 96.960855	 96.960796	 96.960751	 96.960722	 96.960707	
        99	 98.960329	 98.920669	  98.88103	 98.841421	 98.801855	  98.76234	 98.722888	 98.683509	 98.644212	 98.605008	 98.565907	 98.526919	 98.488054	 98.449322	 98.410732	 98.372294	 98.334017	 98.295912	 98.257986	 98.220249	  98.18271	 98.145379	 98.108262	  98.07137	 98.034709	 97.998289	 97.962117	 97.926202	 97.890549	 97.855168	 97.820065	 97.785247	  97.75072	 97.716493	  97.68257	 97.648957	 97.615662	 97.582689	 97.550044	 97.517733	 97.485759	 97.454128	 97.422845	 97.391914	 97.361339	 97.331124	 97.301272	 97.271787	 97.242671	 97.213929	 97.185562	 97.157573	 97.129965	 97.102739	 97.075896	 97.049439	  97.02337	 96.997688	 96.972395	 96.947491	 96.922977	 96.898854	 96.875121	 96.851778	 96.828824	  96.80626	 96.784084	 96.762296	 96.740894	 96.719876	 96.699242	  96.67899	 96.659118	 96.639624	 96.620506	 96.601761	 96.583387	 96.565381	 96.547742	 96.530465	 96.513547	 96.496987	 96.480779	 96.464922	 96.449412	 96.434244	 96.419415	 96.404922	 96.390761	 96.376927	 96.363417	 96.350227	 96.337352	 96.324788	 96.312531	 96.300576	  96.28892	 96.277557	 96.266483	 96.255694	 96.245185	 96.234952	  96.22499	 96.215293	 96.205859	 96.196682	 96.187757	  96.17908	 96.170645	  96.16245	 96.154488	 96.146755	 96.139247	 96.131959	 96.124886	 96.118024	 96.111368	 96.104914	 96.098657	 96.092594	 96.086719	 96.081028	 96.075517	 96.070181	 96.065017	  96.06002	 96.055187	 96.050512	 96.045992	 96.041624	 96.037402	 96.033324	 96.029386	 96.025583	 96.021912	  96.01837	 96.014952	 96.011656	 96.008478	 96.005415	 96.002463	 95.999619	  95.99688	 95.994243	 95.991705	 95.989262	 95.986913	 95.984653	 95.982481	 95.980393	 95.978388	 95.976461	 95.974612	 95.972836	 95.971133	   95.9695	 95.967934	 95.966433	 95.964995	 95.963618	   95.9623	 95.961039	 95.959833	 95.958681	  95.95758	 95.956528	 95.955525	 95.954569	 95.953657	 95.952789	 95.951963	 95.951178	 95.950432	 95.949724	 95.949053	 95.948418	 95.947817	  95.94725	 95.946716	 95.946213	 95.945741	 95.945298	 95.944885	   95.9445	 95.944142	 95.943811	 95.943506	 95.943227	 95.942973	 95.942744	 95.942539	 95.942358	   95.9422	 95.942065	 95.941953	 95.941864	 95.941797	 95.941753	  95.94173	
        99	 98.947122	 98.894258	 98.841421	 98.788627	 98.735888	 98.683218	 98.630631	 98.578141	 98.525761	 98.473506	 98.421387	 98.369419	 98.317615	 98.265988	  98.21455	 98.163315	 98.112295	 98.061503	 98.010951	 97.960651	 97.910615	 97.860854	 97.811381	 97.762206	  97.71334	 97.664795	 97.616581	 97.568708	 97.521186	 97.474026	 97.427236	 97.380826	 97.334805	 97.289182	 97.243965	 97.199162	 97.154782	 97.110832	 97.067319	  97.02425	 96.981631	  96.93947	 96.897772	 96.856543	 96.815789	 96.775514	 96.735724	 96.696422	 96.657614	 96.619302	 96.581492	 96.544185	 96.507385	 96.471094	 96.435315	  96.40005	 96.365301	 96.331069	 96.297355	 96.264161	 96.231486	 96.199331	 96.167697	 96.136582	 96.105987	 96.075911	 96.046352	 96.017309	 95.988782	 95.960767	 95.933264	  95.90627	 95.879782	 95.853797	 95.828314	 95.803329	 95.778838	 95.754838	 95.731325	 95.708296	 95.685747	 95.663673	  95.64207	 95.620933	 95.600258	 95.580041	 95.560276	 95.540958	 95.522082	 95.503642	 95.485635	 95.468053	 95.450891	 95.434144	 95.417807	 95.401872	 95.386335	 95.371189	 95.356429	 95.342048	  95.32804	   95.3144	 95.301121	 95.288197	 95.275622	 95.263389	 95.251492	 95.239926	 95.228684	  95.21776	 95.207147	  95.19684	 95.186832	 95.177118	  95.16769	 95.158543	 95.149672	 95.141069	  95.13273	 95.124647	 95.116816	 95.109231	 95.101885	 95.094773	  95.08789	  95.08123	 95.074787	 95.068556	 95.062531	 95.056708	 95.051082	 95.045646	 95.040396	 95.035327	 95.030434	 95.025712	 95.021157	 95.016764	 95.012528	 95.008445	  95.00451	 95.000719	 94.997068	 94.993553	  94.99017	 94.986914	 94.983782	 94.980771	 94.977875	 94.975093	 94.972419	 94.969851	 94.967386	  94.96502	  94.96275	 94.960572	 94.958485	 94.956484	 94.954568	 94.952732	 94.950976	 94.949295	 94.947688	 94.946151	 94.944684	 94.943282	 94.941945	  94.94067	 94.939455	 94.938298	 94.937197	 94.936151	 94.935156	 94.934213	 94.933319	 94.932472	 94.931671	 94.930916	 94.930203	 94.929533	 94.928903	 94.928314	 94.927763	 94.927249	 94.926772	 94.926331	 94.925925	 94.925553	 94.925215	 94.924909	 94.924636	 94.924394	 94.924184	 94.924004	 94.923855	 94.923736	 94.923647	 94.923588	 94.923558	
        99	 98.933928	 98.867874	 98.801855	 98.735888	  98.66999	 98.604178	 98.538471	 98.472884	 98.407435	 98.342141	 98.277019	 98.212085	 98.147355	 98.082846	 98.018575	 97.954556	 97.890807	 97.827342	 97.764176	 97.701326	 97.638805	 97.576629	 97.514812	 97.453367	  97.39231	 97.331652	 97.271408	  97.21159	 97.152211	 97.093284	  97.03482	  96.97683	 96.919327	  96.86232	 96.805821	  96.74984	 96.694387	 96.639471	 96.585101	 96.531286	 96.478034	 96.425353	 96.373251	 96.321736	 96.270813	 96.220489	  96.17077	 96.121663	 96.073172	 96.025301	 95.978056	 95.931441	 95.885459	 95.840114	 95.795408	 95.751344	 95.707925	 95.665152	 95.623026	 95.581549	 95.540722	 95.500544	 95.461017	 95.422139	  95.38391	 95.346329	 95.309395	 95.273107	 95.237461	 95.202457	 95.168091	 95.134362	 95.101265	 95.068797	 95.036956	 95.005736	 94.975134	 94.945146	 94.915767	 94.886992	 94.858817	 94.831235	 94.804242	 94.777832	 94.751998	 94.726737	  94.70204	 94.677902	 94.654316	 94.631276	 94.608775	 94.586806	 94.565363	 94.544438	 94.524024	 94.504113	 94.484699	 94.465775	 94.447331	 94.429362	  94.41186	 94.394816	 94.378224	 94.362075	 94.346362	 94.331077	 94.316213	 94.301761	 94.287714	 94.274064	 94.260803	 94.247924	 94.235419	 94.223281	 94.211501	 94.200072	 94.188987	 94.178238	 94.167818	 94.157719	 94.147934	 94.138456	 94.129277	 94.120391	  94.11179	 94.103468	 94.095418	 94.087632	 94.080105	 94.072829	 94.065798	 94.059006	 94.052446	 94.046112	 94.039998	 94.034099	 94.028407	 94.022918	 94.017625	 94.012523	 94.007606	  94.00287	 93.998308	 93.993916	 93.989688	  93.98562	 93.981707	 93.977944	 93.974326	 93.970849	 93.967509	   93.9643	  93.96122	 93.958263	 93.955427	 93.952706	 93.950098	 93.947598	 93.945203	  93.94291	 93.940715	 93.938615	 93.936606	 93.934687	 93.932853	 93.931102	 93.929432	 93.927838	  93.92632	 93.924875	 93.923499	 93.922191	 93.920949	  93.91977	 93.918652	 93.917594	 93.916594	  93.91565	  93.91476	 93.913922	 93.913135	 93.912399	  93.91171	 93.911068	 93.910473	 93.909922	 93.909414	  93.90895	 93.908527	 93.908145	 93.907803	 93.907501	 93.907238	 93.907014	 93.906827	 93.906679	 93.906567	 93.906493	 93.906456	
        99	 98.920752	 98.841526	  98.76234	 98.683218	 98.604178	 98.525243	 98.446432	 98.367766	 98.289265	  98.21095	 98.132841	 98.054957	 97.977319	 97.899946	 97.822857	 97.746072	 97.669609	 97.593488	 97.517726	 97.442342	 97.367353	 97.292778	 97.218633	 97.144935	 97.071701	 96.998947	 96.926689	 96.854942	 96.783722	 96.713043	 96.642919	 96.573365	 96.504395	  96.43602	 96.368254	 96.301109	 96.234597	 96.168729	 96.103517	  96.03897	 95.975098	 95.911912	  95.84942	 95.787631	 95.726553	 95.666193	  95.60656	 95.547659	 95.489498	 95.432081	 95.375414	 95.319503	 95.264351	 95.209963	 95.156342	 95.103491	 95.051413	 95.000109	 94.949583	 94.899835	 94.850866	 94.802676	 94.755266	 94.708635	 94.662782	 94.617707	 94.573408	 94.529882	 94.487128	 94.445143	 94.403924	 94.363468	 94.323771	 94.284829	 94.246637	 94.209192	 94.172487	 94.136519	 94.101281	 94.066768	 94.032973	 93.999891	 93.967515	 93.935838	 93.904853	 93.874554	 93.844932	  93.81598	 93.787691	 93.760056	 93.733068	 93.706718	 93.680999	   93.6559	 93.631415	 93.607534	 93.584249	  93.56155	 93.539429	 93.517877	 93.496884	 93.476441	  93.45654	 93.437171	 93.418324	 93.399991	 93.382163	 93.364829	  93.34798	 93.331608	 93.315703	 93.300256	 93.285257	 93.270698	 93.256569	 93.242861	 93.229565	 93.216673	 93.204174	 93.192061	 93.180325	 93.168957	 93.157948	  93.14729	 93.136974	 93.126992	 93.117336	 93.107998	 93.098969	 93.090242	 93.081809	 93.073663	 93.065795	 93.058198	 93.050865	 93.043789	 93.036962	 93.030378	 93.024029	  93.01791	 93.012013	 93.006332	 93.000861	 92.995593	 92.990522	 92.985643	 92.980949	 92.976436	 92.972096	 92.967926	 92.963919	 92.960071	 92.956376	  92.95283	 92.949428	 92.946165	 92.943036	 92.940038	 92.937165	 92.934415	 92.931782	 92.929263	 92.926854	 92.924552	 92.922352	 92.920252	 92.918249	 92.916338	 92.914517	 92.912783	 92.911133	 92.909564	 92.908074	  92.90666	  92.90532	 92.904051	 92.902851	 92.901718	 92.900651	 92.899646	 92.898703	 92.897819	 92.896993	 92.896223	 92.895509	 92.894848	 92.894239	 92.893682	 92.893175	 92.892717	 92.892307	 92.891945	 92.891629	  92.89136	 92.891137	 92.890958	 92.890825	 92.890736	 92.890692	
        99	 98.907597	 98.815218	 98.722888	 98.630631	 98.538471	 98.446432	 98.354538	 98.262813	 98.171281	 98.079965	  97.98889	 97.898077	 97.807551	 97.717333	 97.627448	 97.537916	 97.448761	 97.360003	 97.271664	 97.183766	 97.096329	 97.009374	 96.922921	 96.836989	 96.751598	 96.666766	 96.582513	 96.498856	 96.415813	 96.333401	 96.251637	 96.170537	 96.090117	 96.010392	 95.931377	 95.853085	 95.775532	  95.69873	 95.622692	  95.54743	 95.472956	  95.39928	 95.326414	 95.254368	 95.183151	 95.112772	 95.043239	 94.974561	 94.906744	 94.839796	 94.773723	  94.70853	 94.644222	 94.580806	 94.518283	 94.456659	 94.395936	 94.336116	 94.277202	 94.219196	 94.162097	 94.105908	 94.050628	 93.996256	 93.942792	 93.890234	 93.838581	  93.78783	 93.737979	 93.689024	 93.640963	 93.593791	 93.547504	 93.502097	 93.457565	 93.413904	 93.371106	 93.329167	  93.28808	 93.247837	 93.208433	 93.169859	 93.132108	 93.095173	 93.059044	 93.023715	 92.989176	 92.955418	 92.922433	 92.890211	 92.858742	 92.828018	 92.798029	 92.768765	 92.740215	 92.712369	 92.685219	 92.658752	 92.632959	 92.607828	 92.583351	 92.559515	  92.53631	 92.513725	  92.49175	 92.470374	 92.449585	 92.429374	 92.409729	 92.390639	 92.372093	 92.354082	 92.336593	 92.319617	 92.303143	 92.287159	 92.271657	 92.256624	 92.242051	 92.227927	 92.214242	 92.200987	  92.18815	 92.175723	 92.163694	 92.152056	 92.140797	 92.129908	 92.119381	 92.109205	 92.099373	 92.089874	   92.0807	 92.071842	 92.063291	  92.05504	  92.04708	 92.039403	 92.032001	 92.024866	  92.01799	 92.011366	 92.004986	 91.998844	 91.992931	 91.987242	 91.981769	 91.976506	 91.971447	 91.966584	 91.961912	 91.957425	 91.953117	 91.948982	 91.945015	  91.94121	 91.937562	 91.934066	 91.930717	  91.92751	  91.92444	 91.921503	 91.918694	  91.91601	 91.913445	 91.910997	  91.90866	 91.906432	 91.904309	 91.902287	 91.900363	 91.898534	 91.896797	 91.895148	 91.893585	 91.892106	 91.890707	 91.889386	 91.888141	  91.88697	  91.88587	 91.884839	 91.883876	 91.882979	 91.882146	 91.881375	 91.880665	 91.880016	 91.879424	  91.87889	 91.878412	  91.87799	 91.877622	 91.877308	 91.877048	  91.87684	 91.876684	 91.876581	 91.876529	
        99	 98.894466	  98.78896	 98.683509	 98.578141	 98.472884	 98.367766	 98.262813	 98.158053	 98.053514	 97.949222	 97.845203	 97.741486	 97.638095	 97.535057	 97.432398	 97.330143	 97.228318	 97.126947	 97.026055	 96.925666	 96.825804	 96.726492	 96.627753	 96.529609	 96.432083	 96.335197	  96.23897	 96.143425	 96.048581	 95.954458	 95.861075	  95.76845	 95.676601	 95.585547	 95.495303	 95.405886	 95.317312	 95.229596	 95.142752	 95.056795	 94.971737	 94.887592	 94.804371	 94.722087	 94.640749	 94.560368	 94.480954	 94.402516	 94.325063	 94.248601	 94.173138	 94.098681	 94.025235	 93.952806	 93.881399	 93.811017	 93.741665	 93.673344	 93.606058	 93.539809	 93.474596	 93.410422	 93.347286	 93.285187	 93.224126	 93.164099	 93.105105	 93.047142	 92.990207	 92.934296	 92.879405	 92.825529	 92.772664	 92.720805	 92.669945	 92.620079	   92.5712	 92.523301	 92.476374	 92.430413	 92.385409	 92.341353	 92.298238	 92.256054	 92.214791	 92.174441	 92.134994	 92.096439	 92.058766	 92.021965	 91.986025	 91.950935	 91.916684	 91.883261	 91.850654	 91.818851	 91.787842	 91.757614	 91.728156	 91.699454	 91.671498	 91.644275	 91.617772	 91.591978	 91.566881	 91.542466	 91.518724	  91.49564	 91.473203	 91.451401	  91.43022	 91.409649	 91.389675	 91.370286	 91.351471	 91.333216	  91.31551	 91.298341	 91.281697	 91.265566	 91.249937	 91.234798	 91.220137	 91.205943	 91.192206	 91.178913	 91.166054	 91.153618	 91.141595	 91.129973	 91.118743	 91.107894	 91.097417	   91.0873	 91.077535	 91.068111	  91.05902	 91.050252	 91.041798	 91.033649	 91.025795	  91.01823	 91.010944	 91.003928	 90.997176	 90.990678	 90.984428	 90.978417	 90.972638	 90.967085	 90.961749	 90.956624	 90.951704	 90.946982	 90.942451	 90.938105	 90.933939	 90.929946	 90.926121	 90.922458	 90.918952	 90.915597	 90.912389	 90.909323	 90.906394	 90.903598	 90.900929	 90.898385	  90.89596	 90.893651	 90.891453	 90.889364	  90.88738	 90.885497	 90.883712	 90.882022	 90.880425	 90.878916	 90.877494	 90.876156	   90.8749	 90.873723	 90.872623	 90.871598	 90.870647	 90.869767	 90.868956	 90.868214	 90.867539	 90.866929	 90.866383	 90.865901	 90.865481	 90.865122	 90.864824	 90.864587	 90.864409	 90.864291	 90.864232	
        99	 98.881362	 98.762756	 98.644212	 98.525761	 98.407435	 98.289265	 98.171281	 98.053514	 97.935994	 97.818753	 97.701819	 97.585224	 97.468996	 97.353164	 97.237759	 97.122807	 97.008339	 96.894382	 96.780962	 96.668109	 96.555847	 96.444204	 96.333205	 96.222876	 96.113241	 96.004324	  95.89615	 95.788742	 95.682122	 95.576312	 95.471334	 95.367208	 95.263955	 95.161595	 95.060146	 94.959627	 94.860055	 94.761448	 94.663821	 94.567191	 94.471572	 94.376979	 94.283425	 94.190924	 94.099487	 94.009126	 93.919852	 93.831675	 93.744604	 93.658648	 93.573816	 93.490113	 93.407548	 93.326127	 93.245853	 93.166733	 93.088769	 93.011966	 92.936325	  92.86185	  92.78854	 92.716398	 92.645423	 92.575614	  92.50697	  92.43949	 92.373172	 92.308012	 92.244008	 92.181154	 92.119447	 92.058882	 91.999454	 91.941155	 91.883981	 91.827923	 91.772975	 91.719128	 91.666375	 91.614707	 91.564115	  91.51459	 91.466121	 91.418699	 91.372313	 91.326953	 91.282608	 91.239266	 91.196915	 91.155545	 91.115142	 91.075695	 91.037192	 90.999618	 90.962963	 90.927212	 90.892352	 90.858371	 90.825255	  90.79299	 90.761563	 90.730959	 90.701166	 90.672169	 90.643955	  90.61651	 90.589819	 90.563869	 90.538647	 90.514137	 90.490326	 90.467201	 90.444747	 90.422951	 90.401799	 90.381278	 90.361374	 90.342073	 90.323362	 90.305229	 90.287659	  90.27064	 90.254159	 90.238203	 90.222759	 90.207816	 90.193361	 90.179381	 90.165865	   90.1528	 90.140176	  90.12798	 90.116201	 90.104828	  90.09385	 90.083257	 90.073037	  90.06318	 90.053676	 90.044515	 90.035687	 90.027182	 90.018991	 90.011105	 90.003514	 89.996209	 89.989183	 89.982426	  89.97593	 89.969686	 89.963688	 89.957927	 89.952396	 89.947087	 89.941994	 89.937109	 89.932425	 89.927936	 89.923636	 89.919518	 89.915577	 89.911806	   89.9082	 89.904753	 89.901461	 89.898317	 89.895317	 89.892456	  89.88973	 89.887134	 89.884664	 89.882316	 89.880085	 89.877968	 89.875962	 89.874062	 89.872266	 89.870571	 89.868972	 89.867468	 89.866056	 89.864733	 89.863496	 89.862344	 89.861275	 89.860285	 89.859374	  89.85854	  89.85778	 89.857094	 89.856481	 89.855939	 89.855467	 89.855064	 89.854729	 89.854462	 89.854262	 89.854129	 89.854063	
        99	  98.86829	 98.736614	 98.605008	 98.473506	 98.342141	  98.21095	 98.079965	 97.949222	 97.818753	 97.688593	 97.558774	 97.429331	 97.300296	 97.171701	 97.043579	 96.915962	  96.78888	 96.662366	 96.536449	  96.41116	 96.286529	 96.162584	 96.039354	 95.916867	 95.795152	 95.674234	 95.554141	 95.434897	 95.316528	 95.199059	 95.082514	 94.966915	 94.852285	 94.738645	 94.626018	 94.514423	 94.403879	 94.294406	 94.186022	 94.078745	  93.97259	 93.867574	 93.763712	 93.661018	 93.559505	 93.459188	 93.360076	 93.262183	 93.165518	 93.070091	 92.975911	 92.882985	 92.791323	 92.700929	  92.61181	 92.523972	 92.437417	 92.352151	 92.268176	 92.185494	 92.104107	 92.024015	 91.945219	 91.867718	 91.791511	 91.716596	  91.64297	  91.57063	 91.499573	 91.429793	 91.361287	 91.294049	 91.228072	 91.163349	 91.099875	  91.03764	 90.976637	 90.916857	 90.858292	 90.800931	 90.744764	 90.689781	 90.635972	 90.583324	 90.531827	 90.481469	 90.432237	 90.384119	 90.337102	 90.291173	 90.246319	 90.202525	 90.159779	 90.118066	 90.077371	 90.037681	  89.99898	 89.961255	 89.924489	 89.888669	 89.853779	 89.819803	 89.786727	 89.754535	 89.723212	 89.692743	 89.663111	 89.634302	   89.6063	 89.579089	 89.552655	 89.526982	 89.502054	 89.477856	 89.454374	 89.431591	 89.409493	 89.388066	 89.367294	 89.347162	 89.327656	 89.308762	 89.290465	  89.27275	 89.255605	 89.239016	 89.222967	 89.207447	 89.192442	 89.177937	 89.163922	 89.150382	 89.137305	 89.124679	 89.112492	 89.100731	 89.089385	 89.078442	 89.067891	 89.057721	  89.04792	 89.038478	 89.029384	 89.020629	 89.012202	 89.004092	 88.996292	  88.98879	 88.981578	 88.974647	 88.967987	 88.961592	 88.955451	 88.949557	 88.943903	 88.938479	 88.933279	 88.928296	 88.923522	 88.918951	 88.914575	 88.910389	 88.906385	 88.902559	 88.898903	 88.895413	 88.892083	 88.888907	  88.88588	 88.882998	 88.880256	 88.877649	 88.875172	 88.872822	 88.870595	 88.868486	 88.866492	 88.864609	 88.862835	 88.861165	 88.859597	 88.858128	 88.856756	 88.855477	 88.854289	  88.85319	 88.852179	 88.851253	  88.85041	 88.849648	 88.848967	 88.848365	 88.847841	 88.847394	 88.847022	 88.846726	 88.846504	 88.846356	 88.846283	
        99	 98.855252	 98.710541	 98.565907	 98.421387	 98.277019	 98.132841	  97.98889	 97.845203	 97.701819	 97.558774	 97.416105	 97.273848	  97.13204	 96.990715	  96.84991	  96.70966	 96.569998	  96.43096	 96.292578	 96.154887	 96.017918	 95.881703	 95.746275	 95.611663	 95.477899	 95.345011	  95.21303	 95.081982	 94.951896	 94.822798	 94.694716	 94.567673	 94.441696	 94.316807	  94.19303	 94.070388	 93.948902	 93.828592	 93.709479	 93.591582	 93.474919	 93.359507	 93.245363	 93.132503	 93.020942	 92.910694	 92.801771	 92.694187	 92.587953	  92.48308	 92.379576	 92.277452	 92.176716	 92.077374	 91.979433	 91.882899	 91.787777	  91.69407	 91.601782	 91.510915	 91.421472	 91.333451	 91.246855	 91.161682	 91.077931	   90.9956	 90.914685	 90.835185	 90.757093	 90.680407	 90.605119	 90.531224	 90.458716	 90.387587	 90.317829	 90.249433	 90.182392	 90.116694	 90.052331	 89.989292	 89.927565	 89.867139	 89.808003	 89.750144	  89.69355	 89.638206	 89.584101	  89.53122	 89.479548	 89.429073	 89.379778	 89.331649	 89.284671	 89.238829	 89.194106	 89.150487	 89.107955	 89.066495	  89.02609	 88.986724	  88.94838	 88.911041	 88.874691	 88.839312	 88.804888	 88.771403	 88.738838	 88.707177	 88.676403	 88.646498	 88.617447	 88.589232	 88.561837	 88.535244	 88.509437	 88.484399	 88.460114	 88.436565	 88.413737	 88.391612	 88.370175	 88.349411	 88.329302	 88.309835	 88.290992	  88.27276	 88.255123	 88.238067	 88.221576	 88.205636	 88.190233	 88.175353	 88.160982	 88.147106	 88.133712	 88.120787	 88.108318	 88.096291	 88.084696	 88.073519	 88.062747	 88.052371	 88.042377	 88.032755	 88.023494	 88.014582	 88.006009	 87.997764	 87.989838	 87.982221	 87.974903	 87.967874	 87.961125	 87.954648	 87.948434	 87.942473	 87.936759	 87.931282	 87.926036	 87.921012	 87.916203	 87.911602	 87.907202	 87.902997	  87.89898	 87.895144	 87.891484	 87.887994	 87.884668	   87.8815	 87.878486	 87.875621	   87.8729	 87.870317	 87.867869	 87.865551	  87.86336	 87.861291	 87.859341	 87.857506	 87.855783	 87.854168	  87.85266	 87.851254	 87.849949	 87.848742	  87.84763	 87.846612	 87.845686	 87.844849	 87.844101	 87.843439	 87.842863	 87.842371	 87.841963	 87.841637	 87.841393	 87.841231	  87.84115	
        99	 98.842251	 98.684544	 98.526919	 98.369419	 98.212085	 98.054957	 97.898077	 97.741486	 97.585224	 97.429331	 97.273848	 97.118814	 96.964269	 96.810252	   96.6568	 96.503953	 96.351748	 96.200222	 96.049412	 95.899354	 95.750083	 95.601635	 95.454043	 95.307341	 95.161563	  95.01674	 94.872904	 94.730086	 94.588317	 94.447624	 94.308038	 94.169585	 94.032293	 93.896188	 93.761294	 93.627637	 93.495239	 93.364124	 93.234313	 93.105827	 92.978685	 92.852908	 92.728512	 92.605516	 92.483935	 92.363785	  92.24508	 92.127833	 92.012058	 91.897765	 91.784965	 91.673669	 91.563885	 91.455621	 91.348883	 91.243679	 91.140014	  91.03789	 90.937314	 90.838286	 90.740809	 90.644883	 90.550509	 90.457686	 90.366413	 90.276687	 90.188506	 90.101865	  90.01676	 89.933185	 89.851136	 89.770604	 89.691584	 89.614066	 89.538042	 89.463504	 89.390441	 89.318843	 89.248699	 89.179998	 89.112727	 89.046875	 88.982427	 88.919371	 88.857694	  88.79738	 88.738415	 88.680784	 88.624472	 88.569463	 88.515741	  88.46329	 88.412093	 88.362133	 88.313393	 88.265856	 88.219504	 88.174321	 88.130287	 88.087385	 88.045597	 88.004904	 87.965289	 87.926733	 87.889218	 87.852725	 87.817235	  87.78273	 87.749192	 87.716602	 87.684942	 87.654193	 87.624337	 87.595355	  87.56723	 87.539944	 87.513478	 87.487814	 87.462935	 87.438823	 87.415461	 87.392831	 87.370917	 87.349701	 87.329166	 87.309297	 87.290076	 87.271487	 87.253515	 87.236144	 87.219357	 87.203141	 87.187479	 87.172357	  87.15776	 87.143674	 87.130085	 87.116979	 87.104341	  87.09216	 87.080422	 87.069113	 87.058222	 87.047736	 87.037642	  87.02793	 87.018587	 87.009602	 87.000964	 86.992663	 86.984687	 86.977027	 86.969672	 86.962614	 86.955841	 86.949345	 86.943117	 86.937149	 86.931431	 86.925956	 86.920715	 86.915701	 86.910906	 86.906323	 86.901945	 86.897765	 86.893776	 86.889973	 86.886348	 86.882896	 86.879611	 86.876489	 86.873523	 86.870708	  86.86804	 86.865515	 86.863126	 86.860872	 86.858746	 86.856746	 86.854868	 86.853109	 86.851465	 86.849933	 86.848511	 86.847195	 86.845984	 86.844874	 86.843865	 86.842953	 86.842137	 86.841416	 86.840788	 86.840252	 86.839807	 86.839452	 86.839187	  86.83901	 86.838922	
        99	 98.829292	 98.658628	 98.488054	 98.317615	 98.147355	 97.977319	 97.807551	 97.638095	 97.468996	 97.300296	  97.13204	 96.964269	 96.797028	 96.630357	 96.464299	 96.298896	 96.134186	 95.970212	 95.807012	 95.644626	 95.483093	 95.322448	 95.162731	 95.003978	 94.846223	 94.689503	 94.533851	   94.3793	 94.225883	 94.073633	 93.922579	 93.772752	 93.624181	 93.476894	 93.330918	 93.186281	 93.043006	  92.90112	 92.760644	 92.621602	 92.484016	 92.347906	 92.213291	  92.08019	  91.94862	 91.818599	 91.690142	 91.563264	 91.437977	 91.314295	 91.192228	 91.071789	 90.952985	 90.835827	 90.720321	 90.606474	 90.494292	 90.383779	 90.274939	 90.167776	 90.062291	 89.958485	 89.856358	 89.755909	 89.657138	 89.560041	 89.464615	 89.370856	 89.278759	 89.188319	 89.099529	 89.012381	 88.926869	 88.842983	 88.760714	 88.680052	 88.600987	 88.523507	   88.4476	 88.373255	 88.300458	 88.229195	 88.159453	 88.091217	 88.024473	 87.959204	 87.895395	 87.833029	 87.772091	 87.712563	 87.654427	 87.597667	 87.542264	 87.488199	 87.435455	 87.384013	 87.333854	 87.284958	 87.237307	  87.19088	 87.145659	 87.101624	 87.058754	 87.017031	 86.976433	 86.936942	 86.898537	 86.861197	 86.824904	 86.789637	 86.755375	   86.7221	 86.689792	 86.658429	 86.627994	 86.598465	 86.569825	 86.542053	  86.51513	 86.489037	 86.463756	 86.439267	 86.415552	 86.392593	 86.370372	  86.34887	  86.32807	 86.307954	 86.288506	 86.269707	 86.251542	 86.233993	 86.217044	  86.20068	 86.184884	 86.169641	 86.154935	 86.140752	 86.127077	 86.113895	 86.101192	 86.088955	 86.077169	 86.065821	 86.054898	 86.044388	 86.034277	 86.024554	 86.015207	 86.006224	 85.997593	 85.989303	 85.981344	 85.973706	 85.966376	 85.959347	 85.952608	 85.946149	 85.939962	 85.934037	 85.928365	 85.922939	  85.91775	 85.912791	 85.908053	 85.903529	 85.899213	 85.895097	 85.891174	 85.887439	 85.883885	 85.880505	 85.877296	  85.87425	 85.871363	  85.86863	 85.866045	 85.863605	 85.861305	 85.859141	 85.857109	 85.855205	 85.853426	 85.851768	 85.850229	 85.848805	 85.847494	 85.846294	 85.845201	 85.844214	 85.843332	 85.842552	 85.841872	 85.841292	 85.840811	 85.840426	 85.840139	 85.839948	 85.839852	
        99	 98.816376	 98.632801	 98.449322	 98.265988	 98.082846	 97.899946	 97.717333	 97.535057	 97.353164	 97.171701	 96.990715	 96.810252	 96.630357	 96.451077	 96.272456	 96.094538	 95.917367	 95.740987	  95.56544	 95.390769	 95.217013	 95.044216	 94.872415	  94.70165	  94.53196	 94.363383	 94.195955	 94.029711	 93.864688	 93.700918	 93.538436	 93.377274	 93.217462	 93.059032	 92.902012	 92.746432	 92.592317	 92.439696	 92.288592	 92.139031	 91.991035	 91.844627	 91.699828	 91.556657	 91.415133	 91.275275	   91.1371	 91.000622	 90.865856	 90.732816	 90.601515	 90.471963	 90.344172	 90.218149	 90.093904	 89.971444	 89.850774	   89.7319	 89.614827	 89.499556	  89.38609	  89.27443	 89.164576	 89.056528	 88.950284	  88.84584	 88.743195	 88.642342	 88.543278	 88.445995	 88.350487	 88.256747	 88.164765	 88.074532	 87.986039	 87.899275	 87.814227	 87.730885	 87.649236	 87.569266	 87.490961	 87.414307	 87.339288	  87.26589	 87.194096	 87.123889	 87.055252	 86.988168	  86.92262	 86.858588	 86.796054	 86.734999	 86.675404	  86.61725	 86.560515	 86.505181	 86.451227	 86.398632	 86.347375	 86.297436	 86.248794	 86.201427	 86.155314	 86.110434	 86.066765	 86.024286	 85.982975	  85.94281	 85.903771	 85.865836	 85.828982	  85.79319	 85.758437	 85.724701	 85.691963	 85.660201	 85.629394	  85.59952	 85.570561	 85.542494	   85.5153	 85.488958	 85.463449	 85.438753	 85.414851	 85.391722	 85.369348	 85.347711	 85.326791	  85.30657	  85.28703	 85.268153	 85.249923	  85.23232	 85.215329	 85.198933	 85.183115	 85.167858	 85.153149	 85.138969	 85.125306	 85.112142	 85.099464	 85.087258	 85.075509	 85.064204	 85.053328	 85.042869	 85.032815	 85.023152	 85.013868	 85.004951	  84.99639	 84.988174	  84.98029	 84.972729	  84.96548	 84.958532	 84.951877	 84.945503	 84.939403	 84.933566	 84.927985	  84.92265	 84.917554	 84.912688	 84.908045	 84.903618	 84.899398	  84.89538	 84.891557	 84.887922	  84.88447	 84.881194	 84.878088	 84.875148	 84.872368	 84.869743	 84.867269	 84.864942	 84.862756	 84.860708	 84.858794	 84.857011	 84.855355	 84.853824	 84.852414	 84.851122	 84.849947	 84.848886	 84.847936	 84.847097	 84.846366	 84.845742	 84.845224	 84.844811	 84.844502	 84.844296	 84.844193	
        99	 98.803508	 98.607068	 98.410732	  98.21455	 98.018575	 97.822857	 97.627448	 97.432398	 97.237759	 97.043579	  96.84991	   96.6568	 96.464299	 96.272456	 96.081317	 95.890931	 95.701345	 95.512605	 95.324756	 95.137844	 94.951912	 94.767005	 94.583165	 94.400434	 94.218853	 94.038462	 93.859301	 93.681407	 93.504819	 93.329573	 93.155705	 92.983249	 92.812238	 92.642705	 92.474682	 92.308199	 92.143285	 91.979968	 91.818276	 91.658234	 91.499867	 91.343199	 91.188252	 91.035048	 90.883607	 90.733949	  90.58609	 90.440048	 90.295838	 90.153475	 90.012973	 89.874343	 89.737596	 89.602742	  89.46979	 89.338748	 89.209622	 89.082418	  88.95714	 88.833791	 88.712374	 88.592889	 88.475337	 88.359718	 88.246028	 88.134266	 88.024427	 87.916507	   87.8105	   87.7064	   87.6042	  87.50389	 87.405462	 87.308906	 87.214212	 87.121367	  87.03036	 86.941178	 86.853807	 86.768233	  86.68444	 86.602414	 86.522139	 86.443597	 86.366771	 86.291645	 86.218198	 86.146413	 86.076271	 86.007752	 85.940836	 85.875503	 85.811732	 85.749502	 85.688791	  85.62958	 85.571844	 85.515564	 85.460715	 85.407277	 85.355226	 85.304539	 85.255195	  85.20717	 85.160441	 85.114985	 85.070779	   85.0278	 84.986025	 84.945431	 84.905995	 84.867694	 84.830505	 84.794406	 84.759374	 84.725386	 84.692419	 84.660453	 84.629464	  84.59943	  84.57033	 84.542143	 84.514846	  84.48842	 84.462842	 84.438093	 84.414151	 84.390997	 84.368611	 84.346973	 84.326064	 84.305865	 84.286356	  84.26752	 84.249338	 84.231793	 84.214866	 84.198541	 84.182801	 84.167628	 84.153006	  84.13892	 84.125354	 84.112293	  84.09972	 84.087622	 84.075985	 84.064793	 84.054034	 84.043694	  84.03376	 84.024218	 84.015057	 84.006265	 83.997829	 83.989738	  83.98198	 83.974546	 83.967424	 83.960604	 83.954076	 83.947831	 83.941858	  83.93615	 83.930696	 83.925489	 83.920521	 83.915783	 83.911268	 83.906969	 83.902877	 83.898988	 83.895293	 83.891788	 83.888464	 83.885318	 83.882344	 83.879535	 83.876888	 83.874397	 83.872058	 83.869866	 83.867818	  83.86591	 83.864139	   83.8625	 83.860991	 83.859609	 83.858351	 83.857216	   83.8562	 83.855302	 83.854519	 83.853852	 83.853298	 83.852856	 83.852525	 83.852304	 83.852194	
        99	 98.790691	 98.581438	 98.372294	 98.163315	 97.954556	 97.746072	 97.537916	 97.330143	 97.122807	 96.915962	  96.70966	 96.503953	 96.298896	 96.094538	 95.890931	 95.688127	 95.486174	 95.285122	  95.08502	 94.885915	 94.687855	 94.490887	 94.295055	 94.100404	 93.906978	 93.714821	 93.523973	 93.334475	 93.146368	 92.959691	 92.774481	 92.590776	  92.40861	 92.228019	 92.049036	 91.871693	 91.696021	 91.522051	 91.349812	  91.17933	 91.010633	 90.843745	 90.678692	 90.515494	 90.354175	 90.194754	  90.03725	 89.881682	 89.728065	 89.576416	 89.426748	 89.279075	 89.133408	 88.989758	 88.848134	 88.708544	 88.570996	 88.435494	 88.302044	 88.170649	 88.041311	 87.914033	 87.788813	 87.665651	 87.544546	 87.425493	  87.30849	  87.19353	 87.080609	 86.969718	 86.860851	 86.753998	  86.64915	 86.546296	 86.445424	 86.346523	  86.24958	  86.15458	  86.06151	 85.970354	 85.881096	 85.793719	 85.708207	 85.624542	 85.542705	 85.462678	  85.38444	 85.307973	 85.233256	 85.160267	 85.088986	 85.019391	  84.95146	 84.885171	 84.820501	 84.757426	 84.695925	 84.635973	 84.577547	 84.520623	 84.465176	 84.411184	 84.358621	 84.307463	 84.257685	 84.209264	 84.162175	 84.116392	 84.071892	  84.02865	 83.986642	 83.945843	 83.906228	 83.867774	 83.830457	 83.794252	 83.759135	 83.725083	 83.692073	  83.66008	 83.629082	 83.599056	 83.569979	 83.541828	 83.514582	 83.488218	 83.462715	 83.438051	 83.414205	 83.391155	 83.368882	 83.347365	 83.326584	  83.30652	 83.287152	 83.268462	 83.250431	 83.233041	 83.216274	 83.200111	 83.184536	 83.169531	  83.15508	 83.141167	 83.127774	 83.114887	  83.10249	 83.090569	 83.079108	 83.068093	 83.057511	 83.047347	 83.037588	 83.028222	 83.019236	 83.010617	 83.002354	 82.994435	 82.986848	 82.979583	  82.97263	 82.965977	 82.959615	 82.953534	 82.947725	 82.942178	 82.936886	 82.931839	 82.927029	 82.922449	 82.918091	 82.913948	 82.910013	 82.906278	 82.902738	 82.899387	 82.896218	 82.893226	 82.890406	 82.887753	 82.885261	 82.882927	 82.880745	 82.878713	 82.876826	  82.87508	 82.873472	    82.872	 82.870661	 82.869451	 82.868369	 82.867412	 82.866579	 82.865868	 82.865277	 82.864806	 82.864454	 82.864219	 82.864102	
        99	 98.777928	 98.555914	 98.334017	 98.112295	 97.890807	 97.669609	 97.448761	 97.228318	 97.008339	  96.78888	 96.569998	 96.351748	 96.134186	 95.917367	 95.701345	 95.486174	 95.271906	 95.058594	  94.84629	 94.635045	 94.424908	 94.215928	 94.008155	 93.801634	 93.596414	 93.392539	 93.190053	    92.989	 92.789423	 92.591362	 92.394859	 92.199951	 92.006677	 91.815074	 91.625176	 91.437019	 91.250636	 91.066057	 90.883315	 90.702438	 90.523454	  90.34639	 90.171271	 89.998122	 89.826966	 89.657823	 89.490715	 89.325661	 89.162677	  89.00178	 88.842986	 88.686308	 88.531759	 88.379349	 88.229089	 88.080987	 87.935051	 87.791287	 87.649699	 87.510292	 87.373068	 87.238028	 87.105172	   86.9745	  86.84601	 86.719698	 86.595559	  86.47359	 86.353783	  86.23613	 86.120624	 86.007256	 85.896014	 85.786888	 85.679865	 85.574934	 85.472079	 85.371286	 85.272541	 85.175826	 85.081125	  84.98842	 84.897694	 84.808927	   84.7221	 84.637193	 84.554185	 84.473055	 84.393781	 84.316341	 84.240714	 84.166875	 84.094802	  84.02447	 83.955857	 83.888936	 83.823684	 83.760077	 83.698088	 83.637692	 83.578865	  83.52158	 83.465812	 83.411534	 83.358722	 83.307348	 83.257387	 83.208813	 83.161599	 83.115721	 83.071151	 83.027864	 82.985833	 82.945035	 82.905442	 82.867029	 82.829771	 82.793642	 82.758619	 82.724675	 82.691787	  82.65993	  82.62908	 82.599213	 82.570305	 82.542334	 82.515275	 82.489107	 82.463807	 82.439352	 82.415721	 82.392892	 82.370844	 82.349555	 82.329007	 82.309177	 82.290047	 82.271596	 82.253806	 82.236658	 82.220133	 82.204214	 82.188882	 82.174119	  82.15991	 82.146237	 82.133085	 82.120436	 82.108277	  82.09659	 82.085362	 82.074579	 82.064225	 82.054288	 82.044754	 82.035609	 82.026842	  82.01844	 82.010391	 82.002683	 81.995305	 81.988247	 81.981497	 81.975045	 81.968882	 81.962997	 81.957382	 81.952027	 81.946924	 81.942065	 81.937441	 81.933045	  81.92887	 81.924908	 81.921152	 81.917596	 81.914234	  81.91106	 81.908068	 81.905253	 81.902609	 81.900132	 81.897818	 81.895662	 81.893659	 81.891807	 81.890102	  81.88854	 81.887118	 81.885835	 81.884687	 81.883672	 81.882788	 81.882033	 81.881407	 81.880907	 81.880533	 81.880284	  81.88016	
