Time step 88:
        99	        99	        99	        99	        99	        99	        99	        99	        99	        99	        99	        99	        99	        99	        99	        99	        99	        99	        99	        99	        99	        99	        99	        99	        99	        99	        99	        99	        99	        99	        99	        99	        99	        99	        99	        99	        99	        99	        99	        99	        99	        99	        99	        99	        99	        99	        99	        99	        99	        99	        99	        99	        99	        99	        99	        99	        99	        99	        99	        99	        99	        99	        99	        99	        99	        99	        99	        99	        99	        99	        99	        99	        99	        99	        99	        99	        99	        99	        99	        99	        99	        99	        99	        99	        99	        99	        99	        99	        99	        99	        99	        99	        99	        99	        99	        99	        99	        99	        99	        99	        99	        99	        99	        99	        99	        99	        99	        99	        99	        99	        99	        99	        99	        99	        99	        99	        99	        99	        99	        99	        99	        99	        99	        99	        99	        99	        99	        99	        99	        99	        99	        99	        99	        99	        99	        99	        99	        99	        99	        99	        99	        99	        99	        99	        99	        99	        99	        99	        99	        99	        99	        99	        99	        99	        99	        99	        99	        99	        99	        99	        99	        99	        99	        99	        99	        99	        99	        99	        99	        99	        99	        99	        99	        99	        99	        99	        99	        99	        99	        99	        99	        99	        99	        99	        99	        99	        99	        99	        99	        99	        99	        99	        99	        99	        99	        99	        99	        99	        99	        99	
        99	 98.992785	  98.98557	 98.978358	 98.971149	 98.963944	 98.956745	 98.949551	 98.942365	 98.935186	 98.928018	 98.920859	 98.913712	 98.906577	 98.899455	 98.892348	 98.885256	  98.87818	 98.871122	 98.864081	  98.85706	 98.850059	 98.843079	 98.836121	 98.829186	 98.822275	 98.815389	 98.808528	 98.801694	 98.794887	 98.788109	 98.781359	  98.77464	 98.767952	 98.761295	  98.75467	 98.748079	 98.741522	 98.734999	 98.728512	 98.722061	 98.715648	 98.709271	 98.702934	 98.696635	 98.690376	 98.684157	 98.677979	 98.671843	 98.665749	 98.659698	  98.65369	 98.647725	 98.641806	 98.635931	 98.630102	 98.624318	 98.618581	 98.612891	 98.607248	 98.601653	 98.596105	 98.590606	 98.585157	 98.579756	 98.574404	 98.569103	 98.563851	  98.55865	   98.5535	 98.548401	 98.543352	 98.538355	  98.53341	 98.528516	 98.523675	 98.518885	 98.514147	 98.509462	 98.504829	 98.500249	 98.495721	 98.491246	 98.486823	 98.482453	 98.478136	 98.473871	 98.469659	   98.4655	 98.461393	 98.457339	 98.453338	 98.449388	 98.445491	 98.441646	 98.437853	 98.434112	 98.430423	 98.426785	 98.423199	 98.419664	  98.41618	 98.412747	 98.409364	 98.406032	  98.40275	 98.399518	 98.396335	 98.393202	 98.390118	 98.387083	 98.384096	 98.381158	 98.378268	 98.375425	  98.37263	 98.369881	 98.367179	 98.364524	 98.361915	 98.359351	 98.356832	 98.354359	  98.35193	 98.349545	 98.347204	 98.344907	 98.342653	 98.340441	 98.338272	 98.336145	 98.334059	 98.332015	 98.330011	 98.328048	 98.326125	 98.324241	 98.322397	 98.320592	 98.318825	 98.317096	 98.315405	 98.313751	 98.312135	 98.310554	  98.30901	 98.307502	 98.306029	 98.304591	 98.303188	 98.301819	 98.300484	 98.299182	 98.297914	 98.296679	 98.295476	 98.294305	 98.293166	 98.292059	 98.290983	 98.289937	 98.288922	 98.287938	 98.286983	 98.286058	 98.285162	 98.284295	 98.283457	 98.282647	 98.281865	 98.281111	 98.280385	 98.279687	 98.279015	  98.27837	 98.277752	 98.277161	 98.276596	 98.276057	 98.275543	 98.275056	 98.274594	 98.274157	 98.273745	 98.273359	 98.272997	  98.27266	 98.272348	  98.27206	 98.271796	 98.271557	 98.271342	 98.271151	 98.270984	 98.270841	 98.270722	 98.270627	 98.270556	 98.270508	 98.270484	
        99	  98.98557	 98.971143	  98.95672	 98.942303	 98.927894	 98.913495	 98.899109	 98.884737	 98.870382	 98.856046	  98.84173	 98.827436	 98.813167	 98.798925	 98.784711	 98.770528	 98.756378	 98.742262	 98.728182	 98.714141	  98.70014	 98.686181	 98.672266	 98.658397	 98.644576	 98.630804	 98.617084	 98.603416	 98.589804	 98.576248	  98.56275	 98.549313	 98.535937	 98.522624	 98.509376	 98.496194	  98.48308	 98.470036	 98.457063	 98.444163	 98.431336	 98.418584	  98.40591	 98.393313	 98.380796	 98.368359	 98.356004	 98.343733	 98.331546	 98.319444	 98.307429	 98.295501	 98.283663	 98.271914	 98.260256	  98.24869	 98.237217	 98.225837	 98.214552	 98.203362	 98.192269	 98.181272	 98.170373	 98.159572	  98.14887	 98.138268	 98.127766	 98.117364	 98.107064	 98.096866	  98.08677	 98.076777	 98.066887	   98.0571	 98.047417	 98.037839	 98.028364	 98.018994	 98.009729	 98.000569	 97.991514	 97.982564	  97.97372	  97.96498	 97.956347	 97.947818	 97.939395	 97.931077	 97.922864	 97.914756	 97.906754	 97.898855	 97.891062	 97.883373	 97.875787	 97.868306	 97.860928	 97.853653	 97.846481	 97.839411	 97.832444	 97.825578	 97.818813	 97.812149	 97.805586	 97.799122	 97.792757	 97.786491	 97.780324	 97.774254	 97.768281	 97.762405	 97.756625	  97.75094	 97.745349	 97.739853	  97.73445	 97.729139	 97.723921	 97.718794	 97.713757	  97.70881	 97.703953	 97.699184	 97.694502	 97.689908	   97.6854	 97.680977	 97.676639	 97.672385	 97.668214	 97.664126	 97.660119	 97.656193	 97.652347	  97.64858	 97.644892	 97.641281	 97.637748	  97.63429	 97.630909	 97.627601	 97.624368	 97.621207	 97.618119	 97.615103	 97.612157	 97.609282	 97.606476	 97.603738	 97.601068	 97.598465	 97.595929	 97.593459	 97.591053	 97.588712	 97.586434	  97.58422	 97.582067	 97.579977	 97.577947	 97.575978	 97.574068	 97.572218	 97.570426	 97.568692	 97.567016	 97.565396	 97.563833	 97.562326	 97.560874	 97.559477	 97.558134	 97.556844	 97.555609	 97.554426	 97.553295	 97.552217	 97.551191	 97.550216	 97.549292	 97.548418	 97.547595	 97.546822	 97.546098	 97.545425	   97.5448	 97.544224	 97.543697	 97.543219	 97.542789	 97.542407	 97.542073	 97.541787	 97.541549	 97.541359	 97.541216	 97.541121	 97.541073	
        99	 98.978358	  98.95672	 98.935087	 98.913464	 98.891854	 98.870258	 98.848682	 98.827127	 98.805597	 98.784094	 98.762623	 98.741185	 98.719784	 98.698424	 98.677106	 98.655834	  98.63461	 98.613439	 98.592322	 98.571262	 98.550263	 98.529328	 98.508458	 98.487657	 98.466928	 98.446272	 98.425694	 98.405196	 98.384779	 98.364448	 98.344204	  98.32405	 98.303988	 98.284021	 98.264152	 98.244382	 98.224713	  98.20515	 98.185692	 98.166344	 98.147106	 98.127981	 98.108971	 98.090078	 98.071305	 98.052652	 98.034122	 98.015717	 97.997438	 97.979288	 97.961267	 97.943379	 97.925623	 97.908002	 97.890517	  97.87317	 97.855962	 97.838895	 97.821969	 97.805186	 97.788548	 97.772055	 97.755708	 97.739508	 97.723457	 97.707556	 97.691805	 97.676205	 97.660757	 97.645461	 97.630319	 97.615331	 97.600498	  97.58582	 97.571297	 97.556931	 97.542721	 97.528667	 97.514771	 97.501033	 97.487452	 97.474029	 97.460764	 97.447656	 97.434707	 97.421916	 97.409283	 97.396807	  97.38449	 97.372329	 97.360327	 97.348481	 97.336792	 97.325259	 97.313883	 97.302662	 97.291596	 97.280685	 97.269928	 97.259325	 97.248875	 97.238578	 97.228432	 97.218437	 97.208593	 97.198898	 97.189352	 97.179955	 97.170705	 97.161601	 97.152643	  97.14383	  97.13516	 97.126633	 97.118249	 97.110005	 97.101901	 97.093937	  97.08611	  97.07842	 97.070866	 97.063447	 97.056162	 97.049009	 97.041988	 97.035097	 97.028336	 97.021702	 97.015196	 97.008816	  97.00256	 96.996428	 96.990418	  96.98453	 96.978762	 96.973112	 96.967581	 96.962166	 96.956866	 96.951681	 96.946608	 96.941648	 96.936799	 96.932059	 96.927427	 96.922903	 96.918485	 96.914172	 96.909963	 96.905857	 96.901853	  96.89795	 96.894146	  96.89044	 96.886832	 96.883321	 96.879905	 96.876584	 96.873355	  96.87022	 96.867176	 96.864222	 96.861358	 96.858583	 96.855896	 96.853295	 96.850781	 96.848352	 96.846008	 96.843747	 96.841569	 96.839473	 96.837459	 96.835526	 96.833672	 96.831898	 96.830203	 96.828586	 96.827046	 96.825584	 96.824198	 96.822888	 96.821653	 96.820494	 96.819409	 96.818398	 96.817461	 96.816597	 96.815807	 96.815089	 96.814444	 96.813872	 96.813371	 96.812942	 96.812585	   96.8123	 96.812086	 96.811943	 96.811872	
        99	 98.971149	 98.942303	 98.913464	 98.884638	 98.855829	  98.82704	 98.798276	 98.769541	 98.740839	 98.712174	  98.68355	 98.654971	 98.626442	 98.597965	 98.569546	 98.541188	 98.512895	 98.484671	  98.45652	 98.428446	 98.400452	 98.372542	  98.34472	  98.31699	 98.289356	  98.26182	 98.234387	  98.20706	 98.179843	 98.152739	 98.125752	 98.098884	 98.072139	 98.045521	 98.019033	 97.992677	 97.966458	 97.940377	 97.914438	 97.888644	 97.862998	 97.837503	  97.81216	 97.786974	 97.761947	 97.737081	 97.712378	 97.687842	 97.663475	 97.639278	 97.615255	 97.591407	 97.567737	 97.544246	 97.520937	 97.497812	 97.474872	 97.452119	 97.429555	 97.407182	 97.385001	 97.363013	 97.341221	 97.319626	 97.298228	  97.27703	 97.256032	 97.235235	 97.214641	 97.194251	 97.174065	 97.154084	  97.13431	 97.114742	 97.095382	  97.07623	 97.057286	 97.038552	 97.020027	 97.001712	 96.983607	 96.965712	 96.948028	 96.930555	 96.913292	  96.89624	 96.879399	 96.862767	 96.846347	 96.830136	 96.814135	 96.798343	  96.78276	 96.767386	  96.75222	 96.737261	  96.72251	 96.707964	 96.693624	 96.679489	 96.665558	  96.65183	 96.638304	  96.62498	 96.611857	 96.598933	 96.586207	  96.57368	 96.561348	 96.549212	  96.53727	  96.52552	 96.513963	 96.502596	 96.491418	 96.480429	 96.469626	 96.459008	 96.448574	 96.438323	 96.428252	 96.418362	  96.40865	 96.399114	 96.389754	 96.380568	 96.371554	 96.362711	 96.354038	 96.345532	 96.337193	 96.329018	 96.321006	 96.313157	 96.305467	 96.297936	 96.290561	 96.283342	 96.276278	 96.269365	 96.262603	  96.25599	 96.249525	 96.243206	 96.237032	 96.231001	 96.225111	 96.219362	 96.213751	 96.208277	 96.202939	 96.197735	 96.192664	 96.187725	 96.182915	 96.178234	  96.17368	 96.169252	 96.164949	 96.160768	  96.15671	 96.152773	 96.148955	 96.145255	 96.141673	 96.138206	 96.134855	 96.131616	 96.128491	 96.125477	 96.122574	  96.11978	 96.117095	 96.114517	 96.112046	 96.109681	 96.107421	 96.105266	 96.103213	 96.101264	 96.099416	 96.097669	 96.096024	 96.094478	 96.093032	 96.091684	 96.090435	 96.089284	  96.08823	 96.087274	 96.086414	  96.08565	 96.084983	 96.084411	 96.083935	 96.083555	 96.083269	 96.083079	 96.082984	
        99	 98.963944	 98.927894	 98.891854	 98.855829	 98.819825	 98.783847	 98.747899	 98.711988	 98.676118	 98.640295	 98.604523	 98.568807	 98.533153	 98.497565	 98.462049	 98.426609	  98.39125	 98.355978	 98.320796	 98.285711	 98.250726	 98.215846	 98.181077	 98.146422	 98.111886	 98.077474	  98.04319	 98.009039	 97.975025	 97.941152	 97.907425	 97.873847	 97.840424	 97.807159	 97.774055	 97.741118	  97.70835	 97.675756	  97.64334	 97.611104	 97.579054	 97.547191	  97.51552	 97.484044	 97.452767	 97.421691	  97.39082	 97.360156	 97.329703	 97.299464	 97.269442	 97.239638	 97.210057	   97.1807	  97.15157	 97.122669	    97.094	 97.065565	 97.037366	 97.009406	 96.981685	 96.954207	 96.926973	 96.899984	 96.873243	 96.846751	 96.820509	 96.794519	 96.768782	 96.743299	 96.718072	 96.693102	 96.668389	 96.643935	 96.619739	 96.595804	  96.57213	 96.548717	 96.525566	 96.502677	 96.480051	 96.457688	 96.435587	  96.41375	 96.392177	 96.370866	 96.349819	 96.329034	 96.308513	 96.288254	 96.268257	 96.248521	 96.229047	 96.209833	  96.19088	 96.172185	  96.15375	 96.135572	 96.117651	 96.099985	 96.082575	 96.065419	 96.048516	 96.031864	 96.015464	 95.999312	 95.983409	 95.967752	 95.952341	 95.937174	  95.92225	 95.907566	 95.893123	 95.878917	 95.864948	 95.851214	 95.837713	 95.824443	 95.811404	 95.798592	 95.786007	 95.773647	 95.761509	 95.749593	 95.737895	 95.726415	  95.71515	 95.704099	 95.693259	 95.682629	 95.672207	 95.661991	 95.651979	 95.642169	 95.632558	 95.623146	 95.613931	 95.604909	  95.59608	 95.587441	  95.57899	 95.570726	 95.562647	  95.55475	 95.547034	 95.539496	 95.532136	 95.524951	 95.517938	 95.511098	 95.504427	 95.497923	 95.491586	 95.485412	 95.479402	 95.473551	  95.46786	 95.462327	 95.456949	 95.451724	 95.446653	 95.441732	 95.436961	 95.432337	  95.42786	 95.423528	 95.419339	 95.415292	 95.411386	  95.40762	 95.403991	   95.4005	 95.397144	 95.393923	 95.390835	 95.387879	 95.385055	 95.382361	 95.379796	 95.377359	  95.37505	 95.372868	 95.370811	 95.368879	 95.367072	 95.365388	 95.363827	 95.362388	 95.361071	 95.359876	 95.358801	 95.357847	 95.357013	 95.356298	 95.355704	 95.355228	 95.354871	 95.354634	 95.354515	
        99	 98.956745	 98.913495	 98.870258	  98.82704	 98.783847	 98.740684	 98.697559	 98.654477	 98.611444	 98.568467	 98.525552	 98.482705	 98.439931	 98.397237	 98.354628	 98.312111	 98.269692	 98.227377	  98.18517	 98.143078	 98.101108	 98.059263	  98.01755	 97.975975	 97.934543	  97.89326	  97.85213	 97.811159	 97.770353	 97.729717	 97.689255	 97.648972	 97.608875	 97.568967	 97.529253	 97.489739	 97.450428	 97.411325	 97.372436	 97.333764	 97.295313	 97.257088	 97.219093	 97.181332	 97.143808	 97.106527	 97.069491	 97.032705	 96.996171	 96.959894	 96.923876	 96.888121	 96.852633	 96.817414	 96.782467	 96.747795	 96.713402	 96.679289	 96.645459	 96.611915	  96.57866	 96.545694	 96.513022	 96.480644	 96.448563	 96.416781	 96.385299	 96.354119	 96.323242	 96.292671	 96.262407	  96.23245	 96.202803	 96.173465	 96.144439	 96.115724	 96.087323	 96.059234	  96.03146	 96.004001	 95.976857	 95.950028	 95.923514	 95.897317	 95.871435	 95.845869	 95.820619	 95.795684	 95.771065	  95.74676	  95.72277	 95.699094	 95.675731	 95.652681	 95.629942	 95.607515	 95.585398	  95.56359	  95.54209	 95.520898	 95.500011	 95.479429	 95.459151	 95.439174	 95.419498	 95.400122	 95.381043	  95.36226	 95.343771	 95.325575	 95.307671	 95.290056	 95.272728	 95.255685	 95.238927	  95.22245	 95.206253	 95.190334	 95.174691	 95.159321	 95.144223	 95.129394	 95.114833	 95.100537	 95.086504	 95.072731	 95.059217	 95.045959	 95.032955	 95.020202	 95.007699	 94.995443	 94.983431	 94.971662	 94.960133	 94.948841	 94.937785	 94.926962	  94.91637	 94.906006	 94.895868	 94.885954	 94.876261	 94.866787	  94.85753	 94.848488	 94.839657	 94.831037	 94.822625	 94.814418	 94.806415	 94.798613	  94.79101	 94.783604	 94.776393	 94.769375	 94.762547	 94.755908	 94.749456	 94.743189	 94.737105	 94.731202	 94.725477	 94.719931	 94.714559	 94.709362	 94.704337	 94.699482	 94.694796	 94.690277	 94.685925	 94.681736	  94.67771	 94.673845	 94.670141	 94.666595	 94.663207	 94.659975	 94.656898	 94.653975	 94.651204	 94.648586	 94.646118	 94.643801	 94.641632	 94.639612	 94.637739	 94.636014	 94.634434	    94.633	  94.63171	 94.630566	 94.629565	 94.628708	 94.627994	 94.627424	 94.626996	 94.626711	 94.626569	
        99	 98.949551	 98.899109	 98.848682	 98.798276	 98.747899	 98.697559	 98.647262	 98.597015	 98.546826	 98.496702	 98.446649	 98.396676	 98.346789	 98.296995	   98.2473	 98.197713	 98.148239	 98.098886	  98.04966	 98.000569	 97.951618	 97.902815	 97.854165	 97.805676	 97.757353	 97.709204	 97.661234	  97.61345	 97.565858	 97.518463	 97.471272	 97.424291	 97.377525	  97.33098	 97.284662	 97.238576	 97.192728	 97.147122	 97.101765	 97.056662	 97.011816	 96.967234	  96.92292	  96.87888	 96.835116	 96.791635	  96.74844	 96.705535	 96.662926	 96.620615	 96.578608	 96.536907	 96.495517	 96.454441	 96.413682	 96.373244	 96.333131	 96.293345	 96.253889	 96.214767	 96.175981	 96.137533	 96.099427	 96.061665	 96.024248	  95.98718	 95.950463	 95.914098	 95.878087	 95.842431	 95.807134	 95.772195	 95.737617	 95.703401	 95.669547	 95.636057	 95.602932	 95.570173	  95.53778	 95.505754	 95.474095	 95.442805	 95.411882	 95.381328	 95.351142	 95.321324	 95.291875	 95.262793	 95.234079	 95.205733	 95.177753	 95.150139	 95.122891	 95.096008	 95.069488	 95.043331	 95.017535	 94.992101	 94.967026	 94.942309	 94.917948	 94.893944	 94.870293	 94.846994	 94.824046	 94.801447	 94.779195	 94.757288	 94.735725	 94.714503	 94.693621	 94.673076	 94.652867	  94.63299	 94.613445	 94.594228	 94.575338	 94.556771	 94.538526	   94.5206	 94.502991	 94.485697	 94.468714	  94.45204	 94.435673	  94.41961	 94.403848	 94.388385	 94.373219	 94.358345	 94.343763	 94.329468	 94.315459	 94.301733	 94.288286	 94.275117	 94.262222	 94.249599	 94.237245	 94.225158	 94.213334	 94.201771	 94.190466	 94.179416	  94.16862	 94.158074	 94.147775	 94.137722	  94.12791	 94.118339	 94.109005	 94.099905	 94.091038	   94.0824	  94.07399	 94.065804	 94.057841	 94.050098	 94.042573	 94.035264	 94.028168	 94.021283	 94.014607	 94.008137	 94.001873	 93.995811	  93.98995	 93.984288	 93.978823	 93.973553	 93.968476	 93.963591	 93.958895	 93.954388	 93.950067	 93.945932	  93.94198	 93.938211	 93.934622	 93.931213	 93.927982	 93.924928	  93.92205	 93.919347	 93.916818	 93.914462	 93.912278	 93.910265	 93.908422	 93.906749	 93.905246	 93.903911	 93.902744	 93.901744	 93.900912	 93.900246	 93.899747	 93.899415	 93.899249	
        99	 98.942365	 98.884737	 98.827127	 98.769541	 98.711988	 98.654477	 98.597015	 98.539611	 98.482272	 98.425008	 98.367826	 98.310734	 98.253741	 98.196853	  98.14008	 98.083429	 98.026908	 97.970525	 97.914287	 97.858202	 97.802279	 97.746523	 97.690944	 97.635547	 97.580342	 97.525334	 97.470531	  97.41594	 97.361568	 97.307422	 97.253509	 97.199835	 97.146407	 97.093232	 97.040316	 96.987665	 96.935286	 96.883185	 96.831366	 96.779838	 96.728604	 96.677672	 96.627046	 96.576731	 96.526734	 96.477059	 96.427711	 96.378695	 96.330016	 96.281678	 96.233687	 96.186046	 96.138759	 96.091832	 96.045267	  95.99907	 95.953242	 95.907789	 95.862713	 95.818017	 95.773706	 95.729782	 95.686248	 95.643106	  95.60036	 95.558012	 95.516064	 95.474519	 95.433378	 95.392644	 95.352318	 95.312402	 95.272899	 95.233808	 95.195132	 95.156872	 95.119028	 95.081603	 95.044595	 95.008007	 94.971839	 94.936091	 94.900764	 94.865857	 94.831371	 94.797306	 94.763661	 94.730437	 94.697633	 94.665249	 94.633284	 94.601736	 94.570607	 94.539894	 94.509596	 94.479713	 94.450243	 94.421186	 94.392539	 94.364301	  94.33647	 94.309046	 94.282026	 94.255409	 94.229192	 94.203373	 94.177952	 94.152925	  94.12829	 94.104045	 94.080188	 94.056717	 94.033629	 94.010921	 93.988591	 93.966637	 93.945055	 93.923844	    93.903	 93.882521	 93.862404	 93.842646	 93.823243	 93.804195	 93.785496	 93.767145	 93.749138	 93.731472	 93.714145	 93.697153	 93.680493	 93.664163	 93.648158	 93.632476	 93.617114	 93.602069	 93.587338	 93.572916	 93.558803	 93.544993	 93.531485	 93.518275	  93.50536	 93.492736	 93.480402	 93.468354	 93.456588	 93.445102	 93.433893	 93.422958	 93.412294	 93.401899	 93.391768	   93.3819	 93.372292	  93.36294	 93.353843	 93.344997	   93.3364	  93.32805	 93.319943	 93.312077	  93.30445	 93.297059	 93.289902	 93.282977	 93.276281	 93.269813	 93.263569	 93.257548	 93.251748	 93.246167	 93.240802	 93.235653	 93.230717	 93.225993	 93.221478	 93.217171	 93.213071	 93.209176	 93.205485	 93.201996	 93.198709	 93.195621	 93.192731	 93.190039	 93.187544	 93.185245	  93.18314	 93.181229	 93.179511	 93.177986	 93.176652	  93.17551	  93.17456	 93.173799	 93.173229	 93.172849	  93.17266	
        99	 98.935186	 98.870382	 98.805597	 98.740839	 98.676118	 98.611444	 98.546826	 98.482272	 98.417793	 98.353397	 98.289093	 98.224891	 98.160799	 98.096827	 98.032983	 97.969276	 97.905716	 97.842311	 97.779069	 97.715999	 97.653111	 97.590411	  97.52791	 97.465614	 97.403533	 97.341674	 97.280046	 97.218656	 97.157512	 97.096623	 97.035995	 96.975637	 96.915555	 96.855757	 96.796251	 96.737043	  96.67814	  96.61955	 96.561278	 96.503332	 96.445718	 96.388442	 96.331511	  96.27493	 96.218705	 96.162844	  96.10735	 96.052229	 95.997487	  95.94313	 95.889161	 95.835587	 95.782412	  95.72964	 95.677276	 95.625324	 95.573789	 95.522675	 95.471985	 95.421723	 95.371893	 95.322499	 95.273543	 95.225028	 95.176958	 95.129336	 95.082164	 95.035444	 94.989179	 94.943372	 94.898024	 94.853137	 94.808714	 94.764755	 94.721262	 94.678237	  94.63568	 94.593593	 94.551977	 94.510832	 94.470159	 94.429959	 94.390232	 94.350978	 94.312197	 94.273889	 94.236055	 94.198693	 94.161803	 94.125386	 94.089439	 94.053963	 94.018956	 93.984418	 93.950347	 93.916742	 93.883602	 93.850926	 93.818711	 93.786956	  93.75566	  93.72482	 93.694435	 93.664502	  93.63502	 93.605986	 93.577399	 93.549255	 93.521552	 93.494288	  93.46746	 93.441065	 93.415101	 93.389565	 93.364455	 93.339766	 93.315497	 93.291644	 93.268204	 93.245174	 93.222551	 93.200332	 93.178514	 93.157093	 93.136065	 93.115428	 93.095179	 93.075313	 93.055828	  93.03672	 93.017985	 92.999621	 92.981623	 92.963988	 92.946713	 92.929794	 92.913228	  92.89701	 92.881139	  92.86561	 92.850419	 92.835564	  92.82104	 92.806845	 92.792974	 92.779425	 92.766194	 92.753278	 92.740673	 92.728376	 92.716384	 92.704694	 92.693301	 92.682204	 92.671399	 92.660883	 92.650653	 92.640706	 92.631038	 92.621647	 92.612531	 92.603685	 92.595108	 92.586797	 92.578749	 92.570961	 92.563431	 92.556157	 92.549136	 92.542365	 92.535843	 92.529566	 92.523534	 92.517743	 92.512193	  92.50688	 92.501803	  92.49696	 92.492349	 92.487969	 92.483818	 92.479895	 92.476198	 92.472725	 92.469476	 92.466449	 92.463643	 92.461057	  92.45869	 92.456541	 92.454609	 92.452894	 92.451394	  92.45011	 92.449041	 92.448186	 92.447545	 92.447118	 92.446904	
        99	 98.928018	 98.856046	 98.784094	 98.712174	 98.640295	 98.568467	 98.496702	 98.425008	 98.353397	 98.281878	 98.210462	 98.139158	 98.067978	 97.996929	 97.926024	 97.855271	 97.784681	 97.714262	 97.644025	  97.57398	 97.504135	 97.434501	 97.365086	   97.2959	 97.226952	 97.158252	 97.089807	 97.021627	  96.95372	 96.886096	 96.818763	 96.751728	 96.685001	 96.618589	 96.552501	 96.486744	 96.421326	 96.356255	 96.291538	 96.227183	 96.163196	 96.099585	 96.036357	 95.973518	 95.911075	 95.849034	 95.787402	 95.726185	 95.665388	 95.605019	 95.545081	 95.485581	 95.426524	 95.367915	 95.309759	 95.252061	 95.194826	 95.138058	 95.081762	 95.025941	 94.970599	 94.915741	  94.86137	  94.80749	 94.754103	 94.701213	 94.648823	 94.596936	 94.545555	 94.494681	 94.444317	 94.394466	 94.345128	 94.296307	 94.248004	 94.200219	 94.152956	 94.106214	 94.059994	 94.014299	 93.969127	 93.924481	 93.880359	 93.836763	 93.793693	 93.751148	 93.709129	 93.667635	 93.626665	 93.586219	 93.546297	 93.506897	 93.468018	 93.429659	  93.39182	 93.354498	 93.317693	 93.281402	 93.245624	 93.210357	 93.175599	 93.141348	 93.107602	 93.074359	 93.041616	 93.009371	 92.977621	 92.946364	 92.915597	 92.885317	 92.855522	 92.826208	 92.797372	 92.769012	 92.741124	 92.713705	 92.686751	  92.66026	 92.634227	  92.60865	 92.583525	 92.558849	 92.534617	 92.510826	 92.487473	 92.464554	 92.442064	 92.420002	 92.398361	 92.377139	 92.356333	 92.335937	 92.315948	 92.296363	 92.277177	 92.258387	 92.239988	 92.221977	  92.20435	 92.187103	 92.170232	 92.153734	 92.137604	 92.121838	 92.106434	 92.091386	 92.076692	 92.062347	 92.048348	 92.034691	 92.021372	 92.008389	 91.995737	 91.983412	 91.971412	 91.959733	 91.948371	 91.937323	 91.926586	 91.916157	 91.906032	 91.896208	 91.886682	 91.877452	 91.868514	 91.859865	 91.851502	 91.843423	 91.835625	 91.828105	 91.820862	 91.813891	 91.807192	 91.800761	 91.794596	 91.788695	 91.783057	 91.777678	 91.772557	 91.767693	 91.763083	 91.758726	 91.754619	 91.750763	 91.747154	 91.743792	 91.740676	 91.737804	 91.735175	 91.732788	 91.730643	 91.728738	 91.727073	 91.725647	 91.724459	 91.723509	 91.722798	 91.722323	 91.722086	
        99	 98.920859	  98.84173	 98.762623	  98.68355	 98.604523	 98.525552	 98.446649	 98.367826	 98.289093	 98.210462	 98.131943	 98.053549	 97.975289	 97.897175	 97.819219	 97.741429	 97.663819	 97.586397	 97.509175	 97.432164	 97.355374	 97.278814	 97.202496	  97.12643	 97.050625	 96.975092	 96.899841	  96.82488	 96.750221	 96.675871	 96.601841	  96.52814	 96.454777	 96.381761	 96.309101	 96.236804	 96.164881	 96.093339	 96.022186	  95.95143	  95.88108	 95.811143	 95.741627	 95.672538	 95.603886	 95.535675	 95.467914	 95.400609	 95.333766	 95.267392	 95.201494	 95.136077	 95.071147	 95.006709	  94.94277	 94.879334	 94.816407	 94.753994	 94.692098	 94.630726	 94.569881	 94.509567	 94.449789	  94.39055	 94.331855	 94.273705	 94.216105	 94.159058	 94.102566	 94.046633	 93.991261	 93.936452	 93.882208	 93.828531	 93.775424	 93.722888	 93.670924	 93.619533	 93.568718	 93.518478	 93.468814	 93.419727	 93.371218	 93.323287	 93.275933	 93.229157	 93.182959	 93.137338	 93.092294	 93.047826	 93.003933	 92.960615	  92.91787	 92.875697	 92.834094	 92.793061	 92.752595	 92.712695	 92.673359	 92.634585	  92.59637	 92.558713	 92.521612	 92.485062	 92.449063	 92.413611	 92.378704	 92.344338	 92.310512	 92.277221	 92.244462	 92.212233	  92.18053	 92.149349	 92.118687	 92.088541	 92.058907	 92.029781	  92.00116	 91.973039	 91.945416	 91.918285	 91.891643	 91.865487	 91.839811	 91.814613	 91.789887	  91.76563	 91.741837	 91.718505	 91.695629	 91.673205	 91.651229	 91.629696	 91.608602	 91.587943	 91.567714	 91.547912	 91.528532	  91.50957	 91.491021	 91.472882	 91.455148	 91.437815	 91.420878	 91.404334	 91.388178	 91.372407	 91.357015	    91.342	 91.327357	 91.313083	 91.299172	 91.285622	 91.272429	 91.259588	 91.247096	  91.23495	 91.223145	 91.211678	 91.200547	 91.189746	 91.179273	 91.169124	 91.159297	 91.149788	 91.140594	 91.131711	 91.123138	  91.11487	 91.106906	 91.099243	 91.091877	 91.084806	 91.078028	 91.071541	 91.065342	 91.059428	 91.053798	  91.04845	 91.043382	 91.038591	 91.034076	 91.029836	 91.025869	 91.022172	 91.018746	 91.015588	 91.012698	 91.010074	 91.007715	 91.005621	  91.00379	 91.002222	 91.000917	 90.999873	  90.99909	 90.998568	 90.998308	
        99	 98.913712	 98.827436	 98.741185	 98.654971	 98.568807	 98.482705	 98.396676	 98.310734	 98.224891	 98.139158	 98.053549	 97.968074	 97.882747	 97.797579	 97.712582	 97.627767	 97.543148	 97.458734	 97.374538	 97.290572	 97.206847	 97.123373	 97.040163	 96.957227	 96.874576	 96.792222	 96.710174	 96.628444	 96.547042	 96.465978	 96.385263	 96.304906	 96.224917	 96.145307	 96.066084	 95.987259	  95.90884	 95.830837	 95.753258	 95.676112	 95.599409	 95.523156	 95.447362	 95.372034	 95.297181	  95.22281	  95.14893	 95.075546	 95.002667	 94.930299	 94.858449	 94.787124	  94.71633	 94.646073	  94.57636	 94.507195	 94.438585	 94.370535	  94.30305	 94.236135	 94.169795	 94.104035	 94.038858	 93.974269	 93.910272	 93.846871	 93.784069	  93.72187	 93.660277	 93.599292	 93.538919	  93.47916	 93.420018	 93.361494	  93.30359	  93.24631	 93.189653	 93.133621	 93.078216	 93.023439	  92.96929	  92.91577	  92.86288	  92.81062	  92.75899	  92.70799	  92.65762	 92.607879	 92.558767	 92.510283	 92.462426	 92.415196	  92.36859	 92.322608	 92.277249	  92.23251	  92.18839	 92.144886	 92.101998	 92.059722	 92.018056	 91.976998	 91.936545	 91.896695	 91.857445	 91.818791	 91.780732	 91.743263	 91.706381	 91.670083	 91.634367	 91.599227	  91.56466	 91.530664	 91.497233	 91.464364	 91.432054	 91.400298	 91.369092	 91.338432	 91.308313	 91.278732	 91.249685	 91.221166	 91.193172	 91.165697	 91.138738	 91.112291	 91.086349	  91.06091	 91.035968	 91.011519	 90.987558	  90.96408	 90.941081	 90.918557	 90.896501	 90.874911	 90.853781	 90.833106	 90.812882	 90.793105	 90.773769	  90.75487	 90.736404	 90.718366	 90.700751	 90.683555	 90.666774	 90.650403	 90.634438	 90.618874	 90.603707	 90.588933	 90.574548	 90.560548	 90.546928	 90.533685	 90.520814	 90.508312	 90.496174	 90.484398	  90.47298	 90.461915	   90.4512	 90.440832	 90.430807	 90.421123	 90.411775	 90.402761	 90.394078	 90.385722	 90.377691	 90.369982	 90.362592	 90.355518	 90.348759	 90.342312	 90.336173	 90.330342	 90.324816	 90.319593	  90.31467	 90.310047	 90.305721	 90.301691	 90.297956	 90.294513	 90.291361	   90.2885	 90.285929	 90.283645	 90.281649	 90.279939	 90.278516	 90.277378	 90.276524	 90.275956	 90.275671	
        99	 98.906577	 98.813167	 98.719784	 98.626442	 98.533153	 98.439931	 98.346789	 98.253741	 98.160799	 98.067978	 97.975289	 97.882747	 97.790364	 97.698154	 97.606128	 97.514301	 97.422684	 97.331291	 97.240133	 97.149224	 97.058575	   96.9682	 96.878109	 96.788315	 96.698831	 96.609666	 96.520835	 96.432346	 96.344213	 96.256446	 96.169057	 96.082055	 95.995453	  95.90926	 95.823486	 95.738143	  95.65324	 95.568787	 95.484793	 95.401269	 95.318223	 95.235665	 95.153603	 95.072047	 94.991004	 94.910484	 94.830494	 94.751043	 94.672137	 94.593786	 94.515995	 94.438772	 94.362124	 94.286058	  94.21058	 94.135696	 94.061413	 93.987736	 93.914671	 93.842223	 93.770398	   93.6992	 93.628634	 93.558704	 93.489416	 93.420772	 93.352777	 93.285435	 93.218749	 93.152721	 93.087356	 93.022656	 92.958623	  92.89526	 92.832569	 92.770552	  92.70921	 92.648545	 92.588559	 92.529252	 92.470626	 92.412681	 92.355417	 92.298836	 92.242937	  92.18772	 92.133184	  92.07933	 92.026157	 91.973664	 91.921851	 91.870715	 91.820256	 91.770472	 91.721362	 91.672923	 91.625155	 91.578054	 91.531619	 91.485848	 91.440737	 91.396284	 91.352486	 91.309341	 91.266845	 91.224996	 91.183789	 91.143222	  91.10329	 91.063991	 91.025321	 90.987276	 90.949851	 90.913043	 90.876848	 90.841262	  90.80628	 90.771898	 90.738111	 90.704916	 90.672307	  90.64028	 90.608831	 90.577954	 90.547645	 90.517899	 90.488711	 90.460076	  90.43199	 90.404447	 90.377443	 90.350972	 90.325029	  90.29961	  90.27471	 90.250323	 90.226444	 90.203068	 90.180191	 90.157806	  90.13591	 90.114498	 90.093563	 90.073102	 90.053108	 90.033579	 90.014507	  89.99589	 89.977721	 89.959996	 89.942711	  89.92586	 89.909439	 89.893444	 89.877869	 89.862711	 89.847965	 89.833627	 89.819691	 89.806156	 89.793015	 89.780265	 89.767902	 89.755922	 89.744321	 89.733096	 89.722243	 89.711757	 89.701637	 89.691877	 89.682476	 89.673429	 89.664734	 89.656387	 89.648386	 89.640728	  89.63341	 89.626429	 89.619784	  89.61347	 89.607487	 89.601832	 89.596502	 89.591497	 89.586814	  89.58245	 89.578406	 89.574678	 89.571266	 89.568169	 89.565384	 89.562912	 89.560751	   89.5589	 89.557358	 89.556126	 89.555202	 89.554587	 89.554279	
        99	 98.899455	 98.798925	 98.698424	 98.597965	 98.497565	 98.397237	 98.296995	 98.196853	 98.096827	 97.996929	 97.897175	 97.797579	 97.698154	 97.598914	 97.499873	 97.401046	 97.302445	 97.204085	 97.105978	 97.008139	 96.910581	 96.813315	 96.716357	 96.619719	 96.523412	 96.427451	 96.331848	 96.236614	 96.141763	 96.047305	 95.953254	  95.85962	 95.766416	 95.673652	 95.581341	 95.489492	 95.398116	 95.307225	 95.216829	 95.126937	 95.037561	 94.948709	 94.860392	 94.772619	 94.685398	  94.59874	 94.512653	 94.427145	 94.342224	   94.2579	 94.174179	  94.09107	 94.008579	 93.926714	 93.845483	 93.764891	 93.684945	 93.605651	 93.527016	 93.449046	 93.371745	 93.295119	 93.219174	 93.143914	 93.069344	 92.995467	 92.922289	 92.849814	 92.778044	 92.706983	 92.636635	 92.567003	 92.498089	 92.429896	 92.362426	 92.295681	 92.229663	 92.164374	 92.099815	 92.035987	 91.972892	 91.910529	 91.848901	 91.788006	 91.727846	 91.668419	 91.609727	 91.551768	 91.494541	 91.438047	 91.382283	 91.327249	 91.272944	 91.219365	 91.166511	  91.11438	  91.06297	 91.012279	 90.962305	 90.913044	 90.864494	 90.816652	 90.769516	 90.723082	 90.677347	 90.632307	 90.587959	 90.544299	 90.501324	 90.459029	 90.417411	 90.376465	 90.336188	 90.296574	  90.25762	 90.219321	 90.181672	 90.144669	 90.108307	 90.072582	 90.037487	 90.003019	 89.969172	 89.935941	 89.903322	 89.871308	 89.839895	 89.809078	  89.77885	 89.749208	 89.720145	 89.691656	 89.663736	 89.636379	 89.609581	 89.583334	 89.557635	 89.532478	 89.507856	 89.483766	 89.460201	 89.437156	 89.414625	 89.392604	 89.371087	 89.350068	 89.329543	 89.309506	 89.289952	 89.270876	 89.252273	 89.234138	 89.216465	 89.199251	 89.182489	 89.166175	 89.150305	 89.134874	 89.119876	 89.105309	 89.091166	 89.077444	 89.064139	 89.051246	 89.038761	  89.02668	 89.014999	 89.003714	 88.992822	 88.982319	 88.972201	 88.962464	 88.953106	 88.944124	 88.935513	 88.927271	 88.919395	 88.911882	 88.904729	 88.897935	 88.891496	 88.885409	 88.879674	 88.874287	 88.869246	  88.86455	 88.860197	 88.856186	 88.852514	  88.84918	 88.846183	 88.843523	 88.841197	 88.839205	 88.837546	 88.836219	 88.835225	 88.834563	 88.834231	
        99	 98.892348	 98.784711	 98.677106	 98.569546	 98.462049	 98.354628	   98.2473	  98.14008	 98.032983	 97.926024	 97.819219	 97.712582	 97.606128	 97.499873	 97.393832	 97.288019	 97.182448	 97.077135	 96.972093	 96.867338	 96.762883	 96.658742	  96.55493	  96.45146	 96.348346	 96.245602	  96.14324	 96.041275	 95.939718	 95.838584	 95.737884	 95.637632	 95.537839	 95.438518	 95.339681	 95.241339	 95.143505	 95.046189	 94.949403	 94.853157	 94.757463	  94.66233	  94.56777	 94.473792	 94.380406	 94.287622	  94.19545	 94.103897	 94.012974	 93.922689	  93.83305	 93.744065	 93.655744	 93.568092	 93.481118	 93.394829	 93.309232	 93.224334	  93.14014	 93.056658	 92.973893	 92.891851	 92.810537	 92.729957	 92.650115	 92.571017	 92.492666	 92.415067	 92.338224	  92.26214	 92.186819	 92.112265	 92.038479	 91.965466	 91.893226	 91.821763	 91.751079	 91.681174	 91.612052	 91.543712	 91.476157	 91.409386	 91.343401	 91.278202	 91.213789	 91.150162	  91.08732	 91.025264	 90.963993	 90.903505	 90.843799	 90.784875	 90.726731	 90.669364	 90.612774	 90.556958	 90.501914	  90.44764	 90.394133	  90.34139	 90.289408	 90.238185	 90.187717	    90.138	 90.089032	 90.040808	 89.993325	 89.946579	 89.900566	 89.855282	 89.810722	 89.766882	 89.723757	 89.681343	 89.639636	 89.598629	 89.558319	   89.5187	 89.479768	 89.441517	 89.403941	 89.367037	 89.330797	 89.295218	 89.260292	 89.226015	 89.192382	 89.159386	 89.127022	 89.095284	 89.064167	 89.033664	 89.003771	  88.97448	 88.945787	 88.917686	  88.89017	 88.863234	 88.836872	 88.811079	 88.785848	 88.761174	  88.73705	 88.713473	 88.690434	  88.66793	 88.645954	 88.624501	 88.603565	 88.583141	 88.563222	 88.543805	 88.524883	 88.506452	 88.488505	 88.471038	 88.454046	 88.437524	 88.421466	 88.405869	 88.390727	 88.376035	 88.361789	 88.347984	 88.334617	 88.321682	 88.309175	 88.297093	 88.285431	 88.274185	 88.263352	 88.252927	 88.242908	  88.23329	  88.22407	 88.215246	 88.206813	 88.198769	 88.191111	 88.183836	 88.176942	 88.170425	 88.164284	 88.158516	  88.15312	 88.148092	 88.143431	 88.139136	 88.135204	 88.131635	 88.128427	 88.125578	 88.123087	 88.120954	 88.119178	 88.117758	 88.116694	 88.115984	  88.11563	
        99	 98.885256	 98.770528	 98.655834	 98.541188	 98.426609	 98.312111	 98.197713	 98.083429	 97.969276	 97.855271	 97.741429	 97.627767	 97.514301	 97.401046	 97.288019	 97.175234	 97.062709	 96.950457	 96.838496	 96.726839	 96.615503	 96.504502	  96.39385	 96.283564	 96.173657	 96.064144	 95.955039	 95.846356	 95.738109	 95.630312	 95.522978	 95.416121	 95.309754	  95.20389	 95.098541	 94.993721	 94.889441	 94.785714	 94.682552	 94.579965	 94.477967	 94.376567	 94.275777	 94.175608	  94.07607	 93.977174	 93.878929	 93.781345	 93.684432	 93.588198	 93.492654	 93.397807	 93.303667	 93.210241	 93.117537	 93.025564	 92.934328	 92.843836	 92.754096	 92.665114	 92.576896	 92.489449	 92.402779	  92.31689	 92.231789	 92.147479	 92.063967	 91.981256	  91.89935	 91.818254	 91.737971	 91.658505	 91.579858	 91.502035	 91.425036	 91.348865	 91.273524	 91.199014	 91.125338	 91.052496	  90.98049	 90.909321	 90.838989	 90.769495	 90.700838	 90.633019	 90.566038	 90.499893	 90.434585	 90.370112	 90.306473	 90.243667	 90.181692	 90.120547	 90.060229	 90.000736	 89.942066	 89.884216	 89.827183	 89.770966	  89.71556	 89.660962	 89.607169	 89.554177	 89.501983	 89.450582	 89.399971	 89.350145	 89.301101	 89.252833	 89.205338	 89.158609	 89.112644	 89.067436	  89.02298	 88.979272	 88.936307	 88.894078	 88.852581	  88.81181	 88.771759	 88.732423	 88.693796	 88.655872	 88.618646	 88.582111	 88.546262	 88.511092	 88.476596	 88.442768	   88.4096	 88.377088	 88.345225	 88.314005	 88.283422	 88.253469	  88.22414	  88.19543	 88.167331	 88.139839	 88.112945	 88.086646	 88.060933	 88.035802	 88.011246	 87.987259	 87.963836	 87.940969	 87.918654	 87.896884	 87.875654	 87.854957	 87.834789	 87.815143	 87.796014	 87.777396	 87.759285	 87.741674	 87.724559	 87.707934	 87.691794	 87.676134	  87.66095	 87.646236	 87.631988	 87.618201	  87.60487	 87.591992	 87.579561	 87.567575	 87.556028	 87.544916	 87.534237	 87.523985	 87.514158	 87.504753	 87.495764	  87.48719	 87.479028	 87.471274	 87.463925	 87.456979	 87.450434	 87.444286	 87.438534	 87.433175	 87.428207	 87.423629	 87.419438	 87.415634	 87.412214	 87.409177	 87.406523	 87.404249	 87.402356	 87.400843	 87.399708	 87.398952	 87.398574	
        99	  98.87818	 98.756378	  98.63461	 98.512895	  98.39125	 98.269692	 98.148239	 98.026908	 97.905716	 97.784681	 97.663819	 97.543148	 97.422684	 97.302445	 97.182448	 97.062709	 96.943244	 96.824071	 96.705205	 96.586663	 96.468461	 96.350615	  96.23314	 96.116053	 95.999368	 95.883102	 95.767269	 95.651884	 95.536962	 95.422517	 95.308565	 95.195119	 95.082192	   94.9698	 94.857955	 94.746671	 94.635961	 94.525837	 94.416313	   94.3074	 94.199112	 94.091459	 93.984454	 93.878108	 93.772432	 93.667437	 93.563134	 93.459532	 93.356643	 93.254475	 93.153039	 93.052344	 92.952398	 92.853211	 92.754791	 92.657146	 92.560283	 92.464212	 92.368938	 92.274468	 92.180811	 92.087971	 91.995956	 91.904771	 91.814422	 91.724913	 91.636251	 91.548439	 91.461483	 91.375386	 91.290153	 91.205786	  91.12229	 91.039667	  90.95792	 90.877052	 90.797065	 90.717961	 90.639741	 90.562408	 90.485961	 90.410403	 90.335734	 90.261954	 90.189064	 90.117063	 90.045951	 89.975728	 89.906392	 89.837944	 89.770381	 89.703702	 89.637905	 89.572989	 89.508951	 89.445789	 89.383501	 89.322084	 89.261535	  89.20185	 89.143028	 89.085063	 89.027953	 88.971693	  88.91628	  88.86171	 88.807978	  88.75508	 88.703011	 88.651767	 88.601342	 88.551733	 88.502932	 88.454937	  88.40774	 88.361337	 88.315721	 88.270889	 88.226832	 88.183547	 88.141027	 88.099265	 88.058256	 88.017994	 87.978472	 87.939684	 87.901624	 87.864286	 87.827663	 87.791748	 87.756535	 87.722018	  87.68819	 87.655045	 87.622576	 87.590776	 87.559639	 87.529158	 87.499327	 87.470138	 87.441587	 87.413666	 87.386368	 87.359687	 87.333617	 87.308151	 87.283282	 87.259006	 87.235314	 87.212202	 87.189662	  87.16769	 87.146277	  87.12542	 87.105112	 87.085346	 87.066118	 87.047421	  87.02925	   87.0116	 86.994465	  86.97784	 86.961719	 86.946098	 86.930971	 86.916333	 86.902181	 86.888508	 86.875311	 86.862586	 86.850327	  86.83853	 86.827192	 86.816308	 86.805875	 86.795889	 86.786347	 86.777244	 86.768578	 86.760346	 86.752544	  86.74517	 86.738221	 86.731694	 86.725587	 86.719898	 86.714624	 86.709763	 86.705314	 86.701275	 86.697644	  86.69442	 86.691602	 86.689189	 86.687179	 86.685572	 86.684367	 86.683564	 86.683163	
