Time step 71:
        99	        99	        99	        99	        99	        99	        99	        99	        99	        99	        99	        99	        99	        99	        99	        99	        99	        99	        99	        99	        99	        99	        99	        99	        99	        99	        99	        99	        99	        99	        99	        99	        99	        99	        99	        99	        99	        99	        99	        99	        99	        99	        99	        99	        99	        99	        99	        99	        99	        99	        99	        99	        99	        99	        99	        99	        99	        99	        99	        99	        99	        99	        99	        99	        99	        99	        99	        99	        99	        99	        99	        99	        99	        99	        99	        99	        99	        99	        99	        99	        99	        99	        99	        99	        99	        99	        99	        99	        99	        99	        99	        99	        99	        99	        99	        99	        99	        99	        99	        99	        99	        99	        99	        99	        99	        99	        99	        99	        99	        99	        99	        99	        99	        99	        99	        99	        99	        99	        99	        99	        99	        99	        99	        99	        99	        99	        99	        99	        99	        99	        99	        99	        99	        99	        99	        99	        99	        99	        99	        99	        99	        99	        99	        99	        99	        99	        99	        99	        99	        99	        99	        99	        99	        99	        99	        99	        99	        99	        99	        99	        99	        99	        99	        99	        99	        99	        99	        99	        99	        99	        99	        99	        99	        99	        99	        99	        99	        99	        99	        99	        99	        99	        99	        99	        99	        99	        99	        99	        99	        99	        99	        99	        99	        99	        99	        99	        99	        99	        99	        99	
        99	 98.991057	 98.982115	 98.973177	 98.964243	 98.955316	 98.946397	 98.937487	 98.928588	 98.919702	  98.91083	 98.901974	 98.893135	 98.884315	 98.875515	 98.866738	 98.857983	 98.849254	 98.840551	 98.831875	 98.823229	 98.814614	 98.806031	 98.797481	 98.788966	 98.780488	 98.772047	 98.763645	 98.755283	 98.746963	 98.738686	 98.730452	 98.722264	 98.714123	 98.706029	 98.697983	 98.689988	 98.682044	 98.674152	 98.666313	 98.658528	 98.650799	 98.643125	 98.635509	 98.627951	 98.620451	 98.613012	 98.605633	 98.598315	  98.59106	 98.583868	 98.576739	 98.569675	 98.562675	 98.555742	 98.548874	 98.542074	 98.535341	 98.528676	 98.522079	 98.515551	 98.509093	 98.502704	 98.496385	 98.490137	 98.483959	 98.477853	 98.471818	 98.465854	 98.459962	 98.454142	 98.448394	 98.442718	 98.437114	 98.431583	 98.426124	 98.420737	 98.415423	 98.410181	 98.405012	 98.399914	 98.394889	 98.389935	 98.385054	 98.380244	 98.375505	 98.370838	 98.366241	 98.361716	  98.35726	 98.352875	 98.348559	 98.344313	 98.340136	 98.336028	 98.331988	 98.328015	  98.32411	 98.320273	 98.316501	 98.312796	 98.309156	 98.305581	 98.302071	 98.298624	 98.295241	 98.291921	 98.288664	 98.285468	 98.282333	 98.279258	 98.276244	 98.273289	 98.270392	 98.267554	 98.264773	 98.262049	 98.259381	 98.256768	  98.25421	 98.251707	 98.249257	 98.246859	 98.244514	  98.24222	 98.239977	 98.237784	 98.235641	 98.233546	   98.2315	   98.2295	 98.227548	 98.225641	  98.22378	 98.221963	 98.220191	 98.218462	 98.216775	  98.21513	 98.213527	 98.211965	 98.210442	 98.208959	 98.207514	 98.206108	 98.204739	 98.203407	 98.202112	 98.200851	 98.199626	 98.198436	 98.197279	 98.196156	 98.195065	 98.194006	  98.19298	 98.191984	 98.191018	 98.190083	 98.189177	   98.1883	 98.187452	 98.186631	 98.185839	 98.185073	 98.184334	 98.183621	 98.182934	 98.182272	 98.181635	 98.181022	 98.180434	 98.179869	 98.179328	  98.17881	 98.178315	 98.177842	 98.177391	 98.176962	 98.176554	 98.176168	 98.175803	 98.175458	 98.175134	 98.174829	 98.174545	 98.174281	 98.174037	 98.173812	 98.173606	 98.173419	 98.173252	 98.173103	 98.172974	 98.172862	  98.17277	 98.172696	 98.172641	 98.172604	 98.172585	
        99	 98.982115	 98.964234	 98.946358	 98.928493	  98.91064	 98.892803	 98.874984	 98.857189	 98.839418	 98.821676	 98.803965	 98.786289	 98.768651	 98.751053	 98.733499	 98.715992	 98.698534	  98.68113	 98.663781	  98.64649	 98.629261	 98.612096	 98.594998	  98.57797	 98.561015	 98.544134	 98.527332	  98.51061	 98.493971	 98.477418	 98.460952	 98.444578	 98.428296	  98.41211	 98.396021	 98.380032	 98.364145	 98.348362	 98.332685	 98.317117	 98.301659	 98.286314	 98.271083	 98.255967	  98.24097	 98.226092	 98.211336	 98.196702	 98.182193	 98.167809	 98.153553	 98.139426	 98.125428	 98.111563	 98.097829	 98.084229	 98.070765	 98.057436	 98.044243	 98.031189	 98.018273	 98.005496	  97.99286	 97.980365	 97.968011	 97.955799	 97.943729	 97.931803	  97.92002	 97.908381	 97.896885	 97.885535	 97.874328	 97.863267	  97.85235	 97.841577	  97.83095	 97.820467	 97.810129	 97.799935	 97.789885	 97.779979	 97.770217	 97.760598	 97.751122	 97.741788	 97.732596	 97.723545	 97.714635	 97.705865	 97.697235	 97.688743	  97.68039	 97.672174	 97.664094	  97.65615	 97.648341	 97.640666	 97.633124	 97.625714	 97.618435	 97.611286	 97.604266	 97.597374	 97.590608	 97.583969	 97.577454	 97.571062	 97.564793	 97.558645	 97.552617	 97.546707	 97.540914	 97.535238	 97.529677	 97.524229	 97.518893	 97.513669	 97.508553	 97.503547	 97.498647	 97.493853	 97.489163	 97.484575	  97.48009	 97.475705	 97.471418	 97.467229	 97.463136	 97.459138	 97.455233	  97.45142	 97.447698	 97.444065	  97.44052	 97.437062	 97.433689	   97.4304	 97.427194	 97.424069	 97.421024	 97.418058	  97.41517	 97.412357	  97.40962	 97.406956	 97.404365	 97.401845	 97.399395	 97.397014	 97.394701	 97.392454	 97.390273	 97.388156	 97.386103	 97.384111	  97.38218	  97.38031	 97.378498	 97.376745	 97.375048	 97.373408	 97.371822	 97.370291	 97.368813	 97.367387	 97.366013	 97.364689	 97.363415	  97.36219	 97.361014	 97.359885	 97.358803	 97.357767	 97.356776	  97.35583	 97.354928	  97.35407	 97.353255	 97.352482	 97.351752	 97.351062	 97.350414	 97.349806	 97.349238	  97.34871	 97.348221	  97.34777	 97.347359	 97.346986	 97.346651	 97.346354	 97.346094	 97.345872	 97.345687	 97.345539	 97.345429	 97.345355	 97.345318	
        99	 98.973177	 98.946358	  98.91955	 98.892755	 98.865979	 98.839228	 98.812505	 98.785815	 98.759163	 98.732553	 98.705991	 98.679481	 98.653027	 98.626635	 98.600308	 98.574051	 98.547869	 98.521766	 98.495746	 98.469814	 98.443974	 98.418231	 98.392587	 98.367049	  98.34162	 98.316303	 98.291103	 98.266024	 98.241069	 98.216243	 98.191549	  98.16699	 98.142571	 98.118295	 98.094165	 98.070185	 98.046358	 98.022687	 97.999176	 97.975827	 97.952644	 97.929629	 97.906786	 97.884117	 97.861624	  97.83931	 97.817179	 97.795231	 97.773471	 97.751899	 97.730518	  97.70933	 97.688337	 97.667541	 97.646944	 97.626548	 97.606353	 97.586363	 97.566577	 97.546999	 97.527628	 97.508466	 97.489514	 97.470774	 97.452245	  97.43393	 97.415828	 97.397942	  97.38027	 97.362813	 97.345573	  97.32855	 97.311743	 97.295153	  97.27878	 97.262624	 97.246685	 97.230963	 97.215458	 97.200169	 97.185097	  97.17024	 97.155599	 97.141172	  97.12696	 97.112961	 97.099175	 97.085601	 97.072238	 97.059085	 97.046142	 97.033406	 97.020878	 97.008556	 96.996438	 96.984524	 96.972812	 96.961301	  96.94999	 96.938876	 96.927959	 96.917237	 96.906709	 96.896372	 96.886226	 96.876268	 96.866497	 96.856911	 96.847509	 96.838288	 96.829247	 96.820383	 96.811696	 96.803183	 96.794842	 96.786671	 96.778669	 96.770833	 96.763162	 96.755653	 96.748304	 96.741114	  96.73408	   96.7272	 96.720473	 96.713896	 96.707467	 96.701184	 96.695046	 96.689049	 96.683193	 96.677474	 96.671892	 96.666444	 96.661127	 96.655941	 96.650882	 96.645949	 96.641141	 96.636454	 96.631887	 96.627439	 96.623107	 96.618889	 96.614783	 96.610788	 96.606902	 96.603123	 96.599449	 96.595878	 96.592408	 96.589039	 96.585768	 96.582593	 96.579513	 96.576526	  96.57363	 96.570825	 96.568108	 96.565478	 96.562933	 96.560473	 96.558095	 96.555798	 96.553581	 96.551443	 96.549382	 96.547397	 96.545486	 96.543649	 96.541885	 96.540192	 96.538569	 96.537015	 96.535529	 96.534111	 96.532758	 96.531471	 96.530249	  96.52909	 96.527994	  96.52696	 96.525987	 96.525075	 96.524224	 96.523431	 96.522698	 96.522023	 96.521406	 96.520846	 96.520344	 96.519898	 96.519509	 96.519176	 96.518898	 96.518677	 96.518511	   96.5184	 96.518345	
        99	 98.964243	 98.928493	 98.892755	 98.857036	 98.821343	 98.785681	 98.750058	 98.714479	  98.67895	 98.643478	 98.608069	  98.57273	 98.537466	 98.502283	 98.467188	 98.432186	 98.397283	 98.362486	 98.327801	 98.293232	 98.258786	 98.224468	 98.190285	 98.156241	 98.122342	 98.088593	    98.055	 98.021568	 97.988302	 97.955207	 97.922288	 97.889551	 97.856999	 97.824637	 97.792471	 97.760504	 97.728741	 97.697187	 97.665845	  97.63472	 97.603815	 97.573135	 97.542684	 97.512464	  97.48248	 97.452735	 97.423232	 97.393975	 97.364967	  97.33621	 97.307708	 97.279463	 97.251479	 97.223757	   97.1963	  97.16911	  97.14219	 97.115541	 97.089166	 97.063067	 97.037244	   97.0117	 96.986436	 96.961454	 96.936755	  96.91234	 96.888209	 96.864365	 96.840807	 96.817537	 96.794555	 96.771862	 96.749457	 96.727342	 96.705515	 96.683979	 96.662731	 96.641773	 96.621104	 96.600723	 96.580631	 96.560826	 96.541308	 96.522077	 96.503131	  96.48447	 96.466092	 96.447997	 96.430184	  96.41265	 96.395396	 96.378419	 96.361718	 96.345292	 96.329138	 96.313256	 96.297643	 96.282299	  96.26722	 96.252405	 96.237852	 96.223559	 96.209524	 96.195744	 96.182219	 96.168944	 96.155919	 96.143141	 96.130607	 96.118315	 96.106262	 96.094447	 96.082866	 96.071518	 96.060399	 96.049507	  96.03884	 96.028394	 96.018167	 96.008157	 95.998361	 95.988776	 95.979399	 95.970228	 95.961261	 95.952493	 95.943923	 95.935548	 95.927365	 95.919371	 95.911564	 95.903941	   95.8965	 95.889237	  95.88215	 95.875236	 95.868492	 95.861917	 95.855507	 95.849259	 95.843171	 95.837241	 95.831466	 95.825843	 95.820371	 95.815045	 95.809865	 95.804827	 95.799929	 95.795168	 95.790544	 95.786052	 95.781691	 95.777459	 95.773353	 95.769371	 95.765511	 95.761772	  95.75815	 95.754644	 95.751252	 95.747972	 95.744802	  95.74174	 95.738785	 95.735935	 95.733187	 95.730541	 95.727994	 95.725545	 95.723193	 95.720936	 95.718772	 95.716701	  95.71472	 95.712829	 95.711027	 95.709311	 95.707681	 95.706136	 95.704675	 95.703297	    95.702	 95.700785	 95.699649	 95.698593	 95.697616	 95.696716	 95.695893	 95.695147	 95.694478	 95.693883	 95.693365	  95.69292	 95.692551	 95.692255	 95.692034	 95.691887	 95.691813	
        99	 98.955316	  98.91064	 98.865979	 98.821343	 98.776738	 98.732173	 98.687656	 98.643193	 98.598795	 98.554467	 98.510217	 98.466055	 98.421986	 98.378019	 98.334162	 98.290421	 98.246805	  98.20332	 98.159975	 98.116775	 98.073729	 98.030844	 97.988126	 97.945582	 97.903219	 97.861045	 97.819065	 97.777286	 97.735714	 97.694357	  97.65322	 97.612308	 97.571629	 97.531188	 97.490991	 97.451043	  97.41135	 97.371918	 97.332751	 97.293855	 97.255234	 97.216895	  97.17884	 97.141076	 97.103606	 97.066434	 97.029566	 96.993004	 96.956753	 96.920817	 96.885199	 96.849903	 96.814931	 96.780288	 96.745976	 96.711998	 96.678357	 96.645055	 96.612095	 96.579479	 96.547209	 96.515288	 96.483717	 96.452497	 96.421631	  96.39112	 96.360966	 96.331168	 96.301729	 96.272649	 96.243929	  96.21557	 96.187571	 96.159934	 96.132659	 96.105745	 96.079193	 96.053002	 96.027173	 96.001704	 95.976595	 95.951846	 95.927455	 95.903422	 95.879746	 95.856426	  95.83346	 95.810847	 95.788586	 95.766675	 95.745113	 95.723897	 95.703027	 95.682499	 95.662313	 95.642465	 95.622955	 95.603779	 95.584935	 95.566421	 95.548235	 95.530374	 95.512835	 95.495615	 95.478712	 95.462124	 95.445847	 95.429878	 95.414215	 95.398854	 95.383792	 95.369027	 95.354555	 95.340373	 95.326479	 95.312867	 95.299536	 95.286483	 95.273703	 95.261194	 95.248952	 95.236974	 95.225256	 95.213795	 95.202588	 95.191632	 95.180922	 95.170456	  95.16023	 95.150241	 95.140485	 95.130959	 95.121659	 95.112583	 95.103726	 95.095086	 95.086659	 95.078442	 95.070431	 95.062624	 95.055016	 95.047606	 95.040389	 95.033362	 95.026523	 95.019868	 95.013394	 95.007098	 95.000977	 94.995029	 94.989249	 94.983636	 94.978186	 94.972897	 94.967766	  94.96279	 94.957967	 94.953294	 94.948768	 94.944386	 94.940148	 94.936049	 94.932087	 94.928261	 94.924568	 94.921006	 94.917572	 94.914265	 94.911083	 94.908023	 94.905083	 94.902263	 94.899559	  94.89697	 94.894495	 94.892132	 94.889879	 94.887735	 94.885699	 94.883768	 94.881942	  94.88022	   94.8786	 94.877081	 94.875662	 94.874342	  94.87312	 94.871996	 94.870968	 94.870036	 94.869199	 94.868456	 94.867808	 94.867253	 94.866791	 94.866422	 94.866145	 94.865961	 94.865869	
        99	 98.946397	 98.892803	 98.839228	 98.785681	 98.732173	 98.678713	 98.625309	 98.571972	  98.51871	 98.465534	 98.412452	 98.359474	 98.306609	 98.253866	 98.201255	 98.148783	 98.096461	 98.044296	 97.992298	 97.940476	 97.888837	 97.837391	 97.786146	  97.73511	 97.684292	 97.633699	 97.583339	 97.533221	 97.483352	 97.433739	  97.38439	 97.335312	 97.286513	    97.238	 97.189779	 97.141857	 97.094241	 97.046938	 96.999953	 96.953293	 96.906963	 96.860971	  96.81532	 96.770018	 96.725068	 96.680477	 96.636249	 96.592389	 96.548903	 96.505793	 96.463066	 96.420724	 96.378772	 96.337213	 96.296052	 96.255292	 96.214935	 96.174986	 96.135447	 96.096321	  96.05761	 96.019317	 95.981443	 95.943992	 95.906965	 95.870364	  95.83419	 95.798445	  95.76313	 95.728245	 95.693792	 95.659772	 95.626185	 95.593031	 95.560312	 95.528026	 95.496173	 95.464755	 95.433769	 95.403217	 95.373096	 95.343406	 95.314147	 95.285317	 95.256915	  95.22894	  95.20139	 95.174263	 95.147559	 95.121274	 95.095408	 95.069957	 95.044921	 95.020296	  94.99608	 94.972271	 94.948866	 94.925862	 94.903257	 94.881048	 94.859232	 94.837805	 94.816765	 94.796108	 94.775832	 94.755932	 94.736406	 94.717249	 94.698459	 94.680032	 94.661964	 94.644252	 94.626891	 94.609879	  94.59321	 94.576882	  94.56089	 94.545231	   94.5299	 94.514894	 94.500208	 94.485839	 94.471783	 94.458034	 94.444591	 94.431447	   94.4186	 94.406044	 94.393777	 94.381794	  94.37009	 94.358663	 94.347507	 94.336619	 94.325994	  94.31563	  94.30552	 94.295663	 94.286053	 94.276688	 94.267562	 94.258672	 94.250014	 94.241585	 94.233381	 94.225397	 94.217631	 94.210079	 94.202736	   94.1956	 94.188667	 94.181933	 94.175396	 94.169051	 94.162896	 94.156927	 94.151141	 94.145534	 94.140105	 94.134849	 94.129764	 94.124847	 94.120095	 94.115505	 94.111075	 94.106802	 94.102683	 94.098716	 94.094898	 94.091227	 94.087701	 94.084317	 94.081074	 94.077968	 94.074999	 94.072165	 94.069462	  94.06689	 94.064447	 94.062131	 94.059941	 94.057874	 94.055931	 94.054108	 94.052406	 94.050823	 94.049357	 94.048009	 94.046775	 94.045657	 94.044653	 94.043762	 94.042984	 94.042319	 94.041765	 94.041322	  94.04099	 94.040769	 94.040658	
        99	 98.937487	 98.874984	 98.812505	 98.750058	 98.687656	 98.625309	 98.563029	 98.500826	 98.438711	 98.376696	 98.314792	 98.253008	 98.191356	 98.129846	 98.068489	 98.007296	 97.946276	 97.885441	   97.8248	 97.764364	 97.704142	 97.644145	 97.584382	 97.524863	 97.465598	 97.406596	 97.347865	 97.289416	 97.231258	 97.173398	 97.115847	 97.058612	 97.001702	 96.945124	 96.888888	 96.833001	 96.777471	 96.722304	  96.66751	 96.613094	 96.559064	 96.505426	 96.452188	 96.399355	 96.346934	 96.294931	 96.243352	 96.192202	 96.141487	 96.091212	 96.041382	 95.992002	 95.943077	 95.894611	 95.846608	 95.799073	 95.752009	 95.705419	 95.659308	 95.613678	 95.568533	 95.523874	 95.479706	  95.43603	 95.392849	 95.350164	 95.307977	  95.26629	 95.225105	 95.184422	 95.144242	 95.104567	 95.065397	 95.026733	 94.988575	 94.950922	 94.913776	 94.877135	 94.840999	 94.805368	  94.77024	 94.735616	 94.701493	 94.667871	 94.634748	 94.602123	 94.569994	 94.538358	 94.507215	 94.476561	 94.446396	 94.416715	 94.387517	 94.358799	 94.330558	 94.302791	 94.275496	 94.248669	 94.222306	 94.196406	 94.170963	 94.145975	 94.121437	 94.097347	   94.0737	 94.050493	 94.027721	  94.00538	 93.983467	 93.961977	 93.940906	  93.92025	 93.900004	 93.880163	 93.860724	 93.841682	 93.823032	  93.80477	 93.786891	  93.76939	 93.752264	 93.735506	 93.719113	  93.70308	 93.687401	 93.672073	  93.65709	 93.642448	 93.628141	 93.614166	 93.600518	 93.587191	  93.57418	 93.561483	 93.549092	 93.537005	 93.525215	 93.513719	 93.502512	  93.49159	 93.480947	  93.47058	 93.460483	 93.450653	 93.441085	 93.431774	 93.422717	 93.413909	 93.405346	 93.397024	 93.388938	 93.381086	 93.373461	 93.366062	 93.358884	 93.351922	 93.345175	 93.338637	 93.332305	 93.326175	 93.320245	 93.314511	 93.308969	 93.303616	 93.298449	 93.293466	 93.288662	 93.284036	 93.279583	 93.275302	  93.27119	 93.267244	 93.263461	  93.25984	 93.256377	 93.253071	  93.24992	  93.24692	 93.244071	  93.24137	 93.238816	 93.236406	 93.234139	 93.232014	 93.230029	 93.228182	 93.226473	   93.2249	 93.223462	 93.222158	 93.220987	 93.219948	 93.219041	 93.218265	 93.217618	 93.217102	 93.216715	 93.216457	 93.216328	
        99	 98.928588	 98.857189	 98.785815	 98.714479	 98.643193	 98.571972	 98.500826	 98.429768	 98.358812	 98.287969	 98.217252	 98.146674	 98.076245	  98.00598	 97.935889	 97.865985	 97.796279	 97.726784	 97.657511	 97.588472	 97.519677	  97.45114	  97.38287	 97.314878	 97.247176	 97.179775	 97.112684	 97.045915	 96.979478	 96.913382	 96.847638	 96.782256	 96.717244	 96.652613	 96.588372	 96.524529	 96.461094	 96.398075	  96.33548	 96.273318	 96.211597	 96.150324	 96.089507	 96.029154	 95.969271	 95.909865	 95.850944	 95.792513	 95.734578	 95.677147	 95.620224	 95.563815	 95.507925	  95.45256	 95.397724	 95.343421	 95.289658	 95.236436	 95.183761	 95.131636	 95.080064	 95.029049	 94.978593	   94.9287	 94.879371	  94.83061	 94.782418	 94.734797	 94.687749	 94.641275	 94.595376	 94.550053	 94.505308	 94.461139	 94.417549	 94.374537	 94.332102	 94.290246	 94.248966	 94.208263	 94.168135	 94.128582	 94.089602	 94.051194	 94.013356	 93.976086	 93.939383	 93.903244	 93.867668	 93.832651	 93.798191	 93.764285	 93.730931	 93.698125	 93.665864	 93.634145	 93.602964	 93.572318	 93.542203	 93.512615	  93.48355	 93.455005	 93.426975	 93.399455	 93.372442	 93.345931	 93.319918	 93.294397	 93.269365	 93.244816	 93.220745	 93.197148	  93.17402	 93.151355	 93.129149	 93.107396	 93.086092	  93.06523	 93.044806	 93.024814	  93.00525	 92.986107	  92.96738	 92.949064	 92.931154	 92.913643	 92.896528	 92.879801	 92.863458	 92.847494	 92.831902	 92.816678	 92.801816	 92.787311	 92.773156	 92.759348	 92.745881	 92.732748	 92.719946	 92.707469	 92.695311	 92.683468	 92.671934	 92.660704	 92.649774	 92.639138	 92.628792	  92.61873	 92.608948	 92.599441	 92.590205	 92.581234	 92.572525	 92.564072	 92.555872	  92.54792	 92.540211	 92.532743	 92.525509	 92.518507	 92.511733	 92.505182	 92.498852	 92.492737	 92.486835	 92.481142	 92.475654	 92.470369	 92.465283	 92.460393	 92.455695	 92.451187	 92.446866	 92.442729	 92.438774	 92.434997	 92.431397	  92.42797	 92.424716	  92.42163	 92.418712	 92.415959	  92.41337	 92.410942	 92.408675	 92.406565	 92.404613	 92.402816	 92.401173	 92.399683	 92.398346	 92.397159	 92.396123	 92.395236	 92.394498	 92.393908	 92.393466	 92.393171	 92.393024	
        99	 98.919702	 98.839418	 98.759163	  98.67895	 98.598795	  98.51871	 98.438711	 98.358812	 98.279026	 98.199368	 98.119852	 98.040491	 97.961299	 97.882289	 97.803477	 97.724874	 97.646495	 97.568352	 97.490459	 97.412829	 97.335475	 97.258408	 97.181643	 97.105191	 97.029065	 96.953277	 96.877838	  96.80276	 96.728056	 96.653735	 96.579811	 96.506292	 96.433191	 96.360518	 96.288283	 96.216496	 96.145167	 96.074306	 96.003923	 95.934026	 95.864624	 95.795727	 95.727342	 95.659479	 95.592144	 95.525347	 95.459093	 95.393391	 95.328248	  95.26367	 95.199664	 95.136235	 95.073391	 95.011137	 94.949477	 94.888418	 94.827964	  94.76812	  94.70889	 94.650279	  94.59229	 94.534926	 94.478192	 94.422091	 94.366624	 94.311795	 94.257607	  94.20406	 94.151157	   94.0989	  94.04729	 93.996328	 93.946014	  93.89635	 93.847335	 93.798971	 93.751256	 93.704191	 93.657775	 93.612007	 93.566886	 93.522411	  93.47858	 93.435393	 93.392846	 93.350939	 93.309669	 93.269034	  93.22903	 93.189656	 93.150908	 93.112783	 93.075278	  93.03839	 93.002115	 92.966448	 92.931388	 92.896928	 92.863066	 92.829796	 92.797115	 92.765018	   92.7335	 92.702556	 92.672182	 92.642372	 92.613121	 92.584425	 92.556278	 92.528674	 92.501608	 92.475075	 92.449069	 92.423584	 92.398614	 92.374155	 92.350199	 92.326741	 92.303776	 92.281297	 92.259297	 92.237772	 92.216715	  92.19612	 92.175981	 92.156292	 92.137047	 92.118239	 92.099863	 92.081912	  92.06438	 92.047261	  92.03055	 92.014239	 91.998324	 91.982798	 91.967654	 91.952888	 91.938492	 91.924462	 91.910792	 91.897475	 91.884506	 91.871879	 91.859589	 91.847629	 91.835996	 91.824682	 91.813683	 91.802993	 91.792607	  91.78252	 91.772727	 91.763223	 91.754002	  91.74506	 91.736393	 91.727994	 91.719861	 91.711988	 91.704371	 91.697005	 91.689886	 91.683011	 91.676374	 91.669973	 91.663803	  91.65786	 91.652141	 91.646642	 91.641359	 91.636291	 91.631432	  91.62678	 91.622333	 91.618086	 91.614038	 91.610185	 91.606525	 91.603056	 91.599775	 91.596679	 91.593768	 91.591038	 91.588488	 91.586116	 91.583921	   91.5819	 91.580053	 91.578378	 91.576874	  91.57554	 91.574374	 91.573377	 91.572547	 91.571884	 91.571387	 91.571055	  91.57089	
        99	  98.91083	 98.821676	 98.732553	 98.643478	 98.554467	 98.465534	 98.376696	 98.287969	 98.199368	 98.110909	 98.022607	 97.934477	 97.846536	 97.758797	 97.671277	  97.58399	  97.49695	 97.410174	 97.323675	 97.237468	 97.151566	 97.065985	 96.980739	  96.89584	 96.811303	  96.72714	 96.643367	 96.559994	 96.477036	 96.394504	 96.312412	  96.23077	 96.149593	  96.06889	 95.988674	 95.908955	 95.829746	 95.751056	 95.672896	 95.595276	 95.518206	 95.441697	 95.365757	 95.290395	 95.215621	 95.141443	  95.06787	 94.994908	 94.922568	 94.850855	 94.779776	  94.70934	 94.639553	  94.57042	 94.501948	 94.434142	 94.367009	 94.300553	 94.234779	 94.169692	 94.105295	 94.041594	 93.978592	 93.916292	 93.854697	  93.79381	 93.733634	 93.674172	 93.615424	 93.557393	  93.50008	 93.443487	 93.387615	 93.332464	 93.278034	 93.224326	 93.171339	 93.119074	 93.067529	 93.016704	 92.966598	 92.917209	 92.868536	 92.820577	  92.77333	 92.726792	 92.680962	 92.635837	 92.591414	 92.547689	  92.50466	 92.462323	 92.420674	  92.37971	 92.339427	  92.29982	 92.260886	 92.222619	 92.185015	  92.14807	 92.111778	 92.076134	 92.041134	 92.006771	 91.973041	 91.939937	 91.907455	 91.875588	 91.844331	 91.813677	 91.783621	 91.754156	 91.725277	 91.696976	 91.669248	 91.642086	 91.615483	 91.589434	 91.563931	 91.538968	 91.514538	 91.490635	 91.467252	 91.444381	 91.422017	 91.400153	 91.378781	 91.357895	 91.337488	 91.317554	 91.298085	 91.279075	 91.260517	 91.242405	 91.224731	 91.207489	 91.190672	 91.174274	 91.158289	 91.142708	 91.127527	 91.112739	 91.098337	 91.084315	 91.070667	 91.057386	 91.044467	 91.031903	 91.019689	 91.007818	 90.996285	 90.985083	 90.974208	 90.963654	 90.953414	 90.943485	 90.933859	 90.924533	 90.915501	 90.906758	 90.898299	  90.89012	 90.882215	  90.87458	  90.86721	 90.860101	 90.853249	  90.84665	 90.840299	 90.834192	 90.828326	 90.822698	 90.817302	 90.812136	 90.807197	 90.802482	 90.797986	 90.793707	 90.789643	 90.785791	 90.782147	  90.77871	 90.775476	 90.772445	 90.769613	  90.76698	 90.764542	 90.762298	 90.760247	 90.758386	 90.756716	 90.755234	  90.75394	 90.752833	 90.751911	 90.751174	 90.750622	 90.750255	 90.750071	
        99	 98.901974	 98.803965	 98.705991	 98.608069	 98.510217	 98.412452	 98.314792	 98.217252	 98.119852	 98.022607	 97.925535	 97.828653	 97.731977	 97.635524	 97.539312	 97.443355	 97.347672	 97.252277	 97.157187	 97.062418	 96.967985	 96.873904	 96.780191	  96.68686	 96.593927	 96.501406	 96.409312	 96.317659	 96.226462	 96.135733	 96.045488	 95.955738	 95.866498	  95.77778	 95.689597	 95.601961	 95.514885	 95.428379	 95.342457	 95.257128	 95.172404	 95.088296	 95.004814	 94.921967	 94.839767	 94.758222	 94.677341	 94.597134	 94.517608	 94.438773	 94.360635	 94.283204	 94.206485	 94.130486	 94.055213	 93.980674	 93.906873	 93.833816	  93.76151	 93.689959	 93.619167	 93.549139	 93.479879	 93.411392	 93.343679	 93.276746	 93.210593	 93.145225	 93.080642	 93.016848	 92.953843	  92.89163	 92.830208	 92.769579	 92.709744	 92.650701	 92.592452	 92.534996	 92.478332	 92.422459	 92.367377	 92.313083	 92.259575	 92.206853	 92.154914	 92.103754	 92.053373	 92.003766	  91.95493	 91.906863	  91.85956	 91.813018	 91.767233	 91.722201	 91.677917	 91.634377	 91.591575	 91.549508	 91.508169	 91.467555	 91.427658	 91.388475	 91.349998	 91.312222	 91.275142	 91.238751	 91.203043	 91.168011	 91.133649	 91.099951	  91.06691	 91.034519	 91.002771	  90.97166	 90.941178	 90.911318	 90.882073	 90.853437	 90.825401	 90.797959	 90.771102	 90.744825	 90.719119	 90.693978	 90.669392	 90.645356	 90.621862	 90.598902	 90.576468	 90.554554	 90.533152	 90.512254	 90.491853	 90.471941	 90.452512	 90.433558	 90.415071	 90.397044	 90.379471	 90.362343	 90.345655	 90.329398	 90.313565	 90.298151	 90.283147	 90.268547	 90.254345	 90.240534	 90.227106	 90.214056	 90.201377	 90.189064	 90.177108	 90.165506	 90.154249	 90.143333	 90.132752	   90.1225	 90.112571	 90.102959	  90.09366	 90.084668	 90.075978	 90.067585	 90.059483	 90.051668	 90.044136	 90.036881	 90.029899	 90.023186	 90.016738	  90.01055	 90.004619	  89.99894	  89.99351	 89.988326	 89.983384	 89.978681	 89.974213	 89.969978	 89.965972	 89.962193	 89.958639	 89.955307	 89.952194	 89.949298	 89.946618	 89.944152	 89.941897	 89.939852	 89.938015	 89.936387	 89.934964	 89.933746	 89.932733	 89.931923	 89.931317	 89.930912	  89.93071	
        99	 98.893135	 98.786289	 98.679481	  98.57273	 98.466055	 98.359474	 98.253008	 98.146674	 98.040491	 97.934477	 97.828653	 97.723035	 97.617642	 97.512492	 97.407604	 97.302996	 97.198684	 97.094688	 96.991024	  96.88771	 96.784762	 96.682199	 96.580035	 96.478289	 96.376976	 96.276113	 96.175715	 96.075798	 95.976377	 95.877468	 95.779085	 95.681243	 95.583957	 95.487239	 95.391105	 95.295567	 95.200639	 95.106334	 95.012664	 94.919641	 94.827278	 94.735585	 94.644576	 94.554259	 94.464647	 94.375749	 94.287576	 94.200136	  94.11344	 94.027496	 93.942313	   93.8579	 93.774263	 93.691412	 93.609352	 93.528091	 93.447636	 93.367992	 93.289166	 93.211163	 93.133988	 93.057646	 92.982141	 92.907478	  92.83366	 92.760691	 92.688574	 92.617312	 92.546906	 92.477359	 92.408674	 92.340851	 92.273891	 92.207795	 92.142564	 92.078198	 92.014697	  91.95206	 91.890287	 91.829376	 91.769327	 91.710137	 91.651805	 91.594329	 91.537706	 91.481934	  91.42701	  91.37293	 91.319691	 91.267289	 91.215722	 91.164983	  91.11507	 91.065977	   91.0177	 90.970233	 90.923573	 90.877712	 90.832646	  90.78837	 90.744876	 90.702159	 90.660213	 90.619031	 90.578608	 90.538935	 90.500007	 90.461817	 90.424357	  90.38762	   90.3516	 90.316288	 90.281677	 90.247761	  90.21453	 90.181978	 90.150096	 90.118878	 90.088314	 90.058397	  90.02912	 90.000473	 89.972449	 89.945041	 89.918239	 89.892035	 89.866422	 89.841392	 89.816936	 89.793045	 89.769713	 89.746931	 89.724691	 89.702984	 89.681803	 89.661139	 89.640986	 89.621334	 89.602176	 89.583504	  89.56531	 89.547587	 89.530327	 89.513523	 89.497166	  89.48125	 89.465767	  89.45071	 89.436072	 89.421846	 89.408024	   89.3946	 89.381566	 89.368917	 89.356646	 89.344746	 89.333211	 89.322034	  89.31121	 89.300732	 89.290594	 89.280791	 89.271318	 89.262167	 89.253335	 89.244816	 89.236604	 89.228695	 89.221084	 89.213765	 89.206736	  89.19999	 89.193524	 89.187333	 89.181414	 89.175762	 89.170374	 89.165247	 89.160376	 89.155759	 89.151392	 89.147273	 89.143398	 89.139765	 89.136372	 89.133215	 89.130293	 89.127604	 89.125146	 89.122917	 89.120915	 89.119139	 89.117588	 89.116261	 89.115156	 89.114273	 89.113612	 89.113171	 89.112951	
        99	 98.884315	 98.768651	 98.653027	 98.537466	 98.421986	 98.306609	 98.191356	 98.076245	 97.961299	 97.846536	 97.731977	 97.617642	  97.50355	 97.389723	 97.276178	 97.162935	 97.050015	 96.937435	 96.825216	 96.713374	  96.60193	 96.490902	 96.380306	 96.270163	 96.160488	   96.0513	 95.942616	 95.834453	 95.726826	 95.619754	 95.513251	 95.407334	 95.302017	 95.197318	 95.093249	 94.989826	 94.887063	 94.784975	 94.683573	 94.582873	 94.482887	 94.383627	 94.285106	 94.187335	 94.090327	 93.994092	 93.898641	 93.803985	 93.710134	 93.617096	 93.524883	 93.433503	 93.342963	 93.253274	 93.164441	 93.076474	 92.989378	 92.903161	 92.817829	 92.733388	 92.649844	 92.567201	 92.485465	 92.404639	 92.324729	 92.245738	 92.167668	 92.090524	 92.014308	 91.939021	 91.864667	 91.791245	 91.718759	 91.647208	 91.576594	 91.506915	 91.438173	 91.370366	 91.303495	 91.237557	 91.172551	 91.108477	 91.045331	 90.983111	 90.921815	 90.861439	 90.801982	 90.743438	 90.685806	 90.629079	 90.573255	 90.518329	 90.464296	 90.411152	  90.35889	 90.307506	 90.256994	 90.207349	 90.158564	 90.110632	 90.063549	 90.017306	 89.971898	 89.927318	 89.883558	 89.840611	  89.79847	 89.757128	 89.716576	 89.676808	 89.637814	 89.599588	 89.562121	 89.525405	 89.489432	 89.454193	  89.41968	 89.385885	 89.352799	 89.320413	 89.288719	 89.257708	 89.227371	   89.1977	 89.168686	  89.14032	 89.112593	 89.085497	 89.059022	  89.03316	 89.007903	  88.98324	 88.959164	 88.935666	 88.912736	 88.890367	  88.86855	 88.847276	 88.826537	 88.806324	 88.786629	 88.767444	 88.748759	 88.730568	 88.712861	 88.695632	 88.678871	 88.662571	 88.646725	 88.631324	 88.616361	 88.601829	  88.58772	 88.574027	 88.560743	 88.547861	 88.535374	 88.523274	 88.511557	 88.500214	  88.48924	 88.478628	 88.468372	 88.458467	 88.448906	 88.439683	 88.430794	 88.422232	 88.413992	  88.40607	  88.39846	 88.391157	 88.384158	 88.377456	 88.371048	  88.36493	 88.359098	 88.353547	 88.348275	 88.343276	 88.338549	  88.33409	 88.329895	 88.325962	 88.322289	 88.318872	 88.315709	 88.312798	 88.310137	 88.307723	 88.305556	 88.303634	 88.301955	 88.300518	 88.299322	 88.298367	 88.297651	 88.297174	 88.296935	
        99	 98.875515	 98.751053	 98.626635	 98.502283	 98.378019	 98.253866	 98.129846	  98.00598	 97.882289	 97.758797	 97.635524	 97.512492	 97.389723	 97.267236	 97.145055	 97.023199	 96.901689	 96.780546	  96.65979	 96.539442	  96.41952	 96.300046	 96.181039	 96.062517	   95.9445	 95.827007	 95.710055	 95.593664	 95.477851	 95.362634	  95.24803	 95.134056	 95.020729	 94.908066	 94.796081	 94.684791	 94.574212	 94.464357	 94.355243	 94.246883	 94.139292	 94.032481	 93.926466	 93.821259	 93.716872	 93.613316	 93.510605	 93.408749	 93.307759	 93.207645	 93.108417	 93.010085	 92.912659	 92.816147	 92.720558	 92.625899	 92.532179	 92.439404	 92.347581	 92.256717	 92.166817	 92.077888	 91.989935	 91.902961	 91.816973	 91.731973	 91.647965	 91.564953	 91.482939	 91.401926	 91.321916	  91.24291	  91.16491	 91.087916	  91.01193	 90.936952	 90.862981	 90.790016	 90.718058	 90.647105	 90.577155	 90.508206	 90.440257	 90.373304	 90.307345	 90.242378	 90.178397	 90.115401	 90.053384	 89.992343	 89.932273	 89.873169	 89.815026	 89.757839	 89.701602	 89.646309	 89.591955	 89.538533	 89.486037	  89.43446	 89.383795	 89.334036	 89.285174	 89.237202	 89.190113	   89.1439	 89.098554	 89.054066	  89.01043	 88.967637	 88.925677	 88.884543	 88.844226	 88.804717	 88.766008	 88.728089	 88.690951	 88.654585	 88.618982	 88.584132	 88.550028	 88.516658	 88.484014	 88.452086	 88.420865	 88.390341	 88.360505	 88.331348	 88.302859	  88.27503	 88.247851	 88.221312	 88.195405	 88.170119	 88.145446	 88.121376	 88.097899	 88.075007	  88.05269	  88.03094	 88.009747	 87.989101	 87.968996	 87.949421	 87.930367	 87.911827	 87.893791	 87.876252	   87.8592	 87.842628	 87.826527	  87.81089	 87.795707	 87.780973	 87.766678	 87.752816	 87.739379	  87.72636	  87.71375	 87.701545	 87.689736	 87.678317	 87.667281	 87.656622	 87.646334	  87.63641	 87.626844	 87.617631	 87.608765	  87.60024	 87.592051	 87.584193	 87.576661	 87.569449	 87.562554	 87.555971	 87.549695	 87.543722	 87.538048	  87.53267	 87.527583	 87.522785	 87.518271	 87.514039	 87.510086	 87.506409	 87.503005	 87.499873	 87.497009	 87.494413	 87.492081	 87.490012	 87.488205	 87.486659	 87.485373	 87.484344	 87.483574	  87.48306	 87.482804	
        99	 98.866738	 98.733499	 98.600308	 98.467188	 98.334162	 98.201255	 98.068489	 97.935889	 97.803477	 97.671277	 97.539312	 97.407604	 97.276178	 97.145055	 97.014258	 96.883809	 96.753732	 96.624047	 96.494776	 96.365941	 96.237564	 96.109666	 95.982267	 95.855388	 95.729049	 95.603271	 95.478073	 95.353475	 95.229496	 95.106154	 94.983469	 94.861459	 94.740141	 94.619533	 94.499652	 94.380515	 94.262138	 94.144538	  94.02773	 93.911729	 93.796551	 93.682209	 93.568719	 93.456093	 93.344345	 93.233488	 93.123534	 93.014495	 92.906384	 92.799211	 92.692986	 92.587721	 92.483425	 92.380108	 92.277778	 92.176445	 92.076116	 91.976799	 91.878502	 91.781231	 91.684992	 91.589793	 91.495637	 91.402531	 91.310479	 91.219486	 91.129554	 91.040689	 90.952892	 90.866166	 90.780514	 90.695937	 90.612437	 90.530015	 90.448671	 90.368406	 90.289219	 90.211109	 90.134077	 90.058121	 89.983238	 89.909428	 89.836687	 89.765014	 89.694404	 89.624855	 89.556364	 89.488925	 89.422535	  89.35719	 89.292884	 89.229613	  89.16737	  89.10615	 89.045948	 88.986757	  88.92857	 88.871381	 88.815184	  88.75997	 88.705732	 88.652464	 88.600156	 88.548802	 88.498393	 88.448921	 88.400377	 88.352753	  88.30604	 88.260229	 88.215311	 88.171277	 88.128117	 88.085822	 88.044383	  88.00379	 87.964033	 87.925103	  87.88699	 87.849683	 87.813173	 87.777451	 87.742505	 87.708325	 87.674903	 87.642227	 87.610287	 87.579074	 87.548577	 87.518785	  87.48969	  87.46128	 87.433545	 87.406477	 87.380064	 87.354296	 87.329164	 87.304658	 87.280767	 87.257483	 87.234796	 87.212695	 87.191172	 87.170216	 87.149819	 87.129972	 87.110664	 87.091888	 87.073634	 87.055893	 87.038657	 87.021917	 87.005664	 86.989891	 86.974588	 86.959749	 86.945364	 86.931426	 86.917928	 86.904862	  86.89222	 86.879996	 86.868182	 86.856772	 86.845758	 86.835134	 86.824894	 86.815031	  86.80554	 86.796414	 86.787648	 86.779235	 86.771172	 86.763452	 86.756071	 86.749023	 86.742305	 86.735911	 86.729837	 86.724079	 86.718634	 86.713497	 86.708665	 86.704135	 86.699903	 86.695966	 86.692323	  86.68897	 86.685904	 86.683124	 86.680628	 86.678414	 86.676479	 86.674824	 86.673447	 86.672346	 86.671521	 86.670971	 86.670697	
        99	 98.857983	 98.715992	 98.574051	 98.432186	 98.290421	 98.148783	 98.007296	 97.865985	 97.724874	  97.58399	 97.443355	 97.302996	 97.162935	 97.023199	 96.883809	 96.744791	 96.606169	 96.467964	 96.330201	 96.192903	 96.056093	 95.919792	 95.784024	  95.64881	 95.514172	 95.380131	 95.246709	 95.113925	 94.981802	 94.850358	 94.719613	 94.589588	   94.4603	 94.331769	 94.204012	 94.077049	 93.950896	  93.82557	 93.701089	 93.577467	 93.454723	  93.33287	 93.211924	 93.091899	  92.97281	 92.854671	 92.737494	 92.621292	 92.506079	 92.391865	 92.278663	 92.166482	 92.055335	  91.94523	 91.836179	 91.728188	 91.621268	 91.515427	 91.410672	 91.307011	 91.204451	 91.102997	 91.002656	 90.903434	 90.805335	 90.708364	 90.612525	 90.517821	 90.424257	 90.331834	 90.240555	 90.150422	 90.061437	   89.9736	 89.886913	 89.801374	 89.716985	 89.633745	 89.551652	 89.470706	 89.390904	 89.312245	 89.234726	 89.158344	 89.083096	 89.008978	 88.935987	 88.864118	 88.793367	 88.723729	 88.655199	 88.587771	 88.521439	 88.456198	 88.392041	 88.328961	 88.266952	 88.206007	 88.146117	 88.087276	 88.029476	 87.972708	 87.916964	 87.862237	 87.808516	 87.755794	 87.704061	 87.653309	 87.603527	 87.554706	 87.506837	  87.45991	 87.413915	 87.368842	 87.324681	 87.281421	 87.239052	 87.197565	 87.156948	  87.11719	 87.078282	 87.040213	 87.002971	 86.966547	 86.930928	 86.896106	 86.862068	 86.828804	 86.796303	 86.764555	 86.733548	 86.703272	 86.673716	 86.644869	  86.61672	  86.58926	 86.562477	 86.536361	 86.510901	 86.486088	 86.461909	 86.438357	  86.41542	 86.393088	 86.371351	 86.350199	 86.329624	 86.309614	 86.290161	 86.271254	 86.252886	 86.235046	 86.217726	 86.200916	 86.184608	 86.168794	 86.153464	 86.138611	 86.124226	 86.110302	  86.09683	 86.083802	 86.071212	 86.059052	 86.047315	 86.035993	  86.02508	  86.01457	 86.004455	 85.994729	 85.985387	 85.976422	 85.967829	 85.959602	 85.951736	 85.944225	 85.937065	 85.930251	 85.923779	 85.917643	 85.911839	 85.906365	 85.901216	 85.896388	 85.891878	 85.887683	   85.8838	 85.880227	  85.87696	 85.873997	 85.871337	 85.868977	 85.866916	 85.865152	 85.863684	 85.862511	 85.861632	 85.861046	 85.860753	
        99	 98.849254	 98.698534	 98.547869	 98.397283	 98.246805	 98.096461	 97.946276	 97.796279	 97.646495	  97.49695	 97.347672	 97.198684	 97.050015	 96.901689	 96.753732	 96.606169	 96.459025	 96.312325	 96.166094	 96.020357	 95.875137	 95.730458	 95.586345	 95.442819	 95.299905	 95.157625	 95.016002	 94.875057	 94.734812	 94.595288	 94.456507	 94.318489	 94.181254	 94.044822	 93.909213	 93.774446	 93.640538	 93.507509	 93.375376	 93.244156	 93.113866	 92.984523	 92.856143	 92.728741	 92.602332	  92.47693	 92.352551	 92.229207	 92.106911	 91.985677	 91.865516	  91.74644	 91.628461	 91.511589	 91.395833	 91.281205	 91.167713	 91.055366	 90.944172	 90.834139	 90.725275	 90.617585	 90.511076	 90.405755	 90.301626	 90.198694	 90.096964	  89.99644	 89.897124	  89.79902	 89.702131	 89.606458	 89.512002	 89.418766	  89.32675	 89.235954	 89.146378	 89.058021	 88.970882	  88.88496	 88.800253	 88.716759	 88.634475	 88.553398	 88.473525	 88.394851	 88.317373	 88.241087	 88.165987	 88.092069	 88.019326	 87.947753	 87.877344	 87.808093	 87.739992	 87.673035	 87.607214	 87.542523	 87.478952	 87.416494	  87.35514	 87.294883	 87.235713	 87.177622	 87.120599	 87.064636	 87.009724	 86.955851	 86.903009	 86.851188	 86.800377	 86.750565	 86.701743	 86.653899	 86.607023	 86.561104	 86.516132	 86.472094	  86.42898	 86.386779	 86.345479	  86.30507	 86.265539	 86.226875	 86.189068	 86.152105	 86.115975	 86.080666	 86.046168	 86.012468	 85.979555	 85.947418	 85.916045	 85.885425	 85.855546	 85.826398	 85.797969	 85.770247	 85.743223	 85.716884	 85.691219	 85.666219	 85.641872	 85.618167	 85.595094	 85.572643	 85.550802	 85.529563	 85.508914	 85.488845	 85.469348	 85.450411	 85.432026	 85.414183	 85.396873	 85.380087	 85.363815	 85.348048	 85.332779	 85.317999	 85.303699	 85.289871	 85.276507	 85.263599	  85.25114	 85.239123	 85.227539	 85.216382	 85.205646	 85.195323	 85.185406	  85.17589	 85.166769	 85.158036	 85.149687	 85.141714	 85.134114	 85.126881	 85.120011	 85.113498	 85.107338	 85.101527	 85.096061	 85.090936	 85.086149	 85.081697	 85.077575	 85.073782	 85.070314	 85.067169	 85.064346	 85.061841	 85.059653	 85.057781	 85.056222	 85.054977	 85.054044	 85.053422	 85.053112	
