Time step 93:
        99	        99	        99	        99	        99	        99	        99	        99	        99	        99	        99	        99	        99	        99	        99	        99	        99	        99	        99	        99	        99	        99	        99	        99	        99	        99	        99	        99	        99	        99	        99	        99	        99	        99	        99	        99	        99	        99	        99	        99	        99	        99	        99	        99	        99	        99	        99	        99	        99	        99	        99	        99	        99	        99	        99	        99	        99	        99	        99	        99	        99	        99	        99	        99	        99	        99	        99	        99	        99	        99	        99	        99	        99	        99	        99	        99	        99	        99	        99	        99	        99	        99	        99	        99	        99	        99	        99	        99	        99	        99	        99	        99	        99	        99	        99	        99	        99	        99	        99	        99	        99	        99	        99	        99	        99	        99	        99	        99	        99	        99	        99	        99	        99	        99	        99	        99	        99	        99	        99	        99	        99	        99	        99	        99	        99	        99	        99	        99	        99	        99	        99	        99	        99	        99	        99	        99	        99	        99	        99	        99	        99	        99	        99	        99	        99	        99	        99	        99	        99	        99	        99	        99	        99	        99	        99	        99	        99	        99	        99	        99	        99	        99	        99	        99	        99	        99	        99	        99	        99	        99	        99	        99	        99	        99	        99	        99	        99	        99	        99	        99	        99	        99	        99	        99	        99	        99	        99	        99	        99	        99	        99	        99	        99	        99	        99	        99	        99	        99	        99	        99	
        99	 98.993173	 98.986347	 98.979522	 98.972701	 98.965883	  98.95907	 98.952262	 98.945461	 98.938667	 98.931881	 98.925105	 98.918339	 98.911584	 98.904841	  98.89811	 98.891394	 98.884691	 98.878005	 98.871335	 98.864681	 98.858046	  98.85143	 98.844834	 98.838258	 98.831704	 98.825172	 98.818662	 98.812177	 98.805717	 98.799281	 98.792872	  98.78649	 98.780136	  98.77381	 98.767513	 98.761247	  98.75501	 98.748805	 98.742633	 98.736492	 98.730385	 98.724312	 98.718274	 98.712271	 98.706303	 98.700372	 98.694478	 98.688622	 98.682804	 98.677024	 98.671284	 98.665583	 98.659923	 98.654303	 98.648724	 98.643187	 98.637692	  98.63224	  98.62683	 98.621464	 98.616141	 98.610863	 98.605629	  98.60044	 98.595295	 98.590196	 98.585143	 98.580136	 98.575175	  98.57026	 98.565393	 98.560572	 98.555798	 98.551072	 98.546393	 98.541762	 98.537179	 98.532643	 98.528156	 98.523717	 98.519327	 98.514984	 98.510691	 98.506445	 98.502249	 98.498101	 98.494001	  98.48995	 98.485948	 98.481995	  98.47809	 98.474233	 98.470425	 98.466666	 98.462955	 98.459292	 98.455677	  98.45211	 98.448591	  98.44512	 98.441697	 98.438321	 98.434992	 98.431711	 98.428477	 98.425289	 98.422148	 98.419054	 98.416006	 98.413003	 98.410047	 98.407136	  98.40427	  98.40145	 98.398674	 98.395943	 98.393256	 98.390613	 98.388013	 98.385457	 98.382945	 98.380475	 98.378048	 98.375663	  98.37332	 98.371019	 98.368759	  98.36654	 98.364362	 98.362224	 98.360126	 98.358068	  98.35605	 98.354071	  98.35213	 98.350228	 98.348364	 98.346538	  98.34475	 98.342998	 98.341284	 98.339606	 98.337964	 98.336358	 98.334787	 98.333252	 98.331752	 98.330286	 98.328854	 98.327457	 98.326092	 98.324762	 98.323464	 98.322199	 98.320966	 98.319766	 98.318597	  98.31746	 98.316354	 98.315279	 98.314234	  98.31322	 98.312236	 98.311282	 98.310358	 98.309463	 98.308597	  98.30776	 98.306952	 98.306172	  98.30542	 98.304697	 98.304001	 98.303332	 98.302691	 98.302077	  98.30149	  98.30093	 98.300397	  98.29989	 98.299409	 98.298955	 98.298527	 98.298124	 98.297747	 98.297396	 98.297071	 98.296771	 98.296496	 98.296247	 98.296022	 98.295823	 98.295649	   98.2955	 98.295376	 98.295276	 98.295202	 98.295152	 98.295127	
        99	 98.986347	 98.972695	 98.959047	 98.945405	  98.93177	 98.918145	 98.904531	 98.890929	 98.877342	 98.863772	 98.850221	 98.836689	  98.82318	 98.809694	 98.796234	 98.782802	 98.769399	 98.756026	 98.742686	 98.729381	 98.716112	 98.702881	 98.689689	 98.676538	  98.66343	 98.650367	  98.63735	  98.62438	  98.61146	  98.59859	 98.585773	  98.57301	 98.560302	 98.547651	 98.535058	 98.522526	 98.510054	 98.497645	   98.4853	  98.47302	 98.460807	 98.448662	 98.436586	  98.42458	 98.412646	 98.400785	 98.388998	 98.377286	  98.36565	 98.354092	 98.342612	 98.331211	 98.319891	 98.308652	 98.297496	 98.286423	 98.275434	 98.264529	 98.253711	 98.242979	 98.232335	 98.221779	 98.211311	 98.200933	 98.190645	 98.180448	 98.170343	 98.160329	 98.150408	 98.140579	 98.130844	 98.121203	 98.111657	 98.102205	 98.092848	 98.083586	  98.07442	  98.06535	 98.056376	 98.047499	 98.038718	 98.030034	 98.021448	 98.012958	 98.004565	 97.996269	 97.988071	  97.97997	 97.971966	  97.96406	  97.95625	 97.948538	 97.940923	 97.933404	 97.925982	 97.918657	 97.911428	 97.904295	 97.897257	 97.890316	  97.88347	 97.876718	 97.870062	 97.863499	 97.857031	 97.850657	 97.844375	 97.838187	 97.832091	 97.826087	 97.820174	 97.814352	 97.808621	 97.802981	 97.797429	 97.791967	 97.786594	 97.781308	  97.77611	 97.770998	 97.765973	 97.761034	  97.75618	 97.751411	 97.746725	 97.742123	 97.737603	 97.733166	  97.72881	 97.724535	  97.72034	 97.716224	 97.712188	 97.708229	 97.704349	 97.700545	 97.696817	 97.693166	 97.689589	 97.686086	 97.682657	 97.679301	 97.676018	 97.672806	 97.669665	 97.666595	 97.663594	 97.660663	   97.6578	 97.655004	 97.652277	 97.649615	  97.64702	  97.64449	 97.642025	 97.639624	 97.637286	 97.635012	   97.6328	  97.63065	 97.628562	 97.626534	 97.624566	 97.622659	  97.62081	  97.61902	 97.617289	 97.615615	 97.613998	 97.612438	 97.610935	 97.609488	 97.608096	 97.606759	 97.605477	  97.60425	 97.603076	 97.601956	 97.600889	 97.599875	 97.598914	 97.598005	 97.597149	 97.596344	  97.59559	 97.594888	 97.594237	 97.593637	 97.593088	 97.592589	  97.59214	 97.591742	 97.591394	 97.591095	 97.590847	 97.590648	 97.590499	   97.5904	  97.59035	
        99	 98.979522	 98.959047	 98.938578	 98.918117	 98.897667	 98.877231	 98.856812	 98.836412	 98.816034	 98.795682	 98.775356	 98.755061	   98.7348	 98.714574	 98.694386	  98.67424	 98.654137	 98.634081	 98.614073	 98.594118	 98.574216	 98.554371	 98.534586	 98.514862	 98.495203	  98.47561	 98.456086	 98.436634	 98.417255	 98.397953	  98.37873	 98.359587	 98.340528	 98.321553	 98.302667	  98.28387	 98.265164	 98.246553	 98.228037	  98.20962	 98.191302	 98.173087	 98.154975	 98.136968	 98.119069	  98.10128	 98.083601	 98.066035	 98.048583	 98.031248	  98.01403	 97.996931	 97.979952	 97.963096	 97.946363	 97.929755	 97.913274	 97.896919	 97.880693	 97.864598	 97.848633	   97.8328	 97.817101	 97.801536	 97.786106	 97.770812	 97.755655	 97.740636	 97.725756	 97.711015	 97.696414	 97.681954	 97.667636	 97.653459	 97.639425	 97.625535	 97.611787	 97.598184	 97.584725	  97.57141	 97.558241	 97.545216	 97.532338	 97.519604	 97.507017	 97.494575	 97.482279	 97.470128	 97.458124	 97.446266	 97.434553	 97.422986	 97.411564	 97.400287	 97.389156	 97.378169	 97.367326	 97.356628	 97.346073	 97.335662	 97.325394	 97.315268	 97.305284	 97.295442	 97.285741	  97.27618	 97.266759	 97.257477	 97.248334	 97.239329	 97.230461	  97.22173	 97.213135	 97.204674	 97.196348	 97.188156	 97.180096	 97.172169	 97.164372	 97.156706	  97.14917	 97.141762	 97.134481	 97.127328	   97.1203	 97.113398	 97.106619	 97.099964	 97.093431	 97.087019	 97.080727	 97.074554	   97.0685	 97.062563	 97.056743	 97.051038	 97.045448	  97.03997	 97.034606	 97.029352	  97.02421	 97.019176	 97.014252	 97.009434	 97.004724	 97.000119	 96.995618	 96.991221	 96.986927	 96.982735	 96.978644	 96.974652	  96.97076	 96.966965	 96.963268	 96.959667	 96.956161	  96.95275	 96.949433	 96.946208	 96.943075	 96.940034	 96.937083	 96.934222	 96.931449	 96.928765	 96.926168	 96.923657	 96.921233	 96.918893	 96.916639	 96.914468	  96.91238	 96.910375	 96.908453	 96.906611	 96.904851	 96.903171	 96.901571	 96.900051	 96.898609	 96.897246	 96.895961	 96.894754	 96.893624	 96.892571	 96.891595	 96.890694	  96.88987	 96.889122	 96.888449	 96.887852	  96.88733	 96.886882	 96.886509	 96.886212	 96.885988	 96.885839	 96.885765	
        99	 98.972701	 98.945405	 98.918117	  98.89084	 98.863578	 98.836334	 98.809113	 98.781917	 98.754751	 98.727619	 98.700523	 98.673467	 98.646456	 98.619492	 98.592579	 98.565722	 98.538922	 98.512185	 98.485513	 98.458909	 98.432378	 98.405923	 98.379546	 98.353252	 98.327043	 98.300924	 98.274896	 98.248964	  98.22313	 98.197398	 98.171771	 98.146251	 98.120843	 98.095548	 98.070369	 98.045311	 98.020374	 97.995563	  97.97088	 97.946327	 97.921907	 97.897623	 97.873478	 97.849473	 97.825612	 97.801896	 97.778328	 97.754911	 97.731646	 97.708535	 97.685581	 97.662786	 97.640152	 97.617681	 97.595374	 97.573233	 97.551261	 97.529459	 97.507828	  97.48637	 97.465087	  97.44398	 97.423051	 97.402301	 97.381731	 97.361342	 97.341136	 97.321114	 97.301277	 97.281626	 97.262161	 97.242884	 97.223796	 97.204897	 97.186188	  97.16767	 97.149343	 97.131208	 97.113265	 97.095516	 97.077959	 97.060596	 97.043427	 97.026452	 97.009671	 96.993084	 96.976692	 96.960495	 96.944491	 96.928683	 96.913068	 96.897647	 96.882421	 96.867388	 96.852548	 96.837901	 96.823447	 96.809185	 96.795114	 96.781235	 96.767546	 96.754047	 96.740737	 96.727616	 96.714684	 96.701938	 96.689378	 96.677005	 96.664816	 96.652811	 96.640989	 96.629349	  96.61789	 96.606612	 96.595512	 96.584591	 96.573846	 96.563278	 96.552885	 96.542665	 96.532618	 96.522742	 96.513036	   96.5035	 96.494131	 96.484929	 96.475892	  96.46702	  96.45831	 96.449762	 96.441375	 96.433146	 96.425075	 96.417161	 96.409401	 96.401796	 96.394343	 96.387041	  96.37989	 96.372886	  96.36603	  96.35932	 96.352755	 96.346333	 96.340053	 96.333914	 96.327914	 96.322053	 96.316329	  96.31074	 96.305285	 96.299964	 96.294775	 96.289716	 96.284787	 96.279987	 96.275313	 96.270766	 96.266343	 96.262045	 96.257869	 96.253814	  96.24988	 96.246066	 96.242369	 96.238791	 96.235328	 96.231982	  96.22875	 96.225631	 96.222625	 96.219731	 96.216948	 96.214275	 96.211712	 96.209258	 96.206911	 96.204671	 96.202538	 96.200511	  96.19859	 96.196772	 96.195059	  96.19345	 96.191944	  96.19054	 96.189238	 96.188038	  96.18694	 96.185942	 96.185045	 96.184249	 96.183552	 96.182956	 96.182459	 96.182062	 96.181764	 96.181566	 96.181467	
        99	 98.965883	  98.93177	 98.897667	 98.863578	 98.829507	  98.79546	  98.76144	 98.727452	 98.693502	 98.659593	 98.625729	 98.591917	  98.55816	 98.524462	 98.490828	 98.457263	  98.42377	 98.390355	 98.357022	 98.323775	 98.290617	 98.257555	 98.224591	  98.19173	 98.158976	 98.126333	 98.093805	 98.061396	 98.029111	 97.996952	 97.964925	 97.933032	 97.901277	 97.869665	 97.838199	 97.806881	 97.775717	  97.74471	 97.713862	 97.683177	 97.652659	  97.62231	 97.592134	 97.562135	 97.532314	 97.502675	 97.473222	 97.443956	  97.41488	 97.385998	 97.357311	 97.328824	 97.300537	 97.272453	 97.244575	 97.216905	 97.189445	 97.162198	 97.135165	 97.108348	  97.08175	 97.055372	 97.029215	 97.003283	 96.977576	 96.952095	 96.926843	  96.90182	 96.877029	  96.85247	 96.828144	 96.804053	 96.780197	 96.756578	 96.733197	 96.710054	  96.68715	 96.664486	 96.642062	  96.61988	 96.597938	 96.576239	 96.554782	 96.533567	 96.512595	 96.491866	 96.471381	 96.451138	 96.431138	 96.411381	 96.391866	 96.372595	 96.353565	 96.334778	 96.316232	 96.297927	 96.279863	 96.262039	 96.244454	 96.227108	 96.210001	 96.193131	 96.176497	 96.160099	 96.143936	 96.128007	 96.112312	 96.096848	 96.081615	 96.066611	 96.051837	  96.03729	  96.02297	 96.008874	 95.995003	 95.981354	 95.967926	 95.954718	 95.941729	 95.928957	   95.9164	 95.904058	 95.891929	  95.88001	 95.868302	 95.856802	 95.845508	  95.83442	 95.823535	 95.812852	  95.80237	 95.792086	    95.782	 95.772109	 95.762412	 95.752907	 95.743592	 95.734467	 95.725529	 95.716777	 95.708209	 95.699823	 95.691618	 95.683592	 95.675744	 95.668072	 95.660574	 95.653248	 95.646094	  95.63911	 95.632293	 95.625643	 95.619158	 95.612836	 95.606676	 95.600676	 95.594836	 95.589152	 95.583625	 95.578253	 95.573034	 95.567967	  95.56305	 95.558283	 95.553664	 95.549192	 95.544865	 95.540682	 95.536643	 95.532745	 95.528989	 95.525372	 95.521894	 95.518554	  95.51535	 95.512283	  95.50935	 95.506551	 95.503885	 95.501352	  95.49895	 95.496679	 95.494539	 95.492527	 95.490645	  95.48889	 95.487264	 95.485764	 95.484391	 95.483144	 95.482024	 95.481028	 95.480158	 95.479412	 95.478792	 95.478295	 95.477923	 95.477675	 95.477551	
        99	  98.95907	 98.918145	 98.877231	 98.836334	  98.79546	 98.754613	 98.713799	 98.673024	 98.632293	 98.591613	 98.550987	 98.510422	 98.469924	 98.429496	 98.389146	 98.348878	 98.308697	 98.268609	 98.228619	 98.188732	 98.148953	 98.109287	 98.069741	 98.030317	 97.991022	  97.95186	 97.912837	 97.873956	 97.835223	 97.796642	 97.758219	 97.719957	 97.681861	 97.643936	 97.606185	 97.568614	 97.531227	 97.494027	 97.457018	 97.420206	 97.383593	 97.347184	 97.310982	 97.274991	 97.239215	 97.203658	 97.168322	 97.133212	  97.09833	  97.06368	 97.029265	 96.995087	 96.961152	  96.92746	 96.894014	 96.860819	 96.827875	 96.795186	 96.762755	 96.730583	 96.698673	 96.667027	 96.635647	 96.604536	 96.573695	 96.543126	 96.512831	 96.482811	 96.453069	 96.423605	 96.394421	 96.365519	   96.3369	 96.308564	 96.280514	 96.252749	 96.225271	 96.198081	 96.171179	 96.144567	 96.118244	 96.092211	 96.066469	 96.041018	 96.015858	 95.990989	 95.966412	 95.942127	 95.918133	  95.89443	 95.871019	 95.847899	 95.825069	  95.80253	  95.78028	  95.75832	 95.736648	 95.715265	 95.694168	 95.673359	 95.652835	 95.632595	  95.61264	 95.592968	 95.573577	 95.554467	 95.535637	 95.517084	 95.498809	  95.48081	 95.463085	 95.445633	 95.428453	 95.411543	 95.394901	 95.378526	 95.362417	 95.346572	 95.330988	 95.315666	 95.300602	 95.285795	 95.271243	 95.256945	 95.242898	 95.229101	 95.215552	  95.20225	 95.189191	 95.176375	 95.163799	 95.151462	 95.139361	 95.127495	 95.115861	 95.104458	 95.093284	 95.082336	 95.071613	 95.061113	 95.050834	 95.040774	  95.03093	 95.021301	 95.011886	 95.002681	 94.993686	 94.984898	 94.976315	 94.967936	 94.959758	 94.951779	 94.943999	 94.936415	 94.929025	 94.921827	  94.91482	 94.908002	 94.901371	 94.894926	 94.888665	 94.882586	 94.876687	 94.870968	 94.865426	 94.860061	  94.85487	 94.849852	 94.845006	  94.84033	 94.835823	 94.831484	 94.827312	 94.823305	 94.819461	 94.815781	 94.812263	 94.808905	 94.805707	 94.802668	 94.799786	 94.797062	 94.794494	 94.792081	 94.789822	 94.787717	 94.785766	 94.783967	  94.78232	 94.780824	 94.779479	 94.778285	 94.777241	 94.776347	 94.775602	 94.775006	  94.77456	 94.774262	 94.774113	
        99	 98.952262	 98.904531	 98.856812	 98.809113	  98.76144	 98.713799	 98.666197	  98.61864	 98.571135	 98.523688	 98.476306	 98.428994	 98.381759	 98.334608	 98.287546	 98.240581	 98.193717	 98.146961	  98.10032	 98.053799	 98.007404	 97.961141	 97.915017	 97.869036	 97.823205	  97.77753	 97.732016	 97.686668	 97.641493	 97.596496	 97.551681	 97.507056	 97.462624	  97.41839	 97.374361	 97.330541	 97.286935	 97.243548	 97.200384	 97.157449	 97.114746	 97.072281	 97.030058	 96.988082	 96.946355	 96.904884	 96.863671	 96.822721	 96.782037	 96.741624	 96.701485	 96.661623	 96.622043	 96.582747	 96.543739	 96.505023	   96.4666	 96.428474	 96.390648	 96.353126	 96.315908	 96.278999	   96.2424	 96.206114	 96.170143	  96.13449	 96.099156	 96.064144	 96.029454	  95.99509	 95.961053	 95.927343	 95.893964	 95.860915	 95.828199	 95.795816	 95.763768	 95.732056	  95.70068	 95.669641	  95.63894	 95.608577	 95.578554	 95.548869	 95.519525	  95.49052	 95.461855	  95.43353	 95.405546	 95.377901	 95.350596	  95.32363	 95.297003	 95.270715	 95.244765	 95.219152	 95.193876	 95.168936	 95.144331	  95.12006	 95.096122	 95.072517	 95.049243	 95.026298	 95.003682	 94.981394	 94.959432	 94.937794	 94.916479	 94.895486	 94.874813	 94.854458	 94.834421	 94.814698	 94.795288	  94.77619	 94.757401	 94.738921	 94.720745	 94.702874	 94.685305	 94.668035	 94.651063	 94.634387	 94.618004	 94.601912	  94.58611	 94.570595	 94.555364	 94.540416	 94.525749	  94.51136	 94.497246	 94.483406	 94.469838	 94.456538	 94.443505	 94.430737	  94.41823	 94.405984	 94.393995	 94.382261	  94.37078	  94.35955	 94.348569	 94.337833	 94.327342	 94.317092	 94.307082	 94.297309	  94.28777	 94.278465	 94.269391	 94.260545	 94.251926	 94.243531	 94.235359	 94.227407	 94.219673	 94.212156	 94.204853	 94.197763	 94.190884	 94.184213	  94.17775	 94.171492	 94.165437	 94.159585	 94.153933	 94.148479	 94.143223	 94.138162	 94.133296	 94.128622	  94.12414	 94.119847	 94.115744	 94.111827	 94.108098	 94.104553	 94.101192	 94.098015	 94.095019	 94.092205	 94.089571	 94.087116	  94.08484	 94.082741	  94.08082	 94.079076	 94.077508	 94.076115	 94.074897	 94.073854	 94.072985	 94.072291	  94.07177	 94.071423	 94.071249	
        99	 98.945461	 98.890929	 98.836412	 98.781917	 98.727452	 98.673024	  98.61864	 98.564308	 98.510035	 98.455828	 98.401695	 98.347643	 98.293679	  98.23981	 98.186044	 98.132387	 98.078846	 98.025429	 97.972143	 97.918994	 97.865989	 97.813135	  97.76044	 97.707908	 97.655548	 97.603365	 97.551367	 97.499559	 97.447948	 97.396539	  97.34534	 97.294357	 97.243595	  97.19306	 97.142758	 97.092694	 97.042876	 96.993307	 96.943994	 96.894942	 96.846156	 96.797641	 96.749402	 96.701445	 96.653774	 96.606394	  96.55931	 96.512525	 96.466045	 96.419875	 96.374017	 96.328476	 96.283257	 96.238363	 96.193798	 96.149565	 96.105668	 96.062111	 96.018896	 95.976027	 95.933507	  95.89134	 95.849527	 95.808071	 95.766976	 95.726243	 95.685875	 95.645874	 95.606243	 95.566982	 95.528096	 95.489584	 95.451449	 95.413692	 95.376315	 95.339318	 95.302705	 95.266474	 95.230628	 95.195167	 95.160092	 95.125403	 95.091102	 95.057189	 95.023664	 94.990527	 94.957778	 94.925418	 94.893446	 94.861863	 94.830668	  94.79986	  94.76944	 94.739406	 94.709759	 94.680497	  94.65162	 94.623127	 94.595016	 94.567287	 94.539939	 94.512971	 94.486381	 94.460167	  94.43433	 94.408866	 94.383774	 94.359054	 94.334703	 94.310719	   94.2871	 94.263846	 94.240953	 94.218421	 94.196246	 94.174427	 94.152961	 94.131847	 94.111083	 94.090665	 94.070593	 94.050863	 94.031473	 94.012421	 93.993704	  93.97532	 93.957266	  93.93954	  93.92214	 93.905062	 93.888305	 93.871866	 93.855742	  93.83993	 93.824428	 93.809234	 93.794344	 93.779757	 93.765469	 93.751477	  93.73778	 93.724375	 93.711259	 93.698429	 93.685883	 93.673618	 93.661631	 93.649921	 93.638485	 93.627319	 93.616422	 93.605791	 93.595424	 93.585318	 93.575471	  93.56588	 93.556543	 93.547458	 93.538623	 93.530035	 93.521692	 93.513591	 93.505732	 93.498111	 93.490727	 93.483577	  93.47666	 93.469974	 93.463517	 93.457286	 93.451281	 93.445499	  93.43994	   93.4346	 93.429479	 93.424575	 93.419887	 93.415413	 93.411151	 93.407102	 93.403262	 93.399632	  93.39621	 93.392994	 93.389985	  93.38718	  93.38458	 93.382183	 93.379988	 93.377995	 93.376203	 93.374612	 93.373221	 93.372029	 93.371037	 93.370243	 93.369648	 93.369252	 93.369053	
        99	 98.938667	 98.877342	 98.816034	 98.754751	 98.693502	 98.632293	 98.571135	 98.510035	 98.449001	 98.388042	 98.327166	 98.266381	 98.205694	 98.145115	 98.084651	  98.02431	   97.9641	 97.904029	 97.844105	 97.784336	 97.724728	 97.665291	 97.606031	 97.546956	 97.488073	  97.42939	 97.370914	 97.312653	 97.254612	   97.1968	 97.139224	 97.081889	 97.024804	 96.967974	 96.911406	 96.855106	 96.799082	 96.743338	 96.687882	  96.63272	 96.577856	 96.523298	 96.469051	  96.41512	  96.36151	 96.308228	 96.255279	 96.202667	 96.150397	 96.098475	 96.046905	 95.995691	 95.944839	 95.894353	 95.844236	 95.794493	 95.745128	 95.696145	 95.647547	 95.599338	 95.551522	 95.504101	  95.45708	  95.41046	 95.364246	 95.318439	 95.273042	 95.228059	 95.183491	  95.13934	 95.095609	   95.0523	 95.009415	 94.966954	 94.924921	 94.883317	 94.842142	 94.801398	 94.761086	 94.721208	 94.681764	 94.642755	 94.604181	 94.566043	 94.528341	 94.491076	 94.454248	 94.417857	 94.381903	 94.346386	 94.311304	 94.276659	  94.24245	 94.208675	 94.175334	 94.142428	 94.109953	  94.07791	 94.046298	 94.015115	 93.984361	 93.954033	  93.92413	 93.894652	 93.865595	  93.83696	 93.808743	 93.780943	 93.753558	 93.726587	 93.700026	 93.673875	 93.648131	 93.622791	 93.597854	 93.573317	 93.549178	 93.525434	 93.502083	 93.479122	 93.456549	 93.434361	 93.412556	  93.39113	 93.370082	 93.349408	 93.329105	 93.309171	 93.289604	 93.270399	 93.251554	 93.233067	 93.214934	 93.197153	  93.17972	 93.162633	 93.145889	 93.129484	 93.113416	 93.097682	 93.082279	 93.067204	 93.052453	 93.038025	 93.023916	 93.010123	 92.996644	 92.983475	 92.970614	 92.958058	 92.945803	 92.933848	  92.92219	 92.910825	 92.899751	 92.888965	 92.878465	 92.868249	 92.858313	 92.848655	 92.839272	 92.830163	 92.821325	 92.812755	 92.804451	  92.79641	 92.788632	 92.781113	 92.773851	 92.766844	 92.760091	 92.753589	 92.747337	 92.741332	 92.735573	 92.730058	 92.724786	 92.719755	 92.714963	 92.710408	 92.706091	 92.702008	  92.69816	 92.694544	 92.691159	 92.688006	 92.685081	 92.682385	 92.679917	 92.677676	 92.675661	 92.673872	 92.672307	 92.670967	 92.669851	 92.668958	 92.668289	 92.667843	  92.66762	
        99	 98.931881	 98.863772	 98.795682	 98.727619	 98.659593	 98.591613	 98.523688	 98.455828	 98.388042	 98.320339	 98.252728	 98.185218	 98.117817	 98.050536	 97.983383	 97.916366	 97.849495	 97.782778	 97.716224	 97.649842	  97.58364	 97.517627	 97.451811	   97.3862	 97.320803	 97.255627	 97.190682	 97.125975	 97.061513	 96.997305	 96.933359	 96.869681	  96.80628	 96.743163	 96.680336	 96.617808	 96.555586	 96.493675	 96.432084	 96.370818	 96.309885	 96.249291	 96.189042	 96.129144	 96.069604	 96.010427	  95.95162	 95.893187	 95.835135	 95.777468	 95.720192	 95.663313	 95.606835	 95.550763	 95.495102	 95.439856	 95.385029	 95.330627	 95.276652	  95.22311	 95.170004	 95.117337	 95.065113	 95.013336	 94.962008	 94.911134	 94.860715	 94.810754	 94.761256	  94.71222	 94.663651	 94.615551	 94.567921	 94.520763	  94.47408	 94.427872	 94.382142	  94.33689	 94.292119	 94.247829	 94.204021	 94.160696	 94.117854	 94.075497	 94.033624	 93.992237	 93.951334	 93.910917	 93.870985	 93.831538	 93.792576	 93.754098	 93.716103	 93.678592	 93.641563	 93.605016	 93.568948	 93.533361	 93.498251	 93.463618	 93.429461	 93.395778	 93.362567	 93.329827	 93.297556	 93.265753	 93.234414	 93.203538	 93.173124	 93.143168	  93.11367	 93.084625	 93.056033	  93.02789	 93.000194	 92.972942	 92.946132	 92.919761	 92.893827	 92.868326	 92.843256	 92.818613	 92.794395	 92.770599	 92.747222	 92.724261	 92.701712	 92.679573	  92.65784	 92.636511	 92.615582	 92.595049	  92.57491	 92.555162	   92.5358	 92.516823	 92.498226	 92.480006	 92.462161	 92.444686	 92.427578	 92.410835	 92.394453	 92.378429	 92.362759	  92.34744	  92.33247	 92.317844	  92.30356	 92.289614	 92.276004	 92.262726	 92.249778	 92.237156	 92.224857	 92.212878	 92.201216	  92.18987	 92.178834	 92.168108	 92.157687	  92.14757	 92.137754	 92.128236	 92.119013	 92.110083	 92.101444	 92.093093	 92.085028	 92.077246	 92.069746	 92.062525	 92.055581	 92.048911	 92.042515	  92.03639	 92.030535	 92.024947	 92.019625	 92.014567	 92.009771	 92.005237	 92.000963	 91.996947	 91.993188	 91.989685	 91.986437	 91.983443	 91.980702	 91.978213	 91.975975	 91.973987	  91.97225	 91.970762	 91.969522	 91.968531	 91.967788	 91.967292	 91.967045	
        99	 98.925105	 98.850221	 98.775356	 98.700523	 98.625729	 98.550987	 98.476306	 98.401695	 98.327166	 98.252728	 98.178391	 98.104165	  98.03006	 97.956085	 97.882251	 97.808568	 97.735045	 97.661691	 97.588517	 97.515531	 97.442743	 97.370163	   97.2978	 97.225662	  97.15376	 97.082101	 97.010695	 96.939551	 96.868677	 96.798081	 96.727774	 96.657761	 96.588053	 96.518657	 96.449581	 96.380833	  96.31242	 96.244351	 96.176633	 96.109273	 96.042278	 95.975656	 95.909414	 95.843557	 95.778094	 95.713031	 95.648373	 95.584127	   95.5203	 95.456897	 95.393924	 95.331386	  95.26929	  95.20764	 95.146441	   95.0857	 95.025419	 94.965605	 94.906261	 94.847393	 94.789003	 94.731097	 94.673678	  94.61675	 94.560317	 94.504381	 94.448947	 94.394017	 94.339594	 94.285681	  94.23228	 94.179395	 94.127026	 94.075177	  94.02385	 93.973046	 93.922767	 93.873014	 93.823789	 93.775093	 93.726927	 93.679291	 93.632188	 93.585617	 93.539579	 93.494075	 93.449103	 93.404666	 93.360761	  93.31739	 93.274552	 93.232246	 93.190472	 93.149229	 93.108517	 93.068333	 93.028678	  92.98955	 92.950948	  92.91287	 92.875315	 92.838281	 92.801767	  92.76577	 92.730289	 92.695321	 92.660865	 92.626918	 92.593478	 92.560543	 92.528109	 92.496176	 92.464739	 92.433796	 92.403345	 92.373382	 92.343906	 92.314911	 92.286397	 92.258359	 92.230795	 92.203701	 92.177074	 92.150911	 92.125208	 92.099963	 92.075171	  92.05083	 92.026935	 92.003484	 91.980472	 91.957897	 91.935755	 91.914042	 91.892755	 91.871889	 91.851442	  91.83141	 91.811789	 91.792576	 91.773767	 91.755359	 91.737347	 91.719728	   91.7025	 91.685657	 91.669197	 91.653116	 91.637411	 91.622079	 91.607115	 91.592516	 91.578279	 91.564401	 91.550879	 91.537709	 91.524887	 91.512411	 91.500278	 91.488485	 91.477028	 91.465904	 91.455112	 91.444646	 91.434506	 91.424688	  91.41519	 91.406008	  91.39714	 91.388585	 91.380338	 91.372399	 91.364764	 91.357431	 91.350399	 91.343665	 91.337226	 91.331083	 91.325231	  91.31967	 91.314397	 91.309412	 91.304713	 91.300297	 91.296164	 91.292313	 91.288742	  91.28545	 91.282436	   91.2797	 91.277239	 91.275054	 91.273143	 91.271507	 91.270144	 91.269054	 91.268237	 91.267693	 91.267421	
        99	 98.918339	 98.836689	 98.755061	 98.673467	 98.591917	 98.510422	 98.428994	 98.347643	 98.266381	 98.185218	 98.104165	 98.023233	 97.942433	 97.861775	 97.781271	 97.700931	 97.620766	 97.540785	    97.461	 97.381421	 97.302057	  97.22292	 97.144019	 97.065364	 96.986966	 96.908833	 96.830976	 96.753405	 96.676128	 96.599155	 96.522495	 96.446158	 96.370152	 96.294487	  96.21917	 96.144211	 96.069618	 95.995399	 95.921563	 95.848118	 95.775071	  95.70243	 95.630203	 95.558397	  95.48702	 95.416078	 95.345579	  95.27553	 95.205936	 95.136805	 95.068143	 94.999955	 94.932249	 94.865029	 94.798302	 94.732073	 94.666346	 94.601128	 94.536423	 94.472236	 94.408572	 94.345435	 94.282828	 94.220757	 94.159226	 94.098237	 94.037794	 93.977902	 93.918562	 93.859778	 93.801553	  93.74389	 93.686791	 93.630258	 93.574293	 93.518899	 93.464077	  93.40983	 93.356158	 93.303062	 93.250545	 93.198606	 93.147248	 93.096469	 93.046272	 92.996657	 92.947622	  92.89917	 92.851299	  92.80401	 92.757301	 92.711174	 92.665626	 92.620657	 92.576266	 92.532453	 92.489215	 92.446552	 92.404463	 92.362945	 92.321997	 92.281617	 92.241804	 92.202555	 92.163868	 92.125742	 92.088173	 92.051159	 92.014698	 91.978787	 91.943424	 91.908605	 91.874328	  91.84059	 91.807388	 91.774718	 91.742579	 91.710965	 91.679875	 91.649304	 91.619249	 91.589708	 91.560675	 91.532148	 91.504124	 91.476598	 91.449566	 91.423025	 91.396972	 91.371402	 91.346312	 91.321697	 91.297555	  91.27388	  91.25067	 91.227919	 91.205625	 91.183783	  91.16239	 91.141441	 91.120933	 91.100861	 91.081222	 91.062012	 91.043226	 91.024862	 91.006915	 90.989382	 90.972258	  90.95554	 90.939224	 90.923307	 90.907784	 90.892652	 90.877908	 90.863548	 90.849568	 90.835965	 90.822736	 90.809877	 90.797385	 90.785257	 90.773489	 90.762078	 90.751022	 90.740317	  90.72996	 90.719949	  90.71028	 90.700952	  90.69196	 90.683303	 90.674979	 90.666984	 90.659316	 90.651973	 90.644954	 90.638255	 90.631874	 90.625811	 90.620062	 90.614627	 90.609502	 90.604688	 90.600182	 90.595983	 90.592089	   90.5885	 90.585214	  90.58223	 90.579547	 90.577164	 90.575081	 90.573297	 90.571811	 90.570623	 90.569732	 90.569138	 90.568841	
        99	 98.911584	  98.82318	   98.7348	 98.646456	  98.55816	 98.469924	 98.381759	 98.293679	 98.205694	 98.117817	  98.03006	 97.942433	 97.854949	 97.767619	 97.680456	  97.59347	 97.506673	 97.420076	 97.333691	 97.247529	   97.1616	 97.075917	 96.990489	 96.905328	 96.820444	 96.735848	 96.651551	 96.567562	 96.483893	 96.400553	 96.317552	   96.2349	 96.152606	 96.070682	 95.989135	 95.907975	 95.827211	 95.746853	 95.666909	 95.587388	 95.508299	 95.429649	 95.351447	 95.273701	  95.19642	  95.11961	 95.043279	 94.967434	 94.892084	 94.817234	 94.742892	 94.669064	 94.595757	 94.522977	  94.45073	 94.379022	 94.307858	 94.237245	 94.167188	 94.097691	 94.028761	   93.9604	 93.892615	  93.82541	 93.758788	 93.692754	 93.627311	 93.562464	 93.498216	  93.43457	 93.371528	 93.309095	 93.247272	 93.186063	 93.125469	 93.065492	 93.006136	 92.947401	 92.889289	 92.831801	 92.774939	 92.718704	 92.663097	 92.608119	 92.553769	 92.500049	 92.446959	 92.394498	 92.342667	 92.291466	 92.240894	  92.19095	 92.141635	 92.092946	 92.044883	 91.997445	 91.950631	 91.904439	 91.858868	 91.813916	  91.76958	 91.725861	 91.682754	 91.640258	 91.598371	 91.557091	 91.516414	 91.476338	 91.436861	  91.39798	 91.359691	 91.321992	 91.284879	 91.248351	 91.212402	  91.17703	 91.142231	 91.108003	  91.07434	 91.041241	   91.0087	 90.976715	 90.945281	 90.914394	 90.884051	 90.854248	  90.82498	 90.796244	 90.768036	 90.740351	 90.713185	 90.686534	 90.660394	 90.634761	 90.609631	 90.584998	  90.56086	 90.537211	 90.514048	 90.491366	 90.469162	 90.447429	 90.426166	 90.405367	 90.385028	 90.365144	 90.345713	 90.326729	 90.308189	 90.290088	 90.272422	 90.255188	 90.238381	 90.221998	 90.206034	 90.190486	 90.175349	 90.160621	 90.146298	 90.132375	  90.11885	 90.105718	 90.092977	 90.080622	 90.068651	 90.057061	 90.045847	 90.035008	  90.02454	 90.014439	 90.004704	 89.995331	 89.986318	 89.977661	 89.969359	 89.961409	 89.953809	 89.946556	 89.939648	 89.933083	 89.926858	 89.920973	 89.915425	 89.910212	 89.905334	 89.900787	 89.896571	 89.892685	 89.889127	 89.885896	 89.882992	 89.880412	 89.878157	 89.876225	 89.874616	 89.873329	 89.872365	 89.871722	 89.871401	
        99	 98.904841	 98.809694	 98.714574	 98.619492	 98.524462	 98.429496	 98.334608	  98.23981	 98.145115	 98.050536	 97.956085	 97.861775	 97.767619	  97.67363	 97.579818	 97.486198	 97.392782	  97.29958	 97.206607	 97.113873	 97.021391	 96.929173	  96.83723	 96.745574	 96.654216	 96.563168	 96.472442	 96.382048	 96.291997	 96.202301	  96.11297	 96.024014	 95.935445	 95.847272	 95.759505	 95.672156	 95.585233	 95.498746	 95.412705	 95.327119	 95.241998	 95.157349	 95.073183	 94.989508	 94.906332	 94.823664	 94.741512	 94.659883	 94.578786	 94.498228	 94.418216	 94.338757	 94.259859	 94.181528	 94.103771	 94.026594	 93.950003	 93.874005	 93.798605	 93.723808	  93.64962	 93.576046	 93.503091	  93.43076	 93.359057	 93.287987	 93.217553	  93.14776	 93.078612	 93.010111	 92.942262	 92.875067	 92.808529	 92.742652	 92.677436	 92.612886	 92.549002	 92.485788	 92.423244	 92.361372	 92.300173	  92.23965	 92.179801	  92.12063	 92.062135	 92.004318	 91.947179	 91.890717	 91.834933	 91.779827	 91.725398	 91.671645	 91.618568	 91.566166	 91.514438	 91.463382	 91.412998	 91.363283	 91.314236	 91.265855	 91.218139	 91.171085	  91.12469	 91.078953	 91.033872	 90.989443	 90.945664	 90.902532	 90.860044	 90.818197	 90.776988	 90.736414	 90.696471	 90.657156	 90.618466	 90.580396	 90.542944	 90.506105	 90.469875	 90.434251	 90.399228	 90.364804	 90.330972	  90.29773	 90.265073	 90.232997	 90.201497	 90.170569	 90.140209	 90.110413	 90.081175	 90.052492	 90.024359	 89.996771	 89.969723	 89.943212	 89.917233	 89.891781	 89.866851	 89.842439	 89.818541	 89.795152	 89.772266	 89.749881	  89.72799	 89.706591	 89.685677	 89.665246	 89.645291	  89.62581	 89.606797	 89.588248	  89.57016	 89.552527	 89.535345	 89.518611	 89.502321	  89.48647	 89.471054	 89.456069	 89.441512	 89.427379	 89.413666	 89.400369	 89.387485	 89.375011	 89.362942	 89.351276	 89.340009	 89.329138	 89.318661	 89.308573	 89.298872	 89.289556	 89.280621	 89.272064	 89.263884	 89.256078	 89.248643	 89.241577	 89.234878	 89.228544	 89.222573	 89.216963	 89.211712	 89.206819	 89.202281	 89.198099	 89.194269	 89.190792	 89.187666	 89.184889	 89.182462	 89.180383	 89.178651	 89.177266	 89.176228	 89.175537	 89.175191	
        99	  98.89811	 98.796234	 98.694386	 98.592579	 98.490828	 98.389146	 98.287546	 98.186044	 98.084651	 97.983383	 97.882251	 97.781271	 97.680456	 97.579818	 97.479372	 97.379131	 97.279107	 97.179314	 97.079764	 96.980472	 96.881449	 96.782708	 96.684262	 96.586123	 96.488304	 96.390817	 96.293673	 96.196886	 96.100466	 96.004426	 95.908776	 95.813529	 95.718695	 95.624286	 95.530312	 95.436785	 95.343714	  95.25111	 95.158984	 95.067344	 94.976203	 94.885567	 94.795449	 94.705855	 94.616797	 94.528282	 94.440319	 94.352917	 94.266084	 94.179828	 94.094156	 94.009078	   93.9246	 93.840729	 93.757472	 93.674836	 93.592829	 93.511455	 93.430722	 93.350635	 93.271199	 93.192422	 93.114307	  93.03686	 92.960086	 92.883989	 92.808574	 92.733845	 92.659806	  92.58646	 92.513812	 92.441865	 92.370621	 92.300084	 92.230256	  92.16114	 92.092738	 92.025052	 91.958085	 91.891837	  91.82631	 91.761505	 91.697424	 91.634067	 91.571436	 91.509529	 91.448349	 91.387894	 91.328164	 91.269161	 91.210882	 91.153327	 91.096497	 91.040388	 90.985001	 90.930334	 90.876386	 90.823155	 90.770639	 90.718837	 90.667745	 90.617363	 90.567687	 90.518716	 90.470446	 90.422874	 90.375999	 90.329816	 90.284323	 90.239517	 90.195393	 90.151949	 90.109181	 90.067086	 90.025659	 89.984897	 89.944795	 89.905351	 89.866559	 89.828415	 89.790915	 89.754056	 89.717831	 89.682238	 89.647271	 89.612926	 89.579199	 89.546084	 89.513577	 89.481673	 89.450367	 89.419655	 89.389532	 89.359993	 89.331032	 89.302646	  89.27483	 89.247577	 89.220884	 89.194746	 89.169157	 89.144113	  89.11961	 89.095641	 89.072202	 89.049289	 89.026896	 89.005019	 88.983654	 88.962794	 88.942437	 88.922576	 88.903208	 88.884328	 88.865932	 88.848014	 88.830571	 88.813599	 88.797093	 88.781048	 88.765462	 88.750329	 88.735646	 88.721409	 88.707614	 88.694257	 88.681335	 88.668844	  88.65678	  88.64514	 88.633921	  88.62312	 88.612733	 88.602758	 88.593191	 88.584029	 88.575271	 88.566912	 88.558951	 88.551386	 88.544213	 88.537431	 88.531038	 88.525031	 88.519408	 88.514169	 88.509311	 88.504832	 88.500732	 88.497009	 88.493662	 88.490689	  88.48809	 88.485863	 88.484009	 88.482527	 88.481415	 88.480675	 88.480304	
        99	 98.891394	 98.782802	  98.67424	 98.565722	 98.457263	 98.348878	 98.240581	 98.132387	  98.02431	 97.916366	 97.808568	 97.700931	  97.59347	 97.486198	 97.379131	 97.272281	 97.165663	 97.059292	  96.95318	 96.847342	 96.741791	 96.636541	 96.531606	 96.426997	  96.32273	 96.218816	 96.115269	 96.012101	 95.909325	 95.806954	 95.704999	 95.603473	 95.502388	 95.401755	 95.301586	 95.201893	 95.102687	 95.003979	 94.905779	 94.808099	 94.710949	 94.614339	 94.518279	  94.42278	  94.32785	   94.2335	 94.139739	 94.046575	 93.954018	 93.862076	 93.770757	  93.68007	 93.590023	 93.500623	 93.411878	 93.323795	 93.236381	 93.149643	 93.063588	 92.978221	  92.89355	 92.809579	 92.726315	 92.643762	 92.561927	 92.480814	 92.400427	 92.320772	 92.241852	 92.163672	 92.086234	 92.009544	 91.933604	 91.858417	 91.783986	 91.710314	 91.637403	 91.565255	 91.493873	 91.423258	 91.353411	 91.284335	 91.216029	 91.148496	 91.081735	 91.015748	 90.950534	 90.886094	 90.822427	 90.759534	 90.697414	 90.636065	 90.575488	 90.515681	 90.456643	 90.398372	 90.340868	 90.284127	  90.22815	 90.172932	 90.118473	 90.064769	 90.011819	 89.959619	 89.908167	  89.85746	 89.807494	 89.758267	 89.709775	 89.662015	 89.614983	 89.568675	 89.523088	 89.478217	 89.434059	  89.39061	 89.347865	  89.30582	 89.264471	 89.223813	 89.183841	 89.144552	 89.105939	    89.068	 89.030728	 88.994119	 88.958168	  88.92287	  88.88822	 88.854213	 88.820843	 88.788107	 88.755998	 88.724511	 88.693642	 88.663385	 88.633734	 88.604685	 88.576233	 88.548371	 88.521096	 88.494401	 88.468282	 88.442733	 88.417749	 88.393326	 88.369457	 88.346138	 88.323364	 88.301129	  88.27943	  88.25826	 88.237615	 88.217491	 88.197881	 88.178783	  88.16019	 88.142099	 88.124504	 88.107402	 88.090788	 88.074658	 88.059007	 88.043831	 88.029127	  88.01489	 88.001116	 87.987801	 87.974942	 87.962535	 87.950577	 87.939063	 87.927992	 87.917359	 87.907161	 87.897396	  87.88806	  87.87915	 87.870664	   87.8626	 87.854955	 87.847725	 87.840911	 87.834508	 87.828515	  87.82293	 87.817752	 87.812978	 87.808607	 87.804639	 87.801071	 87.797902	 87.795131	 87.792758	 87.790782	 87.789202	 87.788017	 87.787227	 87.786833	
        99	 98.884691	 98.769399	 98.654137	 98.538922	  98.42377	 98.308697	 98.193717	 98.078846	   97.9641	 97.849495	 97.735045	 97.620766	 97.506673	 97.392782	 97.279107	 97.165663	 97.052466	  96.93953	 96.826871	 96.714501	 96.602437	 96.490692	 96.379281	 96.268217	 96.157515	 96.047189	 95.937252	 95.827718	   95.7186	 95.609911	 95.501664	 95.393873	  95.28655	 95.179707	 95.073357	 94.967512	 94.862184	 94.757384	 94.653124	 94.549417	 94.446271	 94.343699	 94.241712	 94.140319	 94.039532	 93.939359	 93.839812	 93.740899	  93.64263	 93.545014	  93.44806	 93.351777	 93.256173	 93.161256	 93.067035	 92.973516	 92.880708	 92.788617	 92.697252	 92.606617	  92.51672	 92.427568	 92.339165	 92.251519	 92.164633	 92.078515	 91.993167	 91.908596	 91.824806	 91.741801	 91.659586	 91.578163	 91.497536	 91.417709	 91.338685	 91.260467	 91.183056	 91.106457	 91.030669	 90.955696	  90.88154	 90.808201	  90.73568	 90.663979	 90.593099	 90.523039	 90.453801	 90.385385	 90.317789	 90.251015	  90.18506	 90.119926	 90.055611	 89.992113	 89.929432	 89.867565	 89.806512	  89.74627	 89.686838	 89.628213	 89.570393	 89.513376	 89.457158	 89.401737	 89.347109	 89.293273	 89.240224	 89.187959	 89.136475	 89.085767	 89.035833	 88.986667	 88.938267	 88.890627	 88.843745	 88.797614	 88.752231	 88.707592	 88.663691	 88.620524	 88.578085	 88.536371	 88.495376	 88.455095	 88.415523	 88.376655	 88.338486	 88.301009	 88.264221	 88.228115	 88.192687	  88.15793	  88.12384	  88.09041	 88.057636	 88.025512	 87.994031	  87.96319	 87.932981	 87.903401	 87.874442	   87.8461	 87.818369	 87.791244	 87.764718	 87.738787	 87.713445	 87.688687	 87.664508	 87.640901	 87.617863	 87.595387	 87.573468	 87.552101	 87.531282	 87.511005	 87.491265	 87.472057	 87.453377	  87.43522	  87.41758	 87.400455	 87.383838	 87.367726	 87.352114	 87.336998	 87.322374	 87.308237	 87.294585	 87.281412	 87.268716	 87.256492	 87.244738	 87.233448	 87.222621	 87.212253	 87.202341	 87.192882	 87.183873	 87.175311	 87.167193	 87.159518	 87.152282	 87.145484	 87.139122	 87.133192	 87.127694	 87.122626	 87.117986	 87.113772	 87.109984	  87.10662	 87.103678	 87.101159	 87.099061	 87.097383	 87.096125	 87.095287	 87.094868	
