Time step 47:
        99	        99	        99	        99	        99	        99	        99	        99	        99	        99	        99	        99	        99	        99	        99	        99	        99	        99	        99	        99	        99	        99	        99	        99	        99	        99	        99	        99	        99	        99	        99	        99	        99	        99	        99	        99	        99	        99	        99	        99	        99	        99	        99	        99	        99	        99	        99	        99	        99	        99	        99	        99	        99	        99	        99	        99	        99	        99	        99	        99	        99	        99	        99	        99	        99	        99	        99	        99	        99	        99	        99	        99	        99	        99	        99	        99	        99	        99	        99	        99	        99	        99	        99	        99	        99	        99	        99	        99	        99	        99	        99	        99	        99	        99	        99	        99	        99	        99	        99	        99	        99	        99	        99	        99	        99	        99	        99	        99	        99	        99	        99	        99	        99	        99	        99	        99	        99	        99	        99	        99	        99	        99	        99	        99	        99	        99	        99	        99	        99	        99	        99	        99	        99	        99	        99	        99	        99	        99	        99	        99	        99	        99	        99	        99	        99	        99	        99	        99	        99	        99	        99	        99	        99	        99	        99	        99	        99	        99	        99	        99	        99	        99	        99	        99	        99	        99	        99	        99	        99	        99	        99	        99	        99	        99	        99	        99	        99	        99	        99	        99	        99	        99	        99	        99	        99	        99	        99	        99	        99	        99	        99	        99	        99	        99	        99	        99	        99	        99	        99	        99	
        99	  98.98649	 98.972984	 98.959486	 98.945998	 98.932524	 98.919069	 98.905635	 98.892227	 98.878847	   98.8655	 98.852189	 98.838916	 98.825687	 98.812503	  98.79937	 98.786289	 98.773264	 98.760298	 98.747395	 98.734558	 98.721789	 98.709092	  98.69647	 98.683926	 98.671463	 98.659083	 98.646789	 98.634584	  98.62247	  98.61045	 98.598527	 98.586703	  98.57498	  98.56336	 98.551846	  98.54044	 98.529144	 98.517959	 98.506888	 98.495933	 98.485094	 98.474374	 98.463775	 98.453297	 98.442942	 98.432712	 98.422607	  98.41263	  98.40278	 98.393058	 98.383467	 98.374006	 98.364676	 98.355479	 98.346413	 98.337481	 98.328682	 98.320017	 98.311485	 98.303088	 98.294825	 98.286697	 98.278702	 98.270842	 98.263116	 98.255523	 98.248064	 98.240738	 98.233545	 98.226484	 98.219554	 98.212755	 98.206087	 98.199548	 98.193138	 98.186855	   98.1807	  98.17467	 98.168766	 98.162985	 98.157328	 98.151792	 98.146377	 98.141081	 98.135903	 98.130843	 98.125897	 98.121067	 98.116349	 98.111742	 98.107245	 98.102857	 98.098577	 98.094401	  98.09033	 98.086362	 98.082494	 98.078726	 98.075056	 98.071483	 98.068004	 98.064618	 98.061323	 98.058119	 98.055003	 98.051973	 98.049029	 98.046168	 98.043388	  98.04069	 98.038069	 98.035526	 98.033058	 98.030664	 98.028342	  98.02609	 98.023908	 98.021794	 98.019745	 98.017761	  98.01584	  98.01398	  98.01218	 98.010439	 98.008755	 98.007127	 98.005553	 98.004031	 98.002562	 98.001142	 97.999771	 97.998448	 97.997171	 97.995938	  97.99475	 97.993604	 97.992499	 97.991434	 97.990408	  97.98942	 97.988469	 97.987553	 97.986671	 97.985823	 97.985007	 97.984223	 97.983469	 97.982745	 97.982049	 97.981381	 97.980739	 97.980124	 97.979533	 97.978967	 97.978424	 97.977903	 97.977405	 97.976927	  97.97647	 97.976033	 97.975615	 97.975215	 97.974833	 97.974468	  97.97412	 97.973788	 97.973471	 97.973169	 97.972881	 97.972608	 97.972348	 97.972101	 97.971866	 97.971644	 97.971433	 97.971234	 97.971045	 97.970867	   97.9707	 97.970542	 97.970395	 97.970256	 97.970127	 97.970007	 97.969895	 97.969792	 97.969697	  97.96961	 97.969531	 97.969459	 97.969395	 97.969339	  97.96929	 97.969248	 97.969213	 97.969185	 97.969164	  97.96915	 97.969143	
        99	 98.972984	 98.945976	 98.918982	  98.89201	 98.865067	  98.83816	 98.811296	 98.784483	 98.757727	 98.731036	 98.704417	 98.677876	 98.651421	 98.625057	 98.598793	 98.572634	 98.546588	  98.52066	 98.494858	 98.469186	 98.443653	 98.418263	 98.393022	 98.367937	 98.343014	 98.318257	 98.293672	 98.269265	 98.245041	 98.221005	 98.197162	 98.173517	 98.150074	 98.126838	 98.103813	 98.081004	 98.058414	 98.036048	 98.013909	 97.992001	 97.970327	  97.94889	 97.927694	 97.906741	 97.886034	 97.865576	  97.84537	 97.825417	  97.80572	  97.78628	   97.7671	  97.74818	 97.729523	  97.71113	 97.693002	  97.67514	 97.657544	 97.640216	 97.623155	 97.606363	  97.58984	 97.573585	 97.557598	  97.54188	  97.52643	 97.511247	 97.496331	 97.481681	 97.467296	 97.453176	 97.439318	 97.425722	 97.412387	 97.399311	 97.386492	 97.373929	 97.361619	 97.349562	 97.337755	 97.326195	 97.314882	 97.303812	 97.292983	 97.282393	 97.272039	 97.261919	  97.25203	 97.242369	 97.232934	 97.223723	 97.214731	 97.205956	 97.197395	 97.189046	 97.180905	 97.172969	 97.165235	   97.1577	 97.150361	 97.143215	 97.136257	 97.129486	 97.122899	 97.116491	 97.110259	 97.104201	 97.098313	 97.092592	 97.087034	 97.081637	 97.076397	 97.071311	 97.066375	 97.061588	 97.056945	 97.052443	 97.048079	  97.04385	 97.039753	 97.035786	 97.031944	 97.028225	 97.024626	 97.021144	 97.017777	  97.01452	 97.011373	  97.00833	 97.005391	 97.002552	 96.999811	 96.997165	 96.994611	 96.992147	  96.98977	 96.987478	 96.985269	 96.983139	 96.981088	 96.979112	 96.977209	 96.975377	 96.973614	 96.971919	 96.970287	 96.968719	 96.967212	 96.965763	 96.964372	 96.963035	 96.961753	 96.960522	 96.959341	 96.958208	 96.957122	 96.956081	 96.955084	  96.95413	 96.953216	 96.952341	 96.951505	 96.950706	 96.949942	 96.949212	 96.948516	 96.947851	 96.947217	 96.946614	 96.946039	 96.945492	 96.944972	 96.944477	 96.944008	 96.943563	 96.943142	 96.942743	 96.942367	 96.942011	 96.941676	 96.941362	 96.941066	 96.940789	 96.940531	  96.94029	 96.940067	  96.93986	  96.93967	 96.939496	 96.939338	 96.939195	 96.939067	 96.938954	 96.938856	 96.938772	 96.938702	 96.938647	 96.938605	 96.938578	 96.938564	
        99	 98.959486	 98.918982	   98.8785	 98.838051	 98.797645	 98.757294	 98.717007	 98.676797	 98.636672	 98.596645	 98.556724	 98.516922	 98.477248	 98.437712	 98.398324	 98.359095	 98.320034	 98.281151	 98.242456	 98.203958	 98.165666	 98.127589	 98.089737	 98.052118	 98.014741	 97.977614	 97.940745	 97.904143	 97.867815	 97.831769	 97.796013	 97.760553	 97.725396	  97.69055	 97.656021	 97.621815	 97.587938	 97.554396	 97.521195	  97.48834	 97.455836	 97.423688	   97.3919	 97.360478	 97.329425	 97.298746	 97.268443	  97.23852	  97.20898	 97.179827	 97.151063	 97.122691	 97.094712	 97.067128	 97.039942	 97.013154	 96.986767	  96.96078	 96.935195	 96.910013	 96.885233	 96.860856	 96.836881	 96.813309	 96.790139	  96.76737	 96.745001	 96.723031	 96.701459	 96.680283	 96.659501	 96.639112	 96.619114	 96.599503	 96.580279	 96.561439	 96.542979	 96.524897	  96.50719	 96.489855	 96.472888	 96.456287	 96.440047	 96.424165	 96.408638	 96.393462	 96.378631	 96.364144	 96.349995	  96.33618	 96.322695	 96.309536	 96.296698	 96.284177	 96.271968	 96.260067	 96.248469	 96.237169	 96.226163	 96.215445	 96.205012	 96.194858	 96.184978	 96.175368	 96.166023	 96.156938	 96.148108	 96.139528	 96.131193	 96.123099	 96.115241	 96.107613	 96.100212	 96.093032	 96.086069	 96.079318	 96.072773	 96.066432	 96.060288	 96.054338	 96.048577	    96.043	 96.037602	 96.032381	 96.027331	 96.022447	 96.017726	 96.013164	 96.008757	 96.004499	 96.000388	 95.996419	 95.992589	 95.988894	  95.98533	 95.981893	 95.978579	 95.975386	 95.972309	 95.969346	 95.966492	 95.963745	 95.961102	 95.958559	 95.956113	 95.953761	   95.9515	 95.949328	 95.947241	 95.945237	 95.943313	 95.941467	 95.939696	 95.937997	 95.936369	 95.934808	 95.933313	 95.931881	 95.930511	   95.9292	 95.927945	 95.926746	 95.925601	 95.924507	 95.923462	 95.922466	 95.921515	  95.92061	 95.919748	 95.918927	 95.918147	 95.917406	 95.916703	 95.916036	 95.915404	 95.914806	 95.914241	 95.913708	 95.913206	 95.912733	  95.91229	 95.911875	 95.911488	 95.911127	 95.910792	 95.910482	 95.910197	 95.909936	 95.909699	 95.909484	 95.909293	 95.909123	 95.908976	  95.90885	 95.908746	 95.908662	   95.9086	 95.908558	 95.908538	
        99	 98.945998	  98.89201	 98.838051	 98.784136	 98.730278	 98.676493	 98.622795	 98.569197	 98.515715	 98.462361	 98.409151	 98.356098	 98.303215	 98.250517	 98.198017	 98.145728	 98.093663	 98.041836	 97.990258	 97.938943	 97.887903	  97.83715	 97.786696	 97.736554	 97.686733	 97.637246	 97.588103	 97.539315	 97.490893	 97.442847	 97.395187	 97.347922	 97.301061	 97.254614	 97.208589	 97.162995	  97.11784	 97.073132	 97.028877	 96.985084	 96.941759	 96.898908	 96.856539	 96.814656	 96.773265	 96.732371	  96.69198	 96.652095	 96.612722	 96.573863	 96.535523	 96.497705	 96.460411	 96.423645	 96.387408	 96.351702	  96.31653	 96.281892	 96.247789	 96.214223	 96.181194	 96.148701	 96.116745	 96.085326	 96.054442	 96.024093	 95.994277	 95.964992	 95.936238	 95.908012	 95.880312	 95.853135	 95.826479	 95.800341	 95.774717	 95.749604	 95.724998	 95.700896	 95.677294	 95.654188	 95.631573	 95.609445	 95.587799	  95.56663	 95.545933	 95.525704	 95.505937	 95.486626	 95.467767	 95.449353	 95.431379	 95.413839	 95.396727	 95.380037	 95.363764	   95.3479	 95.332441	 95.317379	 95.302709	 95.288423	 95.274516	 95.260982	 95.247813	 95.235004	 95.222548	 95.210438	 95.198668	 95.187232	 95.176122	 95.165334	 95.154859	 95.144693	 95.134827	 95.125257	 95.115976	 95.106977	 95.098254	 95.089801	 95.081612	 95.073681	 95.066001	 95.058568	 95.051374	 95.044414	 95.037682	 95.031173	 95.024881	   95.0188	 95.012925	  95.00725	  95.00177	  94.99648	 94.991375	  94.98645	 94.981699	 94.977117	 94.972701	 94.968444	 94.964344	 94.960394	  94.95659	 94.952929	 94.949405	 94.946015	 94.942755	  94.93962	 94.936607	 94.933711	  94.93093	 94.928259	 94.925694	 94.923233	 94.920873	 94.918608	 94.916438	 94.914358	 94.912365	 94.910457	  94.90863	 94.906882	  94.90521	 94.903612	 94.902085	 94.900627	 94.899234	 94.897906	  94.89664	 94.895433	 94.894284	  94.89319	  94.89215	 94.891162	 94.890225	 94.889335	 94.888493	 94.887696	 94.886943	 94.886233	 94.885563	 94.884934	 94.884343	  94.88379	 94.883274	 94.882792	 94.882346	 94.881933	 94.881553	 94.881205	 94.880889	 94.880603	 94.880348	 94.880122	 94.879925	 94.879758	 94.879618	 94.879507	 94.879424	 94.879369	 94.879341	
        99	 98.932524	 98.865067	 98.797645	 98.730278	 98.662984	 98.595779	 98.528683	 98.461713	 98.394887	 98.328222	 98.261736	 98.195446	  98.12937	 98.063524	 97.997925	  97.93259	 97.867535	 97.802777	 97.738331	 97.674213	 97.610439	 97.547023	 97.483981	 97.421328	 97.359077	 97.297243	 97.235839	 97.174879	 97.114376	 97.054343	 96.994791	 96.935733	 96.877181	 96.819146	 96.761638	 96.704669	 96.648247	 96.592384	 96.537089	 96.482369	 96.428235	 96.374693	 96.321752	 96.269419	 96.217702	 96.166605	 96.116136	 96.066301	 96.017104	  95.96855	 95.920644	  95.87339	 95.826792	 95.780852	 95.735574	  95.69096	 95.647013	 95.603733	 95.561122	 95.519181	 95.477911	 95.437312	 95.397383	 95.358124	 95.319535	 95.281613	 95.244358	 95.207768	  95.17184	 95.136572	  95.10196	 95.068003	 95.034696	 95.002036	 94.970019	  94.93864	 94.907896	 94.877781	  94.84829	 94.819419	 94.791162	 94.763512	 94.736466	 94.710015	 94.684155	 94.658879	 94.634179	 94.610051	 94.586486	 94.563478	 94.541019	 94.519103	 94.497722	 94.476868	 94.456535	 94.436714	 94.417397	 94.398577	 94.380246	 94.362397	  94.34502	 94.328109	 94.311655	  94.29565	 94.280086	 94.264954	 94.250248	 94.235958	 94.222077	 94.208597	 94.195509	 94.182806	  94.17048	 94.158522	 94.146924	  94.13568	 94.124781	 94.114219	 94.103987	 94.094077	 94.084482	 94.075193	 94.066205	 94.057508	 94.049097	 94.040964	 94.033102	 94.025504	 94.018163	 94.011072	 94.004225	 93.997615	 93.991237	 93.985082	 93.979146	 93.973421	 93.967903	 93.962585	 93.957461	 93.952525	 93.947773	 93.943198	 93.938795	 93.934559	 93.930485	 93.926568	 93.922803	 93.919185	  93.91571	 93.912372	 93.909168	 93.906094	 93.903144	 93.900315	 93.897603	 93.895003	 93.892513	 93.890129	 93.887846	 93.885663	 93.883574	 93.881577	 93.879669	 93.877846	 93.876107	 93.874447	 93.872865	 93.871357	 93.869921	 93.868554	 93.867255	 93.866021	 93.864849	 93.863738	 93.862686	  93.86169	 93.860749	 93.859861	 93.859025	 93.858238	   93.8575	 93.856809	 93.856164	 93.855563	 93.855005	 93.854489	 93.854014	 93.853579	 93.853184	 93.852827	 93.852508	 93.852226	  93.85198	 93.851771	 93.851597	 93.851458	 93.851354	 93.851285	 93.851251	
        99	 98.919069	  98.83816	 98.757294	 98.676493	 98.595779	 98.515174	 98.434698	 98.354374	 98.274222	 98.194263	 98.114519	 98.035011	 97.955758	 97.876781	 97.798101	 97.719738	 97.641711	 97.564039	 97.486742	 97.409838	 97.333346	 97.257285	 97.181672	 97.106525	 97.031861	 96.957697	 96.884048	 96.810932	 96.738364	  96.66636	 96.594933	 96.524098	  96.45387	 96.384262	 96.315287	 96.246957	 96.179285	 96.112282	  96.04596	 95.980329	 95.915399	 95.851181	 95.787684	 95.724915	 95.662884	 95.601599	 95.541066	 95.481293	 95.422285	  95.36405	 95.306591	 95.249914	 95.194023	 95.138923	 95.084616	 95.031106	 94.978394	 94.926484	 94.875376	 94.825072	 94.775572	 94.726877	 94.678986	 94.631899	 94.585614	 94.540131	 94.495447	  94.45156	 94.408467	 94.366166	 94.324653	 94.283924	 94.243976	 94.204803	 94.166401	 94.128766	  94.09189	  94.05577	 94.020399	  93.98577	 93.951878	 93.918715	 93.886275	  93.85455	 93.823533	 93.793217	 93.763592	 93.734652	 93.706388	 93.678792	 93.651855	 93.625569	 93.599924	 93.574912	 93.550524	  93.52675	 93.503581	 93.481009	 93.459023	 93.437614	 93.416772	 93.396489	 93.376753	 93.357556	 93.338889	  93.32074	 93.303101	 93.285962	 93.269313	 93.253145	 93.237447	 93.222211	 93.207426	 93.193084	 93.179174	 93.165687	 93.152615	 93.139947	 93.127674	 93.115788	 93.104279	 93.093139	 93.082358	 93.071927	 93.061839	 93.052084	 93.042654	 93.033541	 93.024736	 93.016231	 93.008019	 93.000091	  92.99244	 92.985059	 92.977938	 92.971072	 92.964454	 92.958075	 92.951929	 92.946009	 92.940309	 92.934822	 92.929541	 92.924461	 92.919575	 92.914877	 92.910361	 92.906021	 92.901853	  92.89785	 92.894007	 92.890319	 92.886781	 92.883388	 92.880135	 92.877017	 92.874031	 92.871171	 92.868433	 92.865814	 92.863309	 92.860913	 92.858625	 92.856439	 92.854353	 92.852362	 92.850464	 92.848655	 92.846933	 92.845294	 92.843736	 92.842255	  92.84085	 92.839517	 92.838255	 92.837061	 92.835932	 92.834867	 92.833864	 92.832921	 92.832036	 92.831207	 92.830433	 92.829712	 92.829043	 92.828424	 92.827854	 92.827333	 92.826859	 92.826431	 92.826048	  92.82571	 92.825415	 92.825164	 92.824955	 92.824789	 92.824664	 92.824581	  92.82454	
        99	 98.905635	 98.811296	 98.717007	 98.622795	 98.528683	 98.434698	 98.340864	 98.247207	 98.153751	  98.06052	 97.967539	 97.874833	 97.782425	  97.69034	   97.5986	 97.507229	  97.41625	 97.325685	 97.235558	 97.145889	 97.056701	 96.968014	  96.87985	  96.79223	 96.705172	 96.618697	 96.532824	 96.447572	 96.362958	 96.279002	 96.195719	 96.113127	 96.031241	 95.950079	 95.869655	 95.789983	 95.711078	 95.632953	 95.555622	 95.479097	  95.40339	 95.328513	 95.254475	 95.181288	  95.10896	 95.037502	 94.966922	 94.897227	 94.828425	 94.760523	 94.693526	 94.627442	 94.562274	 94.498027	 94.434706	 94.372314	 94.310853	 94.250326	 94.190735	 94.132081	 94.074364	 94.017586	 93.961746	 93.906843	 93.852876	 93.799843	 93.747742	  93.69657	 93.646324	 93.597002	 93.548598	 93.501109	 93.454529	 93.408854	 93.364078	 93.320195	 93.277199	 93.235083	 93.193841	 93.153465	 93.113947	 93.075279	 93.037454	 93.000464	 92.964298	 92.928949	 92.894407	 92.860664	 92.827708	 92.795531	 92.764123	 92.733473	 92.703572	 92.674408	 92.645972	 92.618252	 92.591237	 92.564918	 92.539283	  92.51432	 92.490019	 92.466368	 92.443357	 92.420974	 92.399208	 92.378047	  92.35748	 92.337496	 92.318083	 92.299231	 92.280928	 92.263163	 92.245924	 92.229201	 92.212982	 92.197257	 92.182015	 92.167244	 92.152934	 92.139075	 92.125656	 92.112666	 92.100095	 92.087934	 92.076171	 92.064796	 92.053801	 92.043175	 92.032909	 92.022993	 92.013417	 92.004174	 91.995253	 91.986646	 91.978344	 91.970338	 91.962621	 91.955183	 91.948017	 91.941115	 91.934469	 91.928071	 91.921913	  91.91599	 91.910293	 91.904815	 91.899549	 91.894489	 91.889629	 91.884961	 91.880481	  91.87618	 91.872055	 91.868099	 91.864306	 91.860671	 91.857189	 91.853854	 91.850662	 91.847608	 91.844687	 91.841894	 91.839225	 91.836677	 91.834244	 91.831923	  91.82971	 91.827601	 91.825593	 91.823682	 91.821865	 91.820139	   91.8185	 91.816946	 91.815475	 91.814082	 91.812766	 91.811525	 91.810355	 91.809255	 91.808223	 91.807256	 91.806354	 91.805513	 91.804733	 91.804011	 91.803347	  91.80274	 91.802187	 91.801688	 91.801241	 91.800847	 91.800503	  91.80021	 91.799967	 91.799773	 91.799628	 91.799531	 91.799483	
        99	 98.892227	 98.784483	 98.676797	 98.569197	 98.461713	 98.354374	 98.247207	 98.140242	 98.033506	 97.927028	 97.820836	 97.714957	 97.609418	 97.504248	 97.399473	 97.295119	 97.191212	  97.08778	 96.984846	 96.882436	 96.780575	 96.679287	 96.578595	 96.478524	 96.379097	 96.280335	  96.18226	 96.084894	 95.988258	 95.892371	 95.797255	 95.702927	 95.609407	 95.516712	  95.42486	 95.333867	 95.243751	 95.154525	 95.066206	 94.978808	 94.892343	 94.806826	 94.722268	 94.638682	 94.556077	 94.474466	 94.393856	 94.314258	  94.23568	  94.15813	 94.081614	 94.006139	 93.931712	 93.858336	 93.786017	  93.71476	 93.644566	 93.575438	  93.50738	 93.440391	 93.374474	 93.309628	 93.245854	 93.183149	 93.121514	 93.060945	 93.001441	 92.942998	 92.885613	 92.829283	 92.774001	 92.719764	 92.666566	 92.614401	 92.563262	 92.513144	 92.464039	 92.415939	 92.368836	 92.322722	 92.277589	 92.233428	 92.190228	 92.147981	 92.106677	 92.066305	 92.026855	 91.988317	 91.950679	  91.91393	 91.878059	 91.843054	 91.808904	 91.775596	 91.743119	  91.71146	 91.680608	 91.650549	 91.621271	 91.592761	 91.565007	 91.537996	 91.511715	 91.486151	 91.461292	 91.437124	 91.413635	 91.390812	 91.368641	  91.34711	 91.326206	 91.305916	 91.286228	 91.267129	 91.248606	 91.230646	 91.213238	 91.196368	 91.180026	 91.164197	 91.148871	 91.134036	 91.119679	 91.105789	 91.092354	 91.079364	 91.066806	 91.054671	 91.042945	  91.03162	 91.020684	 91.010127	 90.999939	 90.990109	 90.980627	 90.971484	  90.96267	 90.954176	 90.945991	 90.938108	 90.930518	 90.923211	 90.916179	 90.909413	 90.902906	  90.89665	 90.890636	 90.884858	 90.879307	 90.873976	 90.868858	 90.863947	 90.859236	 90.854717	 90.850385	 90.846234	 90.842257	 90.838448	 90.834803	 90.831315	 90.827978	 90.824789	 90.821741	 90.818831	 90.816052	 90.813401	 90.810874	 90.808465	 90.806172	 90.803989	 90.801914	 90.799943	 90.798071	 90.796297	 90.794616	 90.793025	 90.791522	 90.790104	 90.788769	 90.787513	 90.786334	  90.78523	 90.784199	 90.783239	 90.782348	 90.781524	 90.780765	 90.780071	  90.77944	  90.77887	  90.77836	 90.777909	 90.777517	 90.777182	 90.776904	 90.776683	 90.776517	 90.776407	 90.776351	
        99	 98.878847	 98.757727	 98.636672	 98.515715	 98.394887	 98.274222	 98.153751	 98.033506	 97.913519	 97.793822	 97.674447	 97.555423	 97.436783	 97.318556	 97.200774	 97.083464	 96.966658	 96.850385	 96.734672	 96.619548	 96.505041	 96.391179	 96.277987	 96.165493	 96.053722	 95.942698	 95.832448	 95.722994	 95.614361	 95.506571	 95.399646	 95.293608	 95.188477	 95.084275	  94.98102	 94.878731	 94.777427	 94.677124	 94.577841	 94.479592	 94.382393	 94.286259	 94.191204	 94.097241	 94.004381	 93.912638	 93.822021	 93.732541	 93.644208	  93.55703	 93.471015	  93.38617	 93.302503	 93.220018	 93.138721	 93.058617	 92.979709	    92.902	 92.825492	 92.750187	 92.676087	 92.603191	 92.531498	  92.46101	 92.391722	 92.323634	 92.256743	 92.191045	 92.126536	 92.063211	 92.001067	 91.940097	 91.880294	 91.821653	 91.764166	 91.707826	 91.652624	 91.598553	 91.545602	 91.493764	 91.443028	 91.393384	 91.344821	 91.297329	 91.250897	 91.205513	 91.161166	 91.117843	 91.075532	 91.034221	 90.993897	 90.954546	 90.916157	 90.878714	 90.842205	 90.806616	 90.771933	 90.738142	 90.705229	  90.67318	 90.641981	 90.611617	 90.582073	 90.553336	  90.52539	 90.498222	 90.471817	  90.44616	 90.421237	 90.397033	 90.373534	 90.350725	 90.328593	 90.307122	 90.286299	  90.26611	 90.246541	 90.227577	 90.209206	 90.191412	 90.174183	 90.157506	 90.141367	 90.125753	  90.11065	 90.096047	 90.081931	 90.068288	 90.055107	 90.042376	 90.030083	 90.018215	 90.006762	 89.995711	 89.985052	 89.974774	 89.964866	 89.955317	 89.946117	 89.937255	 89.928722	 89.920508	 89.912603	 89.904998	 89.897683	  89.89065	  89.88389	 89.877394	 89.871154	 89.865161	 89.859408	 89.853887	 89.848591	 89.843511	 89.838642	 89.833975	 89.829504	 89.825223	 89.821125	 89.817204	 89.813453	 89.809868	 89.806442	  89.80317	 89.800046	 89.797066	 89.794225	 89.791517	 89.788939	 89.786486	 89.784153	 89.781937	 89.779833	 89.777838	 89.775948	 89.774161	 89.772471	 89.770877	 89.769376	 89.767964	 89.766638	 89.765397	 89.764238	 89.763159	 89.762157	 89.761231	 89.760379	 89.759598	 89.758888	 89.758248	 89.757674	 89.757168	 89.756727	 89.756351	 89.756038	 89.755789	 89.755603	 89.755479	 89.755417	
        99	   98.8655	 98.731036	 98.596645	 98.462361	 98.328222	 98.194263	  98.06052	 97.927028	 97.793822	 97.660939	 97.528412	 97.396275	 97.264565	 97.133313	 97.002554	 96.872321	 96.742647	 96.613563	 96.485102	 96.357296	 96.230174	 96.103767	 95.978105	 95.853217	 95.729132	 95.605878	 95.483481	 95.361969	 95.241368	 95.121702	 95.002998	 94.885277	 94.768565	 94.652882	 94.538251	 94.424694	 94.312229	 94.200876	 94.090655	 93.981582	 93.873675	  93.76695	 93.661423	 93.557107	 93.454018	 93.352167	 93.251567	 93.152229	 93.054164	 92.957382	 92.861891	 92.767699	 92.674814	 92.583242	 92.492989	 92.404059	 92.316458	 92.230187	 92.145251	  92.06165	 91.979386	 91.898459	 91.818868	 91.740614	 91.663693	 91.588104	 91.513843	 91.440907	 91.369291	  91.29899	     91.23	 91.162312	 91.095921	  91.03082	 90.966999	 90.904452	 90.843169	  90.78314	 90.724357	 90.666807	 90.610481	 90.555368	 90.501455	 90.448732	 90.397184	   90.3468	 90.297567	 90.249472	   90.2025	 90.156637	  90.11187	 90.068185	 90.025565	 89.983998	 89.943467	 89.903957	 89.865453	 89.827939	   89.7914	 89.755821	 89.721184	 89.687474	 89.654676	 89.622773	 89.591749	 89.561588	 89.532273	  89.50379	  89.47612	  89.44925	 89.423162	 89.397841	  89.37327	 89.349434	 89.326317	 89.303904	 89.282179	 89.261126	  89.24073	 89.220976	  89.20185	 89.183335	 89.165418	 89.148083	 89.131317	 89.115105	 89.099433	 89.084288	 89.069655	 89.055521	 89.041873	 89.028698	 89.015983	 89.003715	 88.991882	 88.980472	 88.969472	 88.958871	 88.948657	 88.938819	 88.929346	 88.920227	 88.911451	 88.903008	 88.894887	 88.887079	 88.879574	 88.872363	 88.865435	 88.858782	 88.852396	 88.846267	 88.840387	 88.834748	 88.829342	 88.824161	 88.819197	 88.814444	 88.809895	 88.805541	 88.801378	 88.797397	 88.793594	 88.789961	 88.786494	 88.783186	 88.780031	 88.777025	 88.774163	  88.77144	  88.76885	 88.766389	 88.764054	 88.761839	 88.759741	 88.757756	 88.755881	 88.754111	 88.752444	 88.750877	 88.749405	 88.748028	 88.746741	 88.745543	 88.744431	 88.743403	 88.742456	  88.74159	 88.740802	  88.74009	 88.739454	 88.738892	 88.738402	 88.737985	 88.737638	 88.737361	 88.737154	 88.737016	 88.736948	
        99	 98.852189	 98.704417	 98.556724	 98.409151	 98.261736	 98.114519	 97.967539	 97.820836	 97.674447	 97.528412	 97.382768	 97.237554	 97.092808	 96.948567	 96.804866	 96.661744	 96.519236	 96.377377	 96.236202	 96.095746	 95.956043	 95.817126	 95.679027	 95.541779	 95.405414	 95.269961	  95.13545	 95.001912	 94.869375	 94.737866	 94.607413	 94.478042	 94.349778	 94.222647	 94.096671	 93.971874	 93.848279	 93.725906	 93.604776	 93.484908	 93.366321	 93.249034	 93.133062	 93.018423	  92.90513	 92.793199	 92.682643	 92.573474	 92.465703	 92.359342	   92.2544	 92.150886	 92.048809	 91.948174	 91.848988	 91.751257	 91.654986	 91.560177	 91.466835	  91.37496	 91.284554	 91.195617	  91.10815	 91.022151	 90.937617	 90.854547	 90.772936	 90.692782	 90.614078	  90.53682	 90.461001	 90.386614	 90.313653	 90.242108	 90.171971	 90.103234	 90.035886	 89.969916	 89.905314	 89.842069	 89.780169	 89.719601	 89.660353	 89.602411	 89.545761	 89.490391	 89.436286	  89.38343	 89.331809	 89.281408	  89.23221	 89.184201	 89.137364	 89.091682	 89.047139	 89.003719	 88.961405	 88.920178	 88.880023	 88.840922	 88.802857	 88.765812	 88.729767	 88.694707	 88.660612	 88.627466	  88.59525	 88.563947	  88.53354	  88.50401	  88.47534	 88.447513	  88.42051	 88.394315	 88.368911	 88.344279	 88.320404	 88.297267	 88.274853	 88.253144	 88.232124	 88.211777	 88.192087	 88.173037	 88.154611	 88.136795	 88.119572	 88.102928	 88.086847	 88.071314	 88.056315	 88.041836	 88.027863	 88.014381	 88.001376	 87.988837	 87.976748	 87.965098	 87.953873	 87.943062	 87.932651	 87.922629	 87.912985	 87.903706	 87.894782	 87.886201	 87.877954	 87.870028	 87.862415	 87.855104	 87.848085	 87.841349	 87.834888	  87.82869	 87.822749	 87.817055	 87.811601	 87.806378	 87.801378	 87.796594	 87.792018	 87.787644	 87.783464	 87.779472	 87.775661	 87.772025	 87.768559	 87.765255	  87.76211	 87.759117	  87.75627	 87.753566	    87.751	 87.748566	 87.746261	 87.744079	 87.742018	 87.740073	 87.738241	 87.736519	 87.734902	 87.733388	 87.731974	 87.730657	 87.729435	 87.728305	 87.727265	 87.726313	 87.725447	 87.724665	 87.723966	 87.723348	  87.72281	 87.722351	 87.721969	 87.721665	 87.721438	 87.721287	 87.721211	
        99	 98.838916	 98.677876	 98.516922	 98.356098	 98.195446	 98.035011	 97.874833	 97.714957	 97.555423	 97.396275	 97.237554	 97.079302	 96.921559	 96.764365	 96.607762	 96.451789	 96.296484	 96.141888	 95.988037	 95.834969	 95.682722	 95.531331	 95.380832	 95.231261	  95.08265	 94.935035	 94.788447	 94.642918	  94.49848	 94.355163	 94.212996	 94.072009	 93.932228	 93.793681	 93.656394	 93.520391	 93.385698	 93.252337	  93.12033	   92.9897	 92.860465	 92.732646	 92.606261	 92.481328	 92.357863	 92.235882	 92.115398	 91.996427	 91.878979	 91.763068	 91.648703	 91.535894	 91.424651	  91.31498	 91.206888	 91.100382	 90.995466	 90.892145	  90.79042	 90.690296	 90.591772	  90.49485	 90.399529	 90.305807	 90.213684	 90.123154	 90.034216	 89.946864	 89.861094	 89.776898	 89.694271	 89.613205	 89.533693	 89.455724	  89.37929	  89.30438	 89.230984	 89.159091	 89.088689	 89.019765	 88.952306	   88.8863	 88.821732	 88.758587	 88.696851	 88.636509	 88.577545	 88.519944	 88.463688	 88.408761	 88.355146	 88.302826	 88.251783	 88.201999	 88.153457	 88.106138	 88.060024	 88.015096	 87.971335	 87.928723	 87.887241	 87.846869	 87.807588	 87.769379	 87.732223	   87.6961	 87.660992	 87.626879	 87.593741	 87.561559	 87.530315	 87.499989	 87.470562	 87.442015	 87.414329	 87.387486	 87.361467	 87.336253	 87.311826	 87.288168	 87.265261	 87.243087	 87.221628	 87.200867	 87.180788	 87.161371	 87.142602	 87.124463	 87.106938	 87.090011	 87.073666	 87.057886	 87.042658	 87.027965	 87.013794	 87.000128	 86.986954	 86.974258	 86.962025	 86.950243	 86.938897	 86.927976	 86.917465	 86.907353	 86.897628	 86.888277	 86.879288	 86.870651	 86.862354	 86.854387	 86.846738	 86.839398	 86.832355	 86.825602	 86.819127	 86.812922	 86.806978	 86.801286	 86.795837	 86.790623	 86.785636	 86.780869	 86.776314	 86.771963	 86.767811	 86.763848	 86.760071	 86.756471	 86.753043	 86.749781	 86.746679	 86.743732	 86.740935	 86.738283	  86.73577	 86.733393	 86.731147	 86.729028	 86.727031	 86.725154	 86.723392	 86.721742	 86.720201	 86.718766	 86.717434	 86.716202	 86.715069	 86.714032	 86.713088	 86.712236	 86.711474	   86.7108	 86.710214	 86.709714	 86.709298	 86.708967	 86.708719	 86.708554	 86.708472	
        99	 98.825687	 98.651421	 98.477248	 98.303215	  98.12937	 97.955758	 97.782425	 97.609418	 97.436783	 97.264565	 97.092808	 96.921559	  96.75086	 96.580757	 96.411292	 96.242509	  96.07445	 95.907156	  95.74067	 95.575031	  95.41028	 95.246456	 95.083597	 94.921741	 94.760926	 94.601187	  94.44256	 94.285079	 94.128779	 93.973691	 93.819849	 93.667282	 93.516022	 93.366096	 93.217534	 93.070362	 92.924606	 92.780292	 92.637444	 92.496085	 92.356237	  92.21792	 92.081156	 91.945962	 91.812357	 91.680357	 91.549979	 91.421236	 91.294143	 91.168712	 91.044955	 90.922882	 90.802502	 90.683824	 90.566855	 90.451601	 90.338069	 90.226262	 90.116183	 90.007836	 89.901221	 89.796339	 89.693189	  89.59177	  89.49208	 89.394116	 89.297873	 89.203347	 89.110533	 89.019422	  88.93001	 88.842286	 88.756243	 88.671871	 88.589159	 88.508097	 88.428674	 88.350876	 88.274692	 88.200107	 88.127109	 88.055681	  87.98581	 87.917479	 87.850673	 87.785376	 87.721569	 87.659237	  87.59836	 87.538922	 87.480904	 87.424287	 87.369052	  87.31518	 87.262651	 87.211446	 87.161545	 87.112927	 87.065572	 87.019461	 86.974571	 86.930883	 86.888376	 86.847029	 86.806822	 86.767733	 86.729741	 86.692826	 86.656967	 86.622142	 86.588332	 86.555515	 86.523671	  86.49278	  86.46282	 86.433773	 86.405616	 86.378331	 86.351898	 86.326297	 86.301509	 86.277514	 86.254293	 86.231827	 86.210098	 86.189088	 86.168777	 86.149148	 86.130184	 86.111866	 86.094178	 86.077103	 86.060624	 86.044725	 86.029389	 86.014601	 86.000345	 85.986606	 85.973369	 85.960619	 85.948342	 85.936524	  85.92515	 85.914208	 85.903683	 85.893564	 85.883838	 85.874491	 85.865513	 85.856891	 85.848614	 85.840671	  85.83305	 85.825742	 85.818735	 85.812021	 85.805588	 85.799428	 85.793532	  85.78789	 85.782494	 85.777335	 85.772406	 85.767698	 85.763204	 85.758917	 85.754829	 85.750933	 85.747224	 85.743694	 85.740337	 85.737149	 85.734122	 85.731252	 85.728533	  85.72596	  85.72353	 85.721236	 85.719076	 85.717044	 85.715137	 85.713352	 85.711685	 85.710132	  85.70869	 85.707358	 85.706131	 85.705008	 85.703987	 85.703065	  85.70224	 85.701512	 85.700877	 85.700336	 85.699886	 85.699528	  85.69926	 85.699081	 85.698992	
        99	 98.812503	 98.625057	 98.437712	 98.250517	 98.063524	 97.876781	  97.69034	 97.504248	 97.318556	 97.133313	 96.948567	 96.764365	 96.580757	 96.397789	 96.215507	 96.033959	 95.853189	 95.673243	 95.494166	    95.316	 95.138788	 94.962574	 94.787398	 94.613301	 94.440323	 94.268503	 94.097879	 93.928488	 93.760367	  93.59355	 93.428072	 93.263967	 93.101266	 92.940002	 92.780204	 92.621901	 92.465122	 92.309894	 92.156242	 92.004192	 91.853766	 91.704989	 91.557881	 91.412463	 91.268753	  91.12677	 90.986531	 90.848052	 90.711347	 90.576429	 90.443312	 90.312006	 90.182522	 90.054868	 89.929053	 89.805083	 89.682964	 89.562701	 89.444297	 89.327755	 89.213077	 89.100262	 88.989311	 88.880222	 88.772993	 88.667619	 88.564098	 88.462423	 88.362589	 88.264588	 88.168412	 88.074054	 87.981504	  87.89075	 87.801783	 87.714591	  87.62916	 87.545479	 87.463533	 87.383307	 87.304788	 87.227958	 87.152803	 87.079304	 87.007446	 86.937209	 86.868577	  86.80153	  86.73605	 86.672117	 86.609711	 86.548812	 86.489399	 86.431453	 86.374951	 86.319873	 86.266198	 86.213903	 86.162967	 86.113368	 86.065083	 86.018091	  85.97237	 85.927896	 85.884647	 85.842602	 85.801737	  85.76203	 85.723458	    85.686	 85.649633	 85.614334	 85.580082	 85.546854	 85.514629	 85.483384	 85.453098	  85.42375	 85.395318	 85.367781	 85.341117	 85.315307	  85.29033	 85.266166	 85.242793	 85.220193	 85.198347	 85.177233	 85.156835	 85.137132	 85.118106	  85.09974	 85.082015	 85.064913	 85.048417	 85.032511	 85.017177	 85.002399	  84.98816	 84.974446	  84.96124	 84.948528	 84.936294	 84.924524	 84.913204	  84.90232	 84.891857	 84.881804	 84.872147	 84.862873	  84.85397	 84.845426	 84.837229	 84.829368	 84.821831	 84.814609	  84.80769	 84.801064	 84.794722	 84.788653	 84.782849	   84.7773	 84.771998	 84.766934	   84.7621	 84.757489	 84.753091	 84.748901	 84.744911	 84.741114	 84.737504	 84.734074	 84.730818	 84.727731	 84.724807	  84.72204	 84.719425	 84.716958	 84.714635	 84.712449	 84.710398	 84.708478	 84.706684	 84.705014	 84.703464	  84.70203	 84.700711	 84.699503	 84.698405	 84.697413	 84.696526	 84.695742	  84.69506	 84.694477	 84.693994	 84.693608	  84.69332	 84.693128	 84.693032	
        99	  98.79937	 98.598793	 98.398324	 98.198017	 97.997925	 97.798101	   97.5986	 97.399473	 97.200774	 97.002554	 96.804866	 96.607762	 96.411292	 96.215507	 96.020457	 95.826192	 95.632759	 95.440209	 95.248587	  95.05794	 94.868316	 94.679758	 94.492311	 94.306019	 94.120924	 93.937068	 93.754492	 93.573236	 93.393337	 93.214835	 93.037766	 92.862166	 92.688068	 92.515507	 92.344515	 92.175124	 92.007363	 91.841261	 91.676846	 91.514145	 91.353182	 91.193983	 91.036571	 90.880966	  90.72719	 90.575261	 90.425199	 90.277019	 90.130738	  89.98637	 89.843928	 89.703424	 89.564869	 89.428274	 89.293645	 89.160991	 89.030318	 88.901631	 88.774933	 88.650228	 88.527516	 88.406799	 88.288076	 88.171345	 88.056605	  87.94385	 87.833077	  87.72428	 87.617452	 87.512587	 87.409674	 87.308707	 87.209673	 87.112562	 87.017363	 86.924063	 86.832648	 86.743105	 86.655419	 86.569574	 86.485554	 86.403343	 86.322922	 86.244276	 86.167383	 86.092227	 86.018787	 85.947044	 85.876977	 85.808565	 85.741788	 85.676623	 85.613049	 85.551043	 85.490584	 85.431648	 85.374212	 85.318254	  85.26375	 85.210677	  85.15901	 85.108726	 85.059802	 85.012213	 84.965935	 84.920944	 84.877216	 84.834728	 84.793455	 84.753373	 84.714458	 84.676687	 84.640035	  84.60448	 84.569997	 84.536563	 84.504156	 84.472752	 84.442328	 84.412862	 84.384331	 84.356713	 84.329987	 84.304129	  84.27912	 84.254937	 84.231559	 84.208967	  84.18714	 84.166057	 84.145699	 84.126046	 84.107079	 84.088779	 84.071128	 84.054107	 84.037699	 84.021886	  84.00665	 83.991975	 83.977844	 83.964241	 83.951151	 83.938556	 83.926443	 83.914796	 83.903601	 83.892844	  83.88251	 83.872586	 83.863059	 83.853917	 83.845146	 83.836734	  83.82867	 83.820942	 83.813538	 83.806448	 83.799661	 83.793168	 83.786957	  83.78102	 83.775346	 83.769927	 83.764755	  83.75982	 83.755115	 83.750631	 83.746362	 83.742299	 83.738436	 83.734765	 83.731282	 83.727978	 83.724849	 83.721888	  83.71909	 83.716451	 83.713964	 83.711626	 83.709431	 83.707376	 83.705457	  83.70367	 83.702011	 83.700477	 83.699065	 83.697773	 83.696597	 83.695536	 83.694587	 83.693748	 83.693018	 83.692395	 83.691877	 83.691465	 83.691156	 83.690951	 83.690848	
        99	 98.786289	 98.572634	 98.359095	 98.145728	  97.93259	 97.719738	 97.507229	 97.295119	 97.083464	 96.872321	 96.661744	 96.451789	 96.242509	 96.033959	 95.826192	  95.61926	 95.413216	 95.208111	 95.003995	 94.800919	 94.598931	 94.398079	 94.198411	 93.999972	 93.802809	 93.606966	 93.412486	 93.219412	 93.027784	 92.837644	  92.64903	  92.46198	 92.276532	  92.09272	 91.910579	 91.730143	 91.551444	 91.374512	 91.199378	 91.026069	 90.854612	 90.685033	 90.517357	 90.351607	 90.187804	  90.02597	 89.866123	 89.708282	 89.552464	 89.398683	 89.246954	 89.097289	 88.949701	 88.804199	 88.660793	  88.51949	 88.380297	 88.243219	 88.108261	 87.975425	 87.844712	 87.716125	 87.589661	  87.46532	 87.343098	 87.222992	 87.104996	 86.989106	 86.875313	  86.76361	 86.653988	 86.546437	 86.440946	 86.337504	 86.236098	 86.136715	  86.03934	 85.943959	 85.850555	 85.759113	 85.669615	 85.582043	  85.49638	 85.412605	   85.3307	 85.250643	 85.172415	 85.095994	 85.021359	 84.948487	 84.877355	 84.807942	 84.740222	 84.674174	 84.609773	 84.546994	 84.485814	 84.426208	  84.36815	 84.311616	 84.256581	 84.203018	 84.150904	 84.100212	 84.050917	 84.002993	 83.956414	 83.911155	 83.867191	 83.824496	 83.783044	  83.74281	 83.703769	 83.665895	 83.629164	 83.593551	  83.55903	 83.525579	 83.493171	 83.461784	 83.431393	 83.401974	 83.373505	 83.345962	 83.319321	 83.293562	  83.26866	 83.244595	 83.221345	 83.198887	 83.177201	 83.156267	 83.136064	 83.116571	 83.097769	 83.079638	  83.06216	 83.045316	 83.029087	 83.013455	 82.998403	 82.983913	 82.969969	 82.956553	  82.94365	 82.931244	 82.919319	  82.90786	 82.896853	 82.886282	 82.876134	 82.866396	 82.857053	 82.848093	 82.839503	  82.83127	 82.823384	 82.815832	 82.808603	 82.801686	  82.79507	 82.788745	 82.782702	  82.77693	  82.77142	 82.766164	 82.761152	 82.756376	 82.751828	   82.7475	 82.743385	 82.739476	 82.735765	 82.732246	 82.728912	 82.725759	 82.722779	 82.719967	 82.717318	 82.714827	 82.712489	 82.710301	 82.708256	 82.706352	 82.704585	 82.702951	 82.701448	 82.700071	 82.698819	 82.697688	 82.696677	 82.695784	 82.695006	 82.694342	 82.693791	 82.693352	 82.693023	 82.692804	 82.692695	
        99	 98.773264	 98.546588	 98.320034	 98.093663	 97.867535	 97.641711	  97.41625	 97.191212	 96.966658	 96.742647	 96.519236	 96.296484	  96.07445	 95.853189	 95.632759	 95.413216	 95.194615	 94.977009	 94.760453	    94.545	 94.330701	 94.117608	 93.905771	 93.695239	 93.486059	  93.27828	 93.071947	 92.867106	 92.663799	  92.46207	 92.261961	 92.063511	  91.86676	 91.671746	 91.478504	 91.287072	 91.097481	 90.909766	 90.723958	 90.540086	 90.358179	 90.178265	  90.00037	 89.824518	 89.650732	 89.479035	 89.309446	 89.141985	  88.97667	 88.813517	  88.65254	 88.493754	 88.337171	 88.182802	 88.030655	 87.880741	 87.733064	 87.587632	 87.444448	 87.303516	 87.164838	 87.028413	 86.894242	 86.762322	 86.632651	 86.505225	 86.380038	 86.257084	 86.136356	 86.017846	 85.901543	 85.787437	 85.675517	  85.56577	 85.458184	 85.352744	 85.249434	  85.14824	 85.049143	 84.952128	 84.857176	 84.764267	 84.673383	 84.584502	 84.497605	 84.412669	 84.329674	 84.248595	 84.169411	 84.092097	 84.016631	 83.942986	  83.87114	 83.801066	  83.73274	 83.666135	 83.601226	 83.537987	 83.476391	 83.416412	 83.358022	 83.301195	 83.245905	 83.192123	 83.139824	 83.088979	 83.039561	 82.991544	 82.944901	 82.899603	 82.855625	 82.812939	 82.771518	 82.731336	 82.692366	 82.654583	 82.617959	 82.582468	 82.548086	 82.514785	 82.482542	  82.45133	 82.421126	 82.391904	  82.36364	 82.336311	 82.309892	  82.28436	 82.259692	 82.235866	 82.212858	 82.190648	 82.169213	 82.148532	 82.128585	 82.109349	 82.090806	 82.072935	 82.055717	 82.039132	 82.023163	  82.00779	 81.992996	 81.978763	 81.965073	 81.951911	 81.939259	 81.927102	 81.915424	 81.904209	 81.893442	  81.88311	 81.873198	 81.863692	 81.854578	 81.845844	 81.837477	 81.829465	 81.821795	 81.814456	 81.807437	 81.800727	 81.794316	 81.788192	 81.782346	  81.77677	 81.771452	 81.766385	  81.76156	 81.756968	 81.752603	 81.748455	 81.744518	 81.740784	 81.737248	 81.733902	  81.73074	 81.727757	 81.724947	 81.722304	 81.719824	 81.717502	 81.715333	 81.713313	 81.711438	 81.709705	 81.708109	 81.706649	  81.70532	 81.704121	 81.703048	   81.7021	 81.701275	 81.700571	 81.699986	  81.69952	 81.699171	 81.698939	 81.698823	
