Time step 91:
        99	        99	        99	        99	        99	        99	        99	        99	        99	        99	        99	        99	        99	        99	        99	        99	        99	        99	        99	        99	        99	        99	        99	        99	        99	        99	        99	        99	        99	        99	        99	        99	        99	        99	        99	        99	        99	        99	        99	        99	        99	        99	        99	        99	        99	        99	        99	        99	        99	        99	        99	        99	        99	        99	        99	        99	        99	        99	        99	        99	        99	        99	        99	        99	        99	        99	        99	        99	        99	        99	        99	        99	        99	        99	        99	        99	        99	        99	        99	        99	        99	        99	        99	        99	        99	        99	        99	        99	        99	        99	        99	        99	        99	        99	        99	        99	        99	        99	        99	        99	        99	        99	        99	        99	        99	        99	        99	        99	        99	        99	        99	        99	        99	        99	        99	        99	        99	        99	        99	        99	        99	        99	        99	        99	        99	        99	        99	        99	        99	        99	        99	        99	        99	        99	        99	        99	        99	        99	        99	        99	        99	        99	        99	        99	        99	        99	        99	        99	        99	        99	        99	        99	        99	        99	        99	        99	        99	        99	        99	        99	        99	        99	        99	        99	        99	        99	        99	        99	        99	        99	        99	        99	        99	        99	        99	        99	        99	        99	        99	        99	        99	        99	        99	        99	        99	        99	        99	        99	        99	        99	        99	        99	        99	        99	        99	        99	        99	        99	        99	        99	
        99	 98.993023	 98.986046	 98.979072	 98.972101	 98.965133	  98.95817	 98.951213	 98.944263	  98.93732	 98.930387	 98.923462	 98.916549	 98.909647	 98.902757	 98.895881	 98.889019	 98.882172	 98.875341	 98.868528	 98.861732	 98.854955	 98.848198	 98.841462	 98.834747	 98.828054	 98.821385	  98.81474	 98.808119	 98.801524	 98.794956	 98.788415	 98.781902	 98.775418	 98.768964	  98.76254	 98.756147	 98.749787	 98.743458	 98.737163	 98.730903	 98.724676	 98.718486	 98.712331	 98.706213	 98.700132	 98.694089	 98.688084	 98.682119	 98.676194	 98.670308	 98.664464	  98.65866	 98.652899	  98.64718	 98.641503	  98.63587	 98.630281	 98.624735	 98.619234	 98.613779	 98.608368	 98.603004	 98.597685	 98.592413	 98.587188	 98.582009	 98.576878	 98.571795	  98.56676	 98.561773	 98.556834	 98.551944	 98.547103	 98.542311	 98.537568	 98.532874	  98.52823	 98.523635	 98.519091	 98.514596	 98.510151	 98.505756	 98.501411	 98.497116	 98.492872	 98.488677	 98.484533	 98.480439	 98.476395	 98.472402	 98.468458	 98.464564	 98.460721	 98.456927	 98.453183	 98.449488	 98.445843	 98.442248	 98.438702	 98.435204	 98.431756	 98.428357	 98.425006	 98.421704	  98.41845	 98.415244	 98.412086	 98.408975	 98.405912	 98.402895	 98.399926	 98.397003	 98.394127	 98.391296	 98.388512	 98.385773	 98.383079	  98.38043	 98.377825	 98.375265	 98.372749	 98.370277	 98.367848	 98.365462	 98.363119	 98.360818	 98.358559	 98.356342	 98.354166	 98.352032	 98.349938	 98.347884	  98.34587	 98.343896	 98.341962	 98.340066	 98.338209	  98.33639	 98.334609	 98.332865	 98.331159	 98.329489	 98.327856	 98.326259	 98.324698	 98.323173	 98.321682	 98.320226	 98.318805	 98.317418	 98.316064	 98.314744	 98.313457	 98.312203	 98.310981	 98.309792	 98.308634	 98.307508	 98.306412	 98.305348	 98.304315	 98.303312	 98.302339	 98.301395	 98.300481	 98.299597	 98.298741	 98.297914	 98.297116	 98.296346	 98.295603	 98.294889	 98.294202	 98.293543	  98.29291	 98.292305	 98.291726	 98.291174	 98.290648	 98.290148	 98.289674	 98.289227	 98.288804	 98.288408	 98.288037	 98.287691	  98.28737	 98.287075	 98.286804	 98.286559	 98.286338	 98.286142	  98.28597	 98.285823	 98.285701	 98.285603	  98.28553	 98.285481	 98.285457	
        99	 98.986046	 98.972095	 98.958147	 98.944205	 98.930271	 98.916346	 98.902433	 98.888534	  98.87465	 98.860783	 98.846935	 98.833109	 98.819306	 98.805527	 98.791776	 98.778053	  98.76436	   98.7507	 98.737074	 98.723483	 98.709931	 98.696418	 98.682946	 98.669517	 98.656133	 98.642795	 98.629505	 98.616265	 98.603076	 98.589941	  98.57686	 98.563835	 98.550868	  98.53796	 98.525113	 98.512329	 98.499608	 98.486952	 98.474363	 98.461842	 98.449391	  98.43701	 98.424701	 98.412466	 98.400305	  98.38822	 98.376212	 98.364283	 98.352432	 98.340662	 98.328974	 98.317368	 98.305846	 98.294408	 98.283056	  98.27179	 98.260612	 98.249523	 98.238522	 98.227611	 98.216791	 98.206062	 98.195426	 98.184883	 98.174433	 98.164077	 98.153816	  98.14365	  98.13358	 98.123606	  98.11373	  98.10395	 98.094268	 98.084685	 98.075199	 98.065813	 98.056525	 98.047337	 98.038248	 98.029259	  98.02037	  98.01158	 98.002891	 97.994302	 97.985814	 97.977426	 97.969138	 97.960951	 97.952863	 97.944876	  97.93699	 97.929203	 97.921516	 97.913929	 97.906441	 97.899053	 97.891763	 97.884573	 97.877481	 97.870487	 97.863592	 97.856793	 97.850092	 97.843488	 97.836981	 97.830569	 97.824253	 97.818032	 97.811906	 97.805874	 97.799935	  97.79409	 97.788338	 97.782677	 97.777108	 97.771631	 97.766243	 97.760946	 97.755737	 97.750618	 97.745586	 97.740641	 97.735784	 97.731012	 97.726326	 97.721725	 97.717207	 97.712774	 97.708423	 97.704153	 97.699966	 97.695859	 97.691832	 97.687884	 97.684015	 97.680224	 97.676509	 97.672872	  97.66931	 97.665823	 97.662411	 97.659072	 97.655806	 97.652613	 97.649491	 97.646439	 97.643459	 97.640547	 97.637705	  97.63493	 97.632224	 97.629584	  97.62701	 97.624501	 97.622058	 97.619679	 97.617364	 97.615111	 97.612921	 97.610793	 97.608726	  97.60672	 97.604774	 97.602887	  97.60106	 97.599291	  97.59758	 97.595926	 97.594329	 97.592789	 97.591305	 97.589876	 97.588502	 97.587183	 97.585919	 97.584708	  97.58355	 97.582446	 97.581394	 97.580395	 97.579447	 97.578552	 97.577708	 97.576915	 97.576172	 97.575481	  97.57484	 97.574249	 97.573708	 97.573216	 97.572775	 97.572383	  97.57204	 97.571746	 97.571502	 97.571306	 97.571159	 97.571062	 97.571013	
        99	 98.979072	 98.958147	 98.937228	 98.916317	 98.895418	 98.874534	 98.853667	  98.83282	 98.811996	 98.791199	  98.77043	 98.749693	  98.72899	 98.708325	   98.6877	 98.667118	 98.646581	 98.626093	 98.605656	 98.585273	 98.564947	 98.544679	 98.524474	 98.504333	 98.484259	 98.464254	 98.444322	 98.424464	 98.404683	 98.384982	 98.365363	 98.345828	  98.32638	  98.30702	 98.287752	 98.268578	 98.249499	 98.230517	 98.211636	 98.192857	 98.174182	 98.155613	 98.137152	 98.118801	 98.100562	 98.082437	 98.064427	 98.046534	 98.028761	 98.011108	 97.993577	  97.97617	 97.958889	 97.941734	 97.924708	 97.907812	 97.891047	 97.874414	 97.857915	 97.841551	 97.825322	 97.809231	 97.793279	 97.777465	 97.761792	  97.74626	  97.73087	 97.715623	  97.70052	 97.685562	 97.670748	 97.656081	  97.64156	 97.627186	 97.612959	 97.598881	 97.584951	  97.57117	 97.557539	 97.544057	 97.530724	 97.517542	  97.50451	 97.491628	 97.478897	 97.466316	 97.453886	 97.441606	 97.429477	 97.417498	 97.405669	  97.39399	 97.382461	 97.371082	 97.359851	  97.34877	 97.337837	 97.327053	 97.316416	 97.305927	 97.295585	 97.285388	 97.275338	 97.265433	 97.255673	 97.246056	 97.236583	 97.227253	 97.218065	 97.209018	 97.200111	 97.191344	 97.182717	 97.174227	 97.165875	 97.157659	 97.149579	 97.141633	 97.133822	 97.126143	 97.118596	 97.111181	 97.103895	 97.096739	  97.08971	 97.082809	 97.076034	 97.069384	 97.062858	 97.056455	 97.050174	 97.044014	 97.037975	 97.032054	 97.026251	 97.020564	 97.014994	 97.009538	 97.004196	 96.998966	 96.993848	 96.988841	 96.983942	 96.979153	  96.97447	 96.969894	 96.965423	 96.961057	 96.956794	 96.952632	 96.948573	 96.944613	 96.940753	 96.936991	 96.933326	 96.929758	 96.926285	 96.922907	 96.919623	 96.916431	 96.913331	 96.910322	 96.907403	 96.904574	 96.901833	 96.899179	 96.896613	 96.894133	 96.891738	 96.889428	 96.887202	 96.885059	 96.882999	  96.88102	 96.879123	 96.877307	 96.875571	 96.873915	 96.872337	 96.870838	 96.869418	 96.868074	 96.866808	 96.865619	 96.864506	 96.863469	 96.862507	 96.861621	 96.860809	 96.860072	  96.85941	 96.858822	 96.858308	 96.857867	   96.8575	 96.857207	 96.856987	 96.856841	 96.856767	
        99	 98.972101	 98.944205	 98.916317	 98.888441	  98.86058	 98.832739	  98.80492	 98.777129	 98.749369	 98.721643	 98.693956	 98.666311	 98.638712	 98.611163	 98.583667	 98.556229	 98.528851	 98.501538	 98.474293	  98.44712	 98.420023	 98.393004	 98.366068	 98.339217	 98.312456	 98.285788	 98.259216	 98.232743	 98.206373	 98.180109	 98.153954	 98.127912	 98.101985	 98.076177	  98.05049	 98.024928	 97.999494	 97.974189	 97.949019	 97.923984	 97.899088	 97.874333	 97.849722	 97.825258	 97.800943	  97.77678	 97.752771	 97.728918	 97.705224	  97.68169	  97.65832	 97.635115	 97.612077	 97.589208	  97.56651	 97.543985	 97.521635	 97.499462	 97.477466	 97.455651	 97.434017	 97.412566	 97.391299	 97.370218	 97.349323	 97.328618	 97.308101	 97.287775	 97.267641	 97.247699	 97.227951	 97.208398	  97.18904	 97.169877	 97.150912	 97.132144	 97.113574	 97.095202	  97.07703	 97.059056	 97.041283	 97.023709	 97.006336	 96.989163	 96.972191	 96.955419	 96.938848	 96.922478	 96.906308	 96.890339	  96.87457	    96.859	 96.843631	 96.828461	 96.813489	 96.798717	 96.784142	 96.769765	 96.755585	 96.741602	 96.727814	 96.714221	 96.700823	 96.687619	 96.674607	 96.661787	 96.649159	  96.63672	 96.624471	  96.61241	 96.600537	  96.58885	 96.577348	  96.56603	 96.554896	 96.543943	 96.533171	 96.522579	 96.512165	 96.501929	 96.491868	 96.481982	  96.47227	 96.462729	 96.453359	 96.444159	 96.435127	 96.426262	 96.417562	 96.409026	 96.400653	 96.392442	  96.38439	 96.376496	  96.36876	  96.36118	 96.353754	  96.34648	 96.339359	 96.332387	 96.325564	 96.318888	 96.312358	 96.305973	 96.299731	 96.293631	  96.28767	 96.281849	 96.276166	 96.270619	 96.265207	 96.259928	 96.254782	 96.249767	 96.244881	 96.240125	 96.235495	 96.230991	 96.226613	 96.222358	 96.218225	 96.214214	 96.210323	 96.206551	 96.202897	 96.199359	 96.195938	 96.192632	 96.189439	 96.186359	 96.183392	 96.180535	 96.177788	 96.175151	 96.172622	 96.170201	 96.167887	 96.165679	 96.163576	 96.161578	 96.159683	 96.157893	 96.156205	 96.154619	 96.153135	 96.151753	 96.150471	 96.149289	 96.148207	 96.147225	 96.146342	 96.145558	 96.144872	 96.144285	 96.143796	 96.143405	 96.143112	 96.142917	 96.142819	
        99	 98.965133	 98.930271	 98.895418	  98.86058	 98.825761	 98.790967	 98.756201	  98.72147	 98.686776	 98.652126	 98.617525	 98.582976	 98.548484	 98.514055	 98.479692	 98.445402	 98.411187	 98.377053	 98.343004	 98.309044	 98.275179	 98.241413	  98.20775	 98.174194	 98.140749	 98.107421	 98.074213	 98.041128	 98.008173	  97.97535	 97.942663	 97.910117	 97.877715	 97.845461	  97.81336	 97.781414	 97.749627	 97.718004	 97.686547	  97.65526	 97.624146	 97.593209	 97.562452	 97.531879	 97.501491	 97.471294	 97.441288	 97.411478	 97.381867	 97.352456	 97.323249	 97.294249	 97.265457	 97.236877	 97.208511	  97.18036	 97.152429	 97.124718	 97.097229	 97.069966	 97.042929	  97.01612	 96.989542	 96.963196	 96.937084	 96.911207	 96.885567	 96.860165	 96.835002	  96.81008	   96.7854	 96.760964	 96.736771	 96.712823	 96.689121	 96.665666	 96.642458	 96.619499	 96.596788	 96.574326	 96.552113	 96.530151	 96.508439	 96.486977	 96.465766	 96.444806	 96.424097	 96.403638	  96.38343	 96.363472	 96.343765	 96.324307	   96.3051	 96.286141	 96.267431	 96.248969	 96.230754	 96.212787	 96.195066	  96.17759	 96.160359	 96.143372	 96.126627	 96.110125	 96.093864	 96.077842	  96.06206	 96.046515	 96.031207	 96.016134	 96.001296	  95.98669	 95.972315	 95.958171	 95.944256	 95.930568	 95.917106	 95.903869	 95.890854	 95.878061	 95.865488	 95.853133	 95.840995	 95.829072	 95.817362	 95.805864	 95.794576	 95.783497	 95.772625	 95.761957	 95.751493	 95.741231	 95.731168	 95.721303	 95.711635	 95.702161	 95.692881	 95.683791	 95.674891	 95.666178	 95.657651	 95.649308	 95.641147	 95.633167	 95.625366	 95.617742	 95.610294	 95.603019	 95.595916	 95.588984	  95.58222	 95.575623	 95.569192	 95.562924	 95.556819	 95.550874	 95.545088	  95.53946	 95.533988	  95.52867	 95.523505	 95.518492	 95.513629	 95.508915	 95.504349	 95.499928	 95.495652	  95.49152	  95.48753	 95.483681	 95.479973	 95.476402	  95.47297	 95.469674	 95.466514	 95.463488	 95.460595	 95.457836	 95.455208	 95.452711	 95.450343	 95.448106	 95.445996	 95.444015	  95.44216	 95.440432	  95.43883	 95.437353	 95.436001	 95.434774	  95.43367	  95.43269	 95.431834	   95.4311	 95.430489	     95.43	 95.429634	  95.42939	 95.429268	
        99	  98.95817	 98.916346	 98.874534	 98.832739	 98.790967	 98.749224	 98.707516	 98.665848	 98.624227	 98.582658	 98.541146	 98.499698	 98.458319	 98.417014	  98.37579	 98.334651	 98.293604	 98.252653	 98.211805	 98.171064	 98.130437	 98.089927	 98.049541	 98.009284	 97.969161	 97.929177	 97.889338	 97.849647	  97.81011	 97.770733	 97.731519	 97.692473	 97.653601	 97.614906	 97.576394	 97.538069	 97.499934	 97.461996	 97.424257	 97.386722	 97.349395	  97.31228	 97.275381	 97.238702	 97.202247	 97.166019	 97.130022	 97.094259	 97.058734	  97.02345	 96.988411	 96.953619	 96.919078	  96.88479	  96.85076	 96.816988	 96.783478	 96.750234	 96.717256	 96.684548	 96.652112	  96.61995	 96.588064	 96.556457	  96.52513	 96.494086	 96.463325	 96.432851	 96.402663	 96.372765	 96.343157	  96.31384	 96.284816	 96.256086	 96.227651	 96.199512	  96.17167	 96.144125	 96.116879	 96.089931	 96.063283	 96.036935	 96.010887	  95.98514	 95.959693	 95.934548	 95.909703	 95.885158	 95.860915	 95.836972	 95.813329	 95.789986	 95.766942	 95.744197	 95.721751	 95.699602	 95.677751	 95.656195	 95.634935	  95.61397	 95.593298	 95.572918	  95.55283	 95.533032	 95.513524	 95.494303	 95.475369	  95.45672	 95.438355	 95.420272	  95.40247	 95.384948	 95.367703	 95.350734	  95.33404	 95.317619	 95.301469	 95.285588	 95.269974	 95.254626	 95.239542	  95.22472	 95.210158	 95.195854	 95.181806	 95.168012	  95.15447	 95.141179	 95.128135	 95.115337	 95.102783	 95.090471	 95.078399	 95.066565	 95.054966	   95.0436	 95.032466	 95.021561	 95.010884	 95.000431	 94.990201	 94.980192	 94.970402	 94.960829	  94.95147	 94.942323	 94.933387	  94.92466	 94.916139	 94.907822	 94.899707	 94.891793	 94.884077	 94.876558	 94.869233	 94.862101	  94.85516	 94.848408	 94.841843	 94.835464	 94.829267	 94.823253	 94.817419	 94.811764	 94.806285	 94.800982	 94.795853	 94.790895	 94.786109	 94.781491	 94.777042	 94.772759	 94.768641	 94.764687	 94.760895	 94.757265	 94.753795	 94.750484	 94.747331	 94.744336	 94.741496	 94.738811	  94.73628	 94.733903	 94.731678	 94.729605	 94.727683	 94.725911	 94.724289	 94.722817	 94.721493	 94.720317	 94.719289	 94.718409	 94.717676	  94.71709	  94.71665	 94.716357	 94.716211	
        99	 98.951213	 98.902433	 98.853667	  98.80492	 98.756201	 98.707516	 98.658871	 98.610274	  98.56173	 98.513247	 98.464832	  98.41649	 98.368228	 98.320054	 98.271974	 98.223993	 98.176119	 98.128358	 98.080715	 98.033199	 97.985814	 97.938568	 97.891465	 97.844513	 97.797716	 97.751083	 97.704617	 97.658325	 97.612213	 97.566286	  97.52055	  97.47501	 97.429673	 97.384543	 97.339626	 97.294926	  97.25045	 97.206201	 97.162186	 97.118408	 97.074873	 97.031585	  96.98855	  96.94577	 96.903252	 96.860999	 96.819014	 96.777304	  96.73587	 96.694718	 96.653851	 96.613273	 96.572987	 96.532997	 96.493306	 96.453918	 96.414835	 96.376061	 96.337599	 96.299451	  96.26162	 96.224109	 96.186921	 96.150057	  96.11352	 96.077312	 96.041436	 96.005893	 95.970685	 95.935814	 95.901281	 95.867088	 95.833237	 95.799729	 95.766565	 95.733746	 95.701273	 95.669147	 95.637369	  95.60594	  95.57486	  95.54413	  95.51375	 95.483721	 95.454042	 95.424714	 95.395737	  95.36711	 95.338835	 95.310909	 95.283334	 95.256109	 95.229233	 95.202705	 95.176526	 95.150693	 95.125207	 95.100067	 95.075271	 95.050818	 95.026708	 95.002939	  94.97951	  94.95642	 94.933667	 94.911249	 94.889166	 94.867416	 94.845996	 94.824906	 94.804143	 94.783706	 94.763594	 94.743803	 94.724332	  94.70518	 94.686344	 94.667821	 94.649611	 94.631711	 94.614118	 94.596831	 94.579847	 94.563164	 94.546779	 94.530691	 94.514897	 94.499395	 94.484182	 94.469256	 94.454614	 94.440254	 94.426174	 94.412372	 94.398844	 94.385588	 94.372602	 94.359883	  94.34743	 94.335239	 94.323308	 94.311634	 94.300216	  94.28905	 94.278134	 94.267467	 94.257045	 94.246865	 94.236927	 94.227227	 94.217763	 94.208532	 94.199533	 94.190764	 94.182221	 94.173903	 94.165807	 94.157932	 94.150275	 94.142834	 94.135608	 94.128594	 94.121789	 94.115193	 94.108803	 94.102618	 94.096636	 94.090854	 94.085271	 94.079886	 94.074696	 94.069701	 94.064898	 94.060286	 94.055864	  94.05163	 94.047583	 94.043722	 94.040045	  94.03655	 94.033238	 94.030107	 94.027155	 94.024383	 94.021788	  94.01937	 94.017128	 94.015062	  94.01317	 94.011453	 94.009909	 94.008538	 94.007339	 94.006312	 94.005457	 94.004773	 94.004261	 94.003919	 94.003748	
        99	 98.944263	 98.888534	  98.83282	 98.777129	  98.72147	 98.665848	 98.610274	 98.554753	 98.499294	 98.443904	 98.388591	 98.333362	 98.278226	 98.223189	 98.168258	 98.113442	 98.058748	 98.004183	 97.949753	 97.895468	 97.841332	 97.787355	 97.733542	 97.679901	 97.626438	 97.573161	 97.520075	 97.467188	 97.414507	 97.362037	 97.309786	 97.257759	 97.205963	 97.154403	 97.103087	  97.05202	 97.001207	 96.950655	 96.900369	 96.850355	 96.800618	 96.751163	 96.701997	 96.653123	 96.604547	 96.556274	 96.508309	 96.460656	  96.41332	 96.366306	 96.319617	 96.273258	 96.227233	 96.181546	 96.136201	 96.091201	 96.046551	 96.002253	 95.958311	 95.914728	 95.871508	 95.828653	 95.786167	 95.744051	 95.702309	 95.660944	 95.619956	  95.57935	 95.539126	 95.499287	 95.459835	 95.420771	 95.382097	 95.343816	 95.305927	 95.268432	 95.231333	 95.194631	 95.158326	 95.122419	 95.086912	 95.051804	 95.017096	 94.982788	 94.948881	 94.915375	  94.88227	 94.849566	 94.817262	 94.785358	 94.753855	 94.722751	 94.692046	 94.661739	  94.63183	 94.602318	 94.573201	 94.544479	  94.51615	 94.488214	  94.46067	 94.433515	 94.406748	 94.380368	 94.354373	 94.328762	 94.303533	 94.278684	 94.254213	 94.230118	 94.206398	 94.183049	 94.160071	 94.137461	 94.115217	 94.093336	 94.071816	 94.050655	 94.029851	   94.0094	 93.989301	 93.969551	 93.950148	 93.931088	 93.912369	 93.893989	 93.875945	 93.858234	 93.840854	 93.823802	 93.807074	 93.790669	 93.774583	 93.758814	 93.743359	 93.728215	 93.713379	 93.698848	 93.684621	 93.670693	 93.657062	 93.643725	  93.63068	 93.617924	 93.605453	 93.593266	 93.581359	  93.56973	 93.558375	 93.547293	 93.536481	 93.525936	 93.515655	 93.505636	 93.495876	 93.486373	 93.477124	 93.468127	 93.459379	 93.450878	 93.442622	 93.434609	 93.426835	 93.419299	 93.411999	 93.404933	 93.398098	 93.391492	 93.385114	 93.378962	 93.373033	 93.367326	 93.361839	  93.35657	 93.351518	 93.346681	 93.342057	 93.337646	 93.333445	 93.329453	 93.325669	 93.322092	  93.31872	 93.315552	 93.312587	 93.309825	 93.307264	 93.304903	 93.302742	  93.30078	 93.299016	 93.297449	  93.29608	 93.294907	  93.29393	 93.293149	 93.292563	 93.292173	 93.291978	
        99	  98.93732	  98.87465	 98.811996	 98.749369	 98.686776	 98.624227	  98.56173	 98.499294	 98.436927	 98.374638	 98.312435	 98.250327	 98.188323	  98.12643	 98.064658	 98.003014	 97.941507	 97.880145	 97.818937	 97.757889	 97.697011	  97.63631	 97.575794	 97.515472	  97.45535	 97.395436	 97.335739	 97.276264	 97.217021	 97.158016	 97.099256	 97.040749	 96.982501	  96.92452	 96.866811	 96.809383	 96.752241	 96.695392	 96.638843	 96.582599	 96.526667	 96.471053	 96.415762	 96.360801	 96.306174	 96.251889	 96.197949	 96.144361	 96.091129	 96.038258	 95.985753	  95.93362	 95.881862	 95.830485	 95.779491	 95.728887	 95.678675	 95.628859	 95.579444	 95.530433	 95.481829	 95.433637	 95.385858	 95.338497	 95.291555	 95.245037	 95.198944	  95.15328	 95.108046	 95.063245	 95.018878	 94.974949	 94.931458	 94.888408	   94.8458	 94.803635	 94.761915	 94.720641	 94.679814	 94.639435	 94.599505	 94.560024	 94.520993	 94.482412	 94.444282	 94.406602	 94.369373	 94.332595	 94.296268	 94.260391	 94.224963	 94.189985	 94.155455	 94.121374	 94.087739	 94.054551	 94.021807	 93.989508	 93.957651	 93.926235	 93.895259	 93.864722	 93.834621	 93.804955	 93.775723	 93.746922	  93.71855	 93.690606	 93.663087	 93.635991	 93.609316	 93.583059	 93.557219	 93.531793	 93.506778	 93.482171	 93.457971	 93.434174	 93.410779	 93.387781	 93.365178	 93.342968	 93.321148	 93.299714	 93.278664	 93.257994	 93.237703	 93.217786	 93.198241	 93.179064	 93.160253	 93.141804	 93.123715	 93.105982	 93.088601	 93.071571	 93.054887	 93.038547	 93.022547	 93.006884	 92.991556	 92.976558	 92.961888	 92.947543	 92.933519	 92.919813	 92.906423	 92.893345	 92.880577	 92.868115	 92.855955	 92.844097	 92.832535	 92.821268	 92.810292	 92.799606	 92.789205	 92.779087	  92.76925	  92.75969	 92.750406	 92.741394	 92.732652	 92.724178	 92.715969	 92.708022	 92.700336	 92.692907	 92.685735	 92.678816	 92.672149	 92.665731	  92.65956	 92.653635	 92.647954	 92.642514	 92.637315	 92.632354	  92.62763	  92.62314	 92.618885	 92.614862	  92.61107	 92.607508	 92.604174	 92.601068	 92.598188	 92.595533	 92.593103	 92.590896	 92.588912	  92.58715	  92.58561	 92.584291	 92.583193	 92.582314	 92.581656	 92.581217	 92.580998	
        99	 98.930387	 98.860783	 98.791199	 98.721643	 98.652126	 98.582658	 98.513247	 98.443904	 98.374638	 98.305458	 98.236374	 98.167396	 98.098532	 98.029793	 97.961187	 97.892724	 97.824413	 97.756263	 97.688283	 97.620483	  97.55287	 97.485454	 97.418244	 97.351248	 97.284475	 97.217934	 97.151632	 97.085579	 97.019782	 96.954249	 96.888989	  96.82401	 96.759318	 96.694923	 96.630831	 96.567049	 96.503586	 96.440449	 96.377643	 96.315178	 96.253058	 96.191292	 96.129884	 96.068843	 96.008174	 95.947883	 95.887976	  95.82846	 95.769339	  95.71062	 95.652307	 95.594406	 95.536923	 95.479862	 95.423227	 95.367025	 95.311258	 95.255932	  95.20105	 95.146617	 95.092637	 95.039113	 94.986049	 94.933448	 94.881314	  94.82965	 94.778458	 94.727742	 94.677504	 94.627747	 94.578473	 94.529684	 94.481382	  94.43357	 94.386248	 94.339419	 94.293084	 94.247244	 94.201901	 94.157055	 94.112707	 94.068858	 94.025509	 93.982661	 93.940312	 93.898464	 93.857117	 93.816271	 93.775925	 93.736079	 93.696732	 93.657884	 93.619535	 93.581683	 93.544328	 93.507468	 93.471102	  93.43523	 93.399849	 93.364958	 93.330555	  93.29664	 93.263209	 93.230262	 93.197795	 93.165808	 93.134298	 93.103262	 93.072699	 93.042605	  93.01298	 92.983819	  92.95512	 92.926881	 92.899098	  92.87177	 92.844893	 92.818463	 92.792479	 92.766938	 92.741835	 92.717168	 92.692933	 92.669128	  92.64575	 92.622794	 92.600258	 92.578137	  92.55643	 92.535132	  92.51424	 92.493751	  92.47366	 92.453965	 92.434662	 92.415748	 92.397218	  92.37907	   92.3613	 92.343905	 92.326881	 92.310224	 92.293931	 92.277999	 92.262424	 92.247202	 92.232331	 92.217806	 92.203625	 92.189784	  92.17628	 92.163109	 92.150269	 92.137755	 92.125566	 92.113696	 92.102145	 92.090908	 92.079983	 92.069366	 92.059054	 92.049045	 92.039336	 92.029925	 92.020807	 92.011981	 92.003445	 91.995195	 91.987229	 91.979545	  91.97214	 91.965012	 91.958159	 91.951578	 91.945268	 91.939227	 91.933453	 91.927943	 91.922696	  91.91771	 91.912984	 91.908516	 91.904304	 91.900348	 91.896646	 91.893196	 91.889997	 91.887048	 91.884349	 91.881899	 91.879695	 91.877739	 91.876028	 91.874563	 91.873343	 91.872368	 91.871636	 91.871149	 91.870905	
        99	 98.923462	 98.846935	  98.77043	 98.693956	 98.617525	 98.541146	 98.464832	 98.388591	 98.312435	 98.236374	 98.160419	  98.08458	 98.008866	  97.93329	  97.85786	 97.782587	 97.707482	 97.632553	 97.557811	 97.483267	 97.408929	 97.334807	 97.260912	 97.187252	 97.113838	 97.040678	 96.967781	 96.895158	 96.822816	 96.750765	 96.679014	 96.607571	 96.536445	 96.465644	 96.395177	 96.325052	 96.255276	 96.185859	 96.116807	 96.048127	 95.979829	 95.911919	 95.844404	 95.777291	 95.710587	 95.644299	 95.578434	 95.512997	 95.447996	 95.383436	 95.319323	 95.255664	 95.192462	 95.129725	 95.067458	 95.005665	 94.944351	 94.883522	 94.823181	 94.763334	 94.703985	 94.645137	 94.586795	 94.528962	 94.471643	 94.414839	 94.358556	 94.302795	  94.24756	 94.192854	 94.138678	 94.085037	  94.03193	 93.979362	 93.927334	 93.875847	 93.824903	 93.774503	  93.72465	 93.675343	 93.626584	 93.578374	 93.530714	 93.483603	 93.437042	 93.391032	 93.345572	 93.300663	 93.256303	 93.212494	 93.169234	 93.126522	 93.084358	 93.042741	  93.00167	 92.961144	 92.921161	 92.881721	  92.84282	 92.804459	 92.766635	 92.729346	  92.69259	 92.656365	 92.620669	 92.585501	 92.550856	 92.516733	  92.48313	 92.450043	 92.417471	 92.385409	 92.353856	 92.322808	 92.292262	 92.262215	 92.232665	 92.203607	 92.175038	 92.146956	 92.119356	 92.092235	 92.065591	 92.039418	 92.013714	 91.988475	 91.963697	 91.939376	  91.91551	 91.892093	 91.869123	 91.846596	 91.824507	 91.802853	  91.78163	 91.760834	 91.740462	 91.720509	 91.700971	 91.681846	 91.663128	 91.644814	 91.626901	 91.609384	 91.592259	 91.575524	 91.559173	 91.543204	 91.527613	 91.512395	 91.497547	 91.483067	 91.468949	 91.455191	 91.441789	 91.428739	 91.416039	 91.403684	 91.391672	 91.379999	 91.368662	 91.357657	 91.346983	 91.336635	  91.32661	 91.316907	 91.307521	  91.29845	 91.289692	 91.281244	 91.273102	 91.265265	  91.25773	 91.250495	 91.243558	 91.236916	 91.230567	 91.224509	  91.21874	 91.213259	 91.208062	  91.20315	  91.19852	  91.19417	 91.190099	 91.186306	 91.182789	 91.179547	  91.17658	 91.173885	 91.171463	 91.169311	 91.167431	  91.16582	 91.164479	 91.163406	 91.162602	 91.162066	 91.161798	
        99	 98.916549	 98.833109	 98.749693	 98.666311	 98.582976	 98.499698	  98.41649	 98.333362	 98.250327	 98.167396	  98.08458	  98.00189	 97.919337	 97.836934	 97.754691	 97.672618	 97.590728	 97.509031	 97.427538	  97.34626	 97.265207	  97.18439	  97.10382	 97.023507	 96.943461	 96.863692	 96.784211	 96.705027	 96.626151	 96.547592	 96.469359	 96.391463	 96.313912	 96.236716	 96.159884	 96.083424	 96.007346	 95.931657	 95.856368	 95.781485	 95.707017	 95.632972	 95.559359	 95.486183	 95.413454	 95.341179	 95.269364	 95.198016	 95.127144	 95.056752	 94.986848	 94.917438	 94.848528	 94.780124	 94.712231	 94.644857	 94.578004	  94.51168	 94.445889	 94.380636	 94.315926	 94.251762	  94.18815	 94.125093	 94.062596	 94.000662	 93.939294	 93.878497	 93.818272	 93.758624	 93.699555	 93.641068	 93.583165	 93.525848	  93.46912	 93.412982	 93.357436	 93.302484	 93.248127	 93.194367	 93.141204	 93.088639	 93.036673	 92.985307	  92.93454	 92.884374	 92.834808	 92.785842	 92.737475	 92.689709	 92.642541	 92.595971	 92.549998	 92.504622	 92.459841	 92.415654	  92.37206	 92.329056	 92.286642	 92.244816	 92.203575	 92.162917	 92.122841	 92.083345	 92.044425	 92.006079	 91.968305	   91.9311	 91.894461	 91.858386	 91.822871	 91.787913	  91.75351	 91.719657	 91.686352	 91.653591	 91.621371	 91.589689	 91.558539	  91.52792	 91.497827	 91.468257	 91.439205	 91.410669	 91.382643	 91.355124	 91.328107	  91.30159	 91.275568	 91.250036	 91.224991	 91.200429	 91.176345	 91.152735	 91.129595	  91.10692	 91.084708	 91.062952	  91.04165	 91.020797	 91.000388	  90.98042	 90.960889	  90.94179	 90.923118	 90.904871	 90.887043	 90.869632	 90.852632	 90.836039	 90.819851	 90.804062	 90.788669	 90.773668	 90.759055	 90.744827	 90.730979	 90.717509	 90.704411	 90.691684	 90.679323	 90.667324	 90.655686	 90.644403	 90.633473	 90.622893	 90.612659	 90.602769	  90.59322	 90.584008	 90.575131	 90.566587	 90.558371	 90.550483	 90.542919	 90.535676	 90.528754	 90.522149	 90.515859	 90.509882	 90.504217	  90.49886	 90.493812	 90.489069	  90.48463	 90.480495	  90.47666	 90.473126	  90.46989	 90.466952	 90.464311	 90.461965	 90.459915	 90.458159	 90.456696	 90.455526	  90.45465	 90.454065	 90.453773	
        99	 98.909647	 98.819306	  98.72899	 98.638712	 98.548484	 98.458319	 98.368228	 98.278226	 98.188323	 98.098532	 98.008866	 97.919337	 97.829957	 97.740738	 97.651693	 97.562833	  97.47417	 97.385716	 97.297482	 97.209482	 97.121725	 97.034224	  96.94699	 96.860034	 96.773367	 96.687001	 96.600946	 96.515214	 96.429814	 96.344757	 96.260054	 96.175715	  96.09175	 96.008169	 95.924982	 95.842198	 95.759827	 95.677879	 95.596362	 95.515286	 95.434659	  95.35449	 95.274788	 95.195561	 95.116816	 95.038563	 94.960808	  94.88356	 94.806825	 94.730612	 94.654926	 94.579775	 94.505165	 94.431104	 94.357596	 94.284649	 94.212268	 94.140458	 94.069226	 93.998575	 93.928513	 93.859042	 93.790169	 93.721897	  93.65423	 93.587174	 93.520731	 93.454905	 93.389699	 93.325118	 93.261163	 93.197838	 93.135146	 93.073089	 93.011669	 92.950888	 92.890748	 92.831251	 92.772398	 92.714191	 92.656631	 92.599719	 92.543455	  92.48784	 92.432875	 92.378559	 92.324894	 92.271878	 92.219511	 92.167794	 92.116724	 92.066303	 92.016528	 91.967399	 91.918914	 91.871073	 91.823873	 91.777312	  91.73139	 91.686104	 91.641452	 91.597432	 91.554042	 91.511278	 91.469139	 91.427622	 91.386724	 91.346441	 91.306772	 91.267713	 91.229261	 91.191412	 91.154163	  91.11751	 91.081451	 91.045981	 91.011096	 90.976792	 90.943067	 90.909915	 90.877334	 90.845318	 90.813863	 90.782966	 90.752622	 90.722827	 90.693576	 90.664866	 90.636691	 90.609048	 90.581932	 90.555338	 90.529261	 90.503699	 90.478645	 90.454095	 90.430045	 90.406491	 90.383427	 90.360849	 90.338752	 90.317133	 90.295986	 90.275307	 90.255091	 90.235335	 90.216033	 90.197181	 90.178775	  90.16081	 90.143283	 90.126188	 90.109522	  90.09328	 90.077459	 90.062054	 90.047061	 90.032476	 90.018295	 90.004515	 89.991132	 89.978141	 89.965539	 89.953324	  89.94149	 89.930035	 89.918955	 89.908247	 89.897907	 89.887934	 89.878323	 89.869071	 89.860176	 89.851635	 89.843446	 89.835605	 89.828109	 89.820958	 89.814148	 89.807677	 89.801543	 89.795744	 89.790277	 89.785142	 89.780337	 89.775859	 89.771707	  89.76788	 89.764377	 89.761196	 89.758336	 89.755797	 89.753577	 89.751675	 89.750092	 89.748825	 89.747876	 89.747244	 89.746927	
        99	 98.902757	 98.805527	 98.708325	 98.611163	 98.514055	 98.417014	 98.320054	 98.223189	  98.12643	 98.029793	  97.93329	 97.836934	 97.740738	 97.644716	 97.548881	 97.453245	 97.357821	 97.262622	 97.167661	  97.07295	 96.978502	 96.884328	 96.790442	 96.696856	 96.603581	 96.510629	 96.418012	 96.325742	  96.23383	 96.142288	 96.051126	 95.960356	 95.869988	 95.780034	 95.690503	 95.601407	 95.512756	 95.424559	 95.336826	 95.249568	 95.162793	 95.076511	 94.990731	 94.905462	 94.820713	 94.736493	 94.652809	  94.56967	 94.487085	 94.405059	 94.323602	 94.242721	 94.162422	 94.082713	 94.003601	 93.925091	  93.84719	 93.769905	 93.693241	 93.617204	 93.541798	 93.467031	 93.392906	 93.319428	 93.246601	 93.174431	 93.102922	 93.032076	 92.961899	 92.892393	 92.823562	 92.755408	 92.687936	 92.621146	 92.555043	 92.489627	 92.424901	 92.360868	 92.297527	 92.234882	 92.172933	  92.11168	 92.051126	 91.991271	 91.932114	 91.873657	 91.815899	 91.758841	 91.702481	  91.64682	 91.591856	  91.53759	  91.48402	 91.431145	 91.378963	 91.327473	 91.276674	 91.226563	  91.17714	   91.1284	 91.080344	 91.032967	 90.986268	 90.940243	 90.894891	 90.850208	 90.806191	 90.762837	 90.720144	 90.678106	 90.636722	 90.595987	 90.555897	  90.51645	 90.477641	 90.439466	 90.401921	 90.365002	 90.328705	 90.293025	 90.257959	 90.223502	 90.189649	 90.156395	 90.123738	 90.091671	  90.06019	  90.02929	 89.998967	 89.969216	 89.940032	  89.91141	 89.883345	 89.855833	 89.828869	 89.802447	 89.776564	 89.751213	  89.72639	  89.70209	 89.678309	 89.655041	 89.632282	 89.610026	 89.588269	 89.567006	 89.546232	 89.525943	 89.506133	 89.486799	 89.467935	 89.449536	 89.431599	 89.414119	 89.397092	 89.380512	 89.364375	 89.348679	 89.333417	 89.318586	 89.304182	   89.2902	 89.276638	 89.263491	 89.250754	 89.238426	 89.226501	 89.214976	 89.203849	 89.193115	 89.182771	 89.172814	 89.163241	 89.154049	 89.145234	 89.136795	 89.128729	 89.121032	 89.113702	 89.106738	 89.100136	 89.093895	 89.088012	 89.082485	 89.077313	 89.072494	 89.068025	 89.063907	 89.060136	 89.056713	 89.053635	 89.050902	 89.048513	 89.046466	 89.044762	 89.043399	 89.042377	 89.041697	 89.041356	
        99	 98.895881	 98.791776	   98.6877	 98.583667	 98.479692	  98.37579	 98.271974	 98.168258	 98.064658	 97.961187	  97.85786	 97.754691	 97.651693	 97.548881	 97.446269	  97.34387	 97.241698	 97.139768	 97.038092	 96.936683	 96.835556	 96.734724	 96.634199	 96.533995	 96.434124	 96.334599	 96.235433	 96.136638	 96.038227	 95.940211	 95.842603	 95.745415	 95.648657	 95.552342	 95.456481	 95.361084	 95.266164	  95.17173	 95.077794	 94.984365	 94.891454	 94.799071	 94.707225	 94.615927	 94.525185	  94.43501	 94.345408	 94.256391	 94.167965	  94.08014	 93.992923	 93.906322	 93.820345	    93.735	 93.650293	 93.566231	 93.482822	 93.400072	 93.317987	 93.236572	 93.155835	 93.075781	 92.996414	  92.91774	 92.839764	 92.762491	 92.685925	 92.610069	  92.53493	 92.460509	  92.38681	 92.313838	 92.241594	 92.170081	 92.099303	 92.029262	 91.959959	 91.891398	 91.823578	 91.756503	 91.690173	  91.62459	 91.559754	 91.495666	 91.432326	 91.369735	 91.307893	   91.2468	 91.186455	 91.126858	 91.068008	 91.009904	 90.952546	 90.895932	  90.84006	 90.784929	 90.730538	 90.676884	 90.623965	  90.57178	 90.520325	 90.469598	 90.419596	 90.370317	 90.321758	 90.273916	 90.226786	 90.180367	 90.134654	 90.089644	 90.045333	 90.001718	 89.958793	 89.916557	 89.875003	 89.834129	 89.793929	 89.754399	 89.715535	 89.677333	 89.639787	 89.602893	 89.566646	 89.531042	 89.496075	  89.46174	 89.428033	 89.394948	 89.362481	 89.330626	 89.299378	 89.268733	 89.238684	 89.209226	 89.180355	 89.152065	 89.124351	 89.097208	  89.07063	 89.044612	 89.019149	 88.994235	 88.969867	 88.946037	 88.922741	 88.899975	 88.877732	 88.856008	 88.834798	 88.814096	 88.793898	 88.774199	 88.754994	 88.736278	 88.718046	 88.700293	 88.683016	 88.666209	 88.649868	 88.633988	 88.618566	 88.603596	 88.589074	 88.574997	 88.561361	  88.54816	 88.535392	 88.523053	 88.511138	 88.499645	  88.48857	 88.477909	 88.467659	 88.457816	 88.448379	 88.439343	 88.430706	 88.422465	 88.414617	  88.40716	 88.400092	 88.393409	  88.38711	 88.381193	 88.375655	 88.370494	  88.36571	   88.3613	 88.357263	 88.353598	 88.350303	 88.347376	 88.344818	 88.342627	 88.340802	 88.339343	 88.338249	  88.33752	 88.337155	
        99	 98.889019	 98.778053	 98.667118	 98.556229	 98.445402	 98.334651	 98.223993	 98.113442	 98.003014	 97.892724	 97.782587	 97.672618	 97.562833	 97.453245	  97.34387	 97.234722	 97.125817	 97.017169	 96.908792	   96.8007	 96.692909	 96.585431	 96.478281	 96.371472	  96.26502	 96.158936	 96.053234	 95.947928	 95.843031	 95.738556	 95.634515	 95.530921	 95.427786	 95.325124	 95.222945	 95.121261	 95.020085	 94.919428	   94.8193	 94.719714	  94.62068	 94.522208	  94.42431	 94.326995	 94.230273	 94.134154	 94.038647	 93.943763	 93.849509	 93.755896	 93.662931	 93.570623	 93.478979	 93.388009	  93.29772	 93.208118	 93.119212	 93.031008	 92.943513	 92.856733	 92.770675	 92.685344	 92.600747	 92.516888	 92.433773	 92.351407	 92.269795	 92.188941	 92.108849	 92.029523	 91.950967	 91.873185	  91.79618	 91.719955	 91.644512	 91.569855	 91.495985	 91.422905	 91.350616	  91.27912	 91.208419	 91.138513	 91.069404	 91.001092	 90.933578	 90.866862	 90.800944	 90.735825	 90.671503	 90.607978	 90.545249	 90.483317	 90.422178	 90.361833	 90.302279	 90.243515	 90.185539	 90.128348	 90.071942	 90.016317	 89.961471	 89.907401	 89.854104	 89.801578	 89.749818	 89.698822	 89.648587	 89.599108	 89.550383	 89.502406	 89.455175	 89.408685	 89.362932	 89.317912	 89.273619	 89.230051	 89.187202	 89.145067	 89.103642	 89.062922	 89.022902	 88.983576	  88.94494	 88.906989	 88.869718	  88.83312	 88.797192	 88.761927	  88.72732	 88.693365	 88.660058	 88.627393	 88.595363	 88.563964	 88.533191	 88.503036	 88.473496	 88.444563	 88.416234	 88.388501	  88.36136	 88.334805	  88.30883	  88.28343	 88.258599	 88.234332	 88.210623	 88.187468	 88.164859	 88.142793	 88.121264	 88.100267	 88.079796	 88.059846	 88.040413	  88.02149	 88.003075	  87.98516	 87.967742	 87.950816	 87.934377	  87.91842	 87.902942	 87.887937	 87.873401	 87.859331	 87.845721	 87.832569	 87.819869	 87.807618	 87.795813	 87.784449	 87.773524	 87.763033	 87.752974	 87.743342	 87.734136	 87.725352	 87.716987	 87.709039	 87.701504	 87.694381	 87.687667	 87.681359	 87.675456	 87.669956	 87.664857	 87.660156	 87.655853	 87.651946	 87.648433	 87.645314	 87.642587	 87.640252	 87.638306	 87.636751	 87.635585	 87.634808	  87.63442	
        99	 98.882172	  98.76436	 98.646581	 98.528851	 98.411187	 98.293604	 98.176119	 98.058748	 97.941507	 97.824413	 97.707482	 97.590728	  97.47417	 97.357821	 97.241698	 97.125817	 97.010194	 96.894842	 96.779779	 96.665019	 96.550577	 96.436469	 96.322708	 96.209311	 96.096291	 95.983662	  95.87144	 95.759637	 95.648269	 95.537348	 95.426888	 95.316903	 95.207406	  95.09841	 94.989927	  94.88197	 94.774552	 94.667685	 94.561381	 94.455651	 94.350507	  94.24596	 94.142022	 94.038703	 93.936014	 93.833965	 93.732567	 93.631829	  93.53176	 93.432372	 93.333671	 93.235668	 93.138372	 93.041789	 92.945929	   92.8508	 92.756409	 92.662764	 92.569871	 92.477737	  92.38637	 92.295775	 92.205958	 92.116926	 92.028683	 91.941236	 91.854589	 91.768746	 91.683713	 91.599494	 91.516092	 91.433511	 91.351756	 91.270828	 91.190731	 91.111468	  91.03304	 90.955452	 90.878703	 90.802796	 90.727733	 90.653515	 90.580142	 90.507616	 90.435937	 90.365105	 90.295121	 90.225983	 90.157693	 90.090249	 90.023651	 89.957897	 89.892987	 89.828919	 89.765691	 89.703301	 89.641749	  89.58103	 89.521144	 89.462087	 89.403858	 89.346452	 89.289867	   89.2341	 89.179147	 89.125005	 89.071671	  89.01914	 88.967408	 88.916472	 88.866327	 88.816969	 88.768393	 88.720595	 88.673571	 88.627314	 88.581822	 88.537087	 88.493107	 88.449874	 88.407385	 88.365634	 88.324614	 88.284322	 88.244751	 88.205896	 88.167751	  88.13031	 88.093568	 88.057519	 88.022157	 87.987476	 87.953471	 87.920135	 87.887463	 87.855448	 87.824085	 87.793368	  87.76329	 87.733847	 87.705031	 87.676838	  87.64926	 87.622293	  87.59593	 87.570166	 87.544995	 87.520411	 87.496408	  87.47298	 87.450123	  87.42783	 87.406096	 87.384916	 87.364284	 87.344194	 87.324642	 87.305622	  87.28713	 87.269159	 87.251706	 87.234765	 87.218332	 87.202401	 87.186969	  87.17203	 87.157581	 87.143617	 87.130134	 87.117128	 87.104594	 87.092529	  87.08093	 87.069792	 87.059111	 87.048886	 87.039112	 87.029786	 87.020905	 87.012466	 87.004467	 86.996904	 86.989776	 86.983079	 86.976812	 86.970972	 86.965558	 86.960568	 86.955999	 86.951851	 86.948122	  86.94481	 86.941915	 86.939435	  86.93737	 86.935719	 86.934481	 86.933656	 86.933244	
