Time step 4:
        99	        99	        99	        99	        99	        99	        99	        99	        99	        99	        99	        99	        99	        99	        99	        99	        99	        99	        99	        99	        99	        99	        99	        99	        99	        99	        99	        99	        99	        99	        99	        99	        99	        99	        99	        99	        99	        99	        99	        99	        99	        99	        99	        99	        99	        99	        99	        99	        99	        99	        99	        99	        99	        99	        99	        99	        99	        99	        99	        99	        99	        99	        99	        99	        99	        99	        99	        99	        99	        99	        99	        99	        99	        99	        99	        99	        99	        99	        99	        99	        99	        99	        99	        99	        99	        99	        99	        99	        99	        99	        99	        99	        99	        99	        99	        99	        99	        99	        99	        99	        99	        99	        99	        99	        99	        99	        99	        99	        99	        99	        99	        99	        99	        99	        99	        99	        99	        99	        99	        99	        99	        99	        99	        99	        99	        99	        99	        99	        99	        99	        99	        99	        99	        99	        99	        99	        99	        99	        99	        99	        99	        99	        99	        99	        99	        99	        99	        99	        99	        99	        99	        99	        99	        99	        99	        99	        99	        99	        99	        99	        99	        99	        99	        99	        99	        99	        99	        99	        99	        99	        99	        99	        99	        99	        99	        99	        99	        99	        99	        99	        99	        99	        99	        99	        99	        99	        99	        99	        99	        99	        99	        99	        99	        99	        99	        99	        99	        99	        99	        99	
        99	 98.841377	 98.683254	 98.526128	 98.370483	 98.216792	  98.06551	 97.917068	 97.771873	   97.6303	 97.492695	 97.359368	 97.230594	 97.106608	  96.98761	 96.873758	 96.765174	 96.661939	 96.564099	 96.471664	 96.384611	 96.302884	   96.2264	 96.155046	 96.088688	 96.027171	 95.970321	 95.917948	 95.869853	 95.825823	 95.785643	  95.74909	 95.715942	 95.685977	 95.658972	 95.634713	 95.612987	 95.593593	 95.576333	 95.561022	 95.547481	 95.535543	 95.525052	  95.51586	 95.507833	 95.500844	 95.494779	 95.489531	 95.485005	 95.481113	 95.477778	 95.474928	   95.4725	 95.470439	 95.468694	 95.467221	 95.465982	 95.464944	 95.464075	 95.463351	  95.46275	 95.462252	  95.46184	 95.461502	 95.461224	 95.460997	 95.460811	 95.460661	 95.460539	  95.46044	  95.46036	 95.460297	 95.460246	 95.460205	 95.460172	 95.460147	 95.460126	  95.46011	 95.460098	 95.460088	  95.46008	 95.460074	 95.460069	 95.460066	 95.460063	 95.460061	 95.460059	 95.460058	 95.460057	 95.460056	 95.460056	 95.460055	 95.460055	 95.460055	 95.460054	 95.460054	 95.460054	 95.460054	 95.460054	 95.460054	 95.460054	 95.460054	 95.460054	 95.460054	 95.460054	 95.460054	 95.460054	 95.460054	 95.460054	 95.460054	 95.460054	 95.460054	 95.460054	 95.460054	 95.460054	 95.460054	 95.460054	 95.460054	 95.460054	 95.460054	 95.460054	 95.460054	 95.460054	 95.460054	 95.460054	 95.460054	 95.460054	 95.460054	 95.460054	 95.460054	 95.460054	 95.460054	 95.460054	 95.460054	 95.460054	 95.460054	 95.460054	 95.460054	 95.460054	 95.460054	 95.460054	 95.460054	 95.460054	 95.460054	 95.460054	 95.460054	 95.460054	 95.460054	 95.460054	 95.460054	 95.460054	 95.460054	 95.460054	 95.460054	 95.460054	 95.460054	 95.460054	 95.460054	 95.460054	 95.460054	 95.460054	 95.460054	 95.460054	 95.460054	 95.460054	 95.460054	 95.460054	 95.460054	 95.460054	 95.460054	 95.460054	 95.460054	 95.460054	 95.460054	 95.460054	 95.460054	 95.460054	 95.460054	 95.460054	 95.460054	 95.460054	 95.460054	 95.460054	 95.460054	 95.460054	 95.460054	 95.460054	 95.460054	 95.460054	 95.460054	 95.460054	 95.460054	 95.460054	 95.460054	 95.460054	 95.460054	 95.460054	 95.460054	 95.460054	 95.460054	
        99	 98.683254	 98.367508	  98.05375	 97.742951	 97.436055	 97.133968	 96.837552	 96.547619	 96.264919	 95.990143	  95.72391	 95.466768	 95.219188	 94.981567	 94.754223	 94.537396	 94.331251	  94.13588	 93.951302	 93.777471	 93.614275	 93.461547	 93.319065	 93.186559	 93.063719	 92.950197	 92.845617	 92.749577	 92.661657	 92.581424	 92.508434	 92.442243	 92.382405	 92.328481	 92.280039	 92.236658	  92.19793	 92.163465	  92.13289	  92.10585	 92.082012	 92.061063	 92.042709	  92.02668	 92.012725	 92.000613	 91.990134	 91.981096	 91.973325	 91.966665	 91.960973	 91.956126	 91.952009	 91.948525	 91.945585	 91.943111	 91.941037	 91.939302	 91.937857	 91.936656	 91.935661	  91.93484	 91.934164	 91.933609	 91.933156	 91.932785	 91.932485	 91.932241	 91.932044	 91.931885	 91.931757	 91.931655	 91.931574	 91.931509	 91.931458	 91.931417	 91.931385	  91.93136	  91.93134	 91.931325	 91.931313	 91.931303	 91.931296	 91.931291	 91.931286	 91.931283	 91.931281	 91.931279	 91.931277	 91.931276	 91.931275	 91.931275	 91.931274	 91.931274	 91.931274	 91.931273	 91.931273	 91.931273	 91.931273	 91.931273	 91.931273	 91.931273	 91.931273	 91.931273	 91.931273	 91.931273	 91.931273	 91.931273	 91.931273	 91.931273	 91.931273	 91.931273	 91.931273	 91.931273	 91.931273	 91.931273	 91.931273	 91.931273	 91.931273	 91.931273	 91.931273	 91.931273	 91.931273	 91.931273	 91.931273	 91.931273	 91.931273	 91.931273	 91.931273	 91.931273	 91.931273	 91.931273	 91.931273	 91.931273	 91.931273	 91.931273	 91.931273	 91.931273	 91.931273	 91.931273	 91.931273	 91.931273	 91.931273	 91.931273	 91.931273	 91.931273	 91.931273	 91.931273	 91.931273	 91.931273	 91.931273	 91.931273	 91.931273	 91.931273	 91.931273	 91.931273	 91.931273	 91.931273	 91.931273	 91.931273	 91.931273	 91.931273	 91.931273	 91.931273	 91.931273	 91.931273	 91.931273	 91.931273	 91.931273	 91.931273	 91.931273	 91.931273	 91.931273	 91.931273	 91.931273	 91.931273	 91.931273	 91.931273	 91.931273	 91.931273	 91.931273	 91.931273	 91.931273	 91.931273	 91.931273	 91.931273	 91.931273	 91.931273	 91.931273	 91.931273	 91.931273	 91.931273	 91.931273	 91.931273	 91.931273	 91.931273	 91.931273	 91.931273	 91.931273	
        99	 98.526128	  98.05375	 97.584347	 97.119372	 96.660235	 96.208292	 95.764835	 95.331075	 94.908138	 94.497055	 94.098753	 93.714051	 93.343655	 92.988158	 92.648036	 92.323649	 92.015243	 91.722954	 91.446814	  91.18675	 90.942599	 90.714107	 90.500944	 90.302707	  90.11893	 89.949094	 89.792636	 89.648954	  89.51742	 89.397384	 89.288187	 89.189161	  89.09964	 89.018966	 88.946493	 88.881592	 88.823652	  88.77209	 88.726348	 88.685895	 88.650232	  88.61889	 88.591432	 88.567452	 88.546574	 88.528454	 88.512776	 88.499255	 88.487629	 88.477664	  88.46915	 88.461897	 88.455739	 88.450526	 88.446127	 88.442426	 88.439323	 88.436728	 88.434566	  88.43277	 88.431281	 88.430053	 88.429041	 88.428211	 88.427532	 88.426979	 88.426529	 88.426164	 88.425869	 88.425631	 88.425441	 88.425288	 88.425166	 88.425069	 88.424992	 88.424932	 88.424884	 88.424846	 88.424817	 88.424793	 88.424775	 88.424762	 88.424751	 88.424742	 88.424736	 88.424731	 88.424727	 88.424725	 88.424722	 88.424721	 88.424719	 88.424719	 88.424718	 88.424717	 88.424717	 88.424717	 88.424716	 88.424716	 88.424716	 88.424716	 88.424716	 88.424716	 88.424716	 88.424716	 88.424716	 88.424716	 88.424716	 88.424716	 88.424716	 88.424716	 88.424716	 88.424716	 88.424716	 88.424716	 88.424716	 88.424716	 88.424716	 88.424716	 88.424716	 88.424716	 88.424716	 88.424716	 88.424716	 88.424716	 88.424716	 88.424716	 88.424716	 88.424716	 88.424716	 88.424716	 88.424716	 88.424716	 88.424716	 88.424716	 88.424716	 88.424716	 88.424716	 88.424716	 88.424716	 88.424716	 88.424716	 88.424716	 88.424716	 88.424716	 88.424716	 88.424716	 88.424716	 88.424716	 88.424716	 88.424716	 88.424716	 88.424716	 88.424716	 88.424716	 88.424716	 88.424716	 88.424716	 88.424716	 88.424716	 88.424716	 88.424716	 88.424716	 88.424716	 88.424716	 88.424716	 88.424716	 88.424716	 88.424716	 88.424716	 88.424716	 88.424716	 88.424716	 88.424716	 88.424716	 88.424716	 88.424716	 88.424716	 88.424716	 88.424716	 88.424716	 88.424716	 88.424716	 88.424716	 88.424716	 88.424716	 88.424716	 88.424716	 88.424716	 88.424716	 88.424716	 88.424716	 88.424716	 88.424716	 88.424716	 88.424716	 88.424716	 88.424716	 88.424716	 88.424716	
        99	 98.370483	 97.742951	 97.119372	 96.501674	 95.891732	 95.291348	 94.702235	 94.126006	 93.564154	  93.01805	 92.488924	 91.977865	 91.485812	 91.013551	 90.561715	 90.130781	 89.721078	 89.332787	 88.965948	 88.620466	 88.296122	 87.992582	 87.709404	 87.446055	 87.201916	 86.976297	  86.76845	 86.577575	 86.402838	 86.243377	 86.098313	 85.966762	 85.847838	 85.740666	 85.644389	  85.55817	 85.481201	 85.412703	 85.351937	 85.298197	 85.250821	 85.209184	 85.172707	  85.14085	 85.113115	 85.089043	 85.068217	 85.050254	  85.03481	 85.021572	 85.010261	 85.000627	 84.992446	  84.98552	 84.979676	  84.97476	 84.970638	 84.967191	 84.964318	 84.961932	 84.959955	 84.958322	 84.956979	 84.955876	 84.954974	 84.954239	 84.953641	 84.953156	 84.952764	 84.952449	 84.952196	 84.951993	 84.951831	 84.951702	   84.9516	 84.951519	 84.951456	 84.951406	 84.951366	 84.951336	 84.951312	 84.951293	 84.951279	 84.951268	 84.951259	 84.951253	 84.951248	 84.951244	 84.951241	 84.951239	 84.951237	 84.951236	 84.951235	 84.951235	 84.951234	 84.951234	 84.951233	 84.951233	 84.951233	 84.951233	 84.951233	 84.951233	 84.951233	 84.951233	 84.951233	 84.951233	 84.951233	 84.951233	 84.951233	 84.951233	 84.951233	 84.951233	 84.951233	 84.951233	 84.951233	 84.951233	 84.951233	 84.951233	 84.951233	 84.951233	 84.951233	 84.951233	 84.951233	 84.951233	 84.951233	 84.951233	 84.951233	 84.951233	 84.951233	 84.951233	 84.951233	 84.951233	 84.951233	 84.951233	 84.951233	 84.951233	 84.951233	 84.951233	 84.951233	 84.951233	 84.951233	 84.951233	 84.951233	 84.951233	 84.951233	 84.951233	 84.951233	 84.951233	 84.951233	 84.951233	 84.951233	 84.951233	 84.951233	 84.951233	 84.951233	 84.951233	 84.951233	 84.951233	 84.951233	 84.951233	 84.951233	 84.951233	 84.951233	 84.951233	 84.951233	 84.951233	 84.951233	 84.951233	 84.951233	 84.951233	 84.951233	 84.951233	 84.951233	 84.951233	 84.951233	 84.951233	 84.951233	 84.951233	 84.951233	 84.951233	 84.951233	 84.951233	 84.951233	 84.951233	 84.951233	 84.951233	 84.951233	 84.951233	 84.951233	 84.951233	 84.951233	 84.951233	 84.951233	 84.951233	 84.951233	 84.951233	 84.951233	 84.951233	 84.951233	
        99	 98.216792	 97.436055	 96.660235	 95.891732	 95.132879	 94.385916	 93.652978	 92.936067	 92.237045	 91.557615	 90.899308	 90.263479	 89.651296	 89.063737	 88.501589	 87.965448	  87.45572	 86.972631	 86.516231	 86.086403	 85.682874	 85.305227	 84.952915	 84.625272	 84.321528	 84.040827	 83.782235	  83.54476	 83.327363	 83.128971	 82.948492	 82.784823	 82.636865	 82.503529	 82.383747	 82.276478	 82.180717	 82.095497	 82.019895	 81.953035	 81.894092	 81.842291	 81.796908	 81.757273	 81.722767	 81.692818	 81.666907	 81.644559	 81.625344	 81.608875	 81.594802	 81.582816	 81.572637	 81.564021	 81.556751	 81.550634	 81.545505	 81.541217	 81.537643	 81.534673	 81.532214	 81.530183	 81.528512	  81.52714	 81.526018	 81.525103	 81.524359	 81.523756	 81.523268	 81.522876	 81.522561	 81.522308	 81.522107	 81.521947	  81.52182	 81.521719	  81.52164	 81.521578	 81.521529	 81.521491	 81.521461	 81.521438	  81.52142	 81.521406	 81.521396	 81.521388	 81.521382	 81.521377	 81.521373	  81.52137	 81.521368	 81.521367	 81.521366	 81.521365	 81.521364	 81.521364	 81.521363	 81.521363	 81.521363	 81.521363	 81.521363	 81.521363	 81.521363	 81.521362	 81.521362	 81.521362	 81.521362	 81.521362	 81.521362	 81.521362	 81.521362	 81.521362	 81.521362	 81.521362	 81.521362	 81.521362	 81.521362	 81.521362	 81.521362	 81.521362	 81.521362	 81.521362	 81.521362	 81.521362	 81.521362	 81.521362	 81.521362	 81.521362	 81.521362	 81.521362	 81.521362	 81.521362	 81.521362	 81.521362	 81.521362	 81.521362	 81.521362	 81.521362	 81.521362	 81.521362	 81.521362	 81.521362	 81.521362	 81.521362	 81.521362	 81.521362	 81.521362	 81.521362	 81.521362	 81.521362	 81.521362	 81.521362	 81.521362	 81.521362	 81.521362	 81.521362	 81.521362	 81.521362	 81.521362	 81.521362	 81.521362	 81.521362	 81.521362	 81.521362	 81.521362	 81.521362	 81.521362	 81.521362	 81.521362	 81.521362	 81.521362	 81.521362	 81.521362	 81.521362	 81.521362	 81.521362	 81.521362	 81.521362	 81.521362	 81.521362	 81.521362	 81.521362	 81.521362	 81.521362	 81.521362	 81.521362	 81.521362	 81.521362	 81.521362	 81.521362	 81.521362	 81.521362	 81.521362	 81.521362	 81.521362	 81.521362	 81.521362	 81.521362	 81.521362	
        99	  98.06551	 97.133968	 96.208292	 95.291348	 94.385916	 93.494673	 92.620162	 91.764775	 90.930732	 90.120065	 89.334601	 88.575957	 87.845527	 87.144477	 86.473746	 85.834045	  85.22586	 84.649459	 84.104902	 83.592049	 83.110576	 82.659984	  82.23962	  81.84869	 81.486277	 81.151356	 80.842815	  80.55947	 80.300081	 80.063369	 79.848028	 79.652746	 79.476208	 79.317117	 79.174199	  79.04621	 78.931952	 78.830271	 78.740066	 78.660292	 78.589963	 78.528156	 78.474008	 78.426718	 78.385546	 78.349812	 78.318896	 78.292232	 78.269305	 78.249654	 78.232864	 78.218562	 78.206417	 78.196137	 78.187462	 78.180165	 78.174044	 78.168928	 78.164664	 78.161121	 78.158186	 78.155763	 78.153769	 78.152132	 78.150793	 78.149701	 78.148814	 78.148094	 78.147513	 78.147044	 78.146668	 78.146367	 78.146127	 78.145936	 78.145784	 78.145664	  78.14557	 78.145495	 78.145437	 78.145392	 78.145356	 78.145329	 78.145308	 78.145291	 78.145279	 78.145269	 78.145261	 78.145256	 78.145251	 78.145248	 78.145246	 78.145244	 78.145243	 78.145242	 78.145241	  78.14524	  78.14524	 78.145239	 78.145239	 78.145239	 78.145239	 78.145239	 78.145239	 78.145239	 78.145239	 78.145239	 78.145239	 78.145239	 78.145239	 78.145239	 78.145239	 78.145239	 78.145239	 78.145239	 78.145239	 78.145239	 78.145239	 78.145239	 78.145239	 78.145239	 78.145239	 78.145239	 78.145239	 78.145239	 78.145239	 78.145239	 78.145239	 78.145239	 78.145239	 78.145239	 78.145239	 78.145239	 78.145239	 78.145239	 78.145239	 78.145239	 78.145239	 78.145239	 78.145239	 78.145239	 78.145239	 78.145239	 78.145239	 78.145239	 78.145239	 78.145239	 78.145239	 78.145239	 78.145239	 78.145239	 78.145239	 78.145239	 78.145239	 78.145239	 78.145239	 78.145239	 78.145239	 78.145239	 78.145239	 78.145239	 78.145239	 78.145239	 78.145239	 78.145239	 78.145239	 78.145239	 78.145239	 78.145239	 78.145239	 78.145239	 78.145239	 78.145239	 78.145239	 78.145239	 78.145239	 78.145239	 78.145239	 78.145239	 78.145239	 78.145239	 78.145239	 78.145239	 78.145239	 78.145239	 78.145239	 78.145239	 78.145239	 78.145239	 78.145239	 78.145239	 78.145239	 78.145239	 78.145239	 78.145239	 78.145239	 78.145239	 78.145239	 78.145239	 78.145239	
        99	 97.917068	 96.837552	 95.764835	 94.702235	 93.652978	 92.620162	 91.606737	 90.615473	 89.648944	 88.709503	 87.799271	 86.920118	  86.07366	 85.261249	 84.483974	 83.742657	 83.037863	 82.369902	 81.738843	 81.144525	  80.58657	 80.064403	 79.577265	 79.124236	 78.704254	 78.316132	  77.95858	 77.630227	 77.329634	  77.05532	 76.805773	  76.57947	  76.37489	 76.190528	 76.024907	 75.876588	 75.744181	 75.626347	 75.521813	 75.429367	 75.347867	 75.276242	 75.213492	  75.15869	 75.110978	 75.069569	 75.033742	 75.002841	 74.976273	 74.953501	 74.934043	 74.917469	 74.903396	 74.891483	  74.88143	 74.872973	  74.86588	 74.859951	 74.855009	 74.850904	 74.847503	 74.844695	 74.842384	 74.840487	 74.838936	  74.83767	 74.836641	 74.835808	 74.835134	 74.834591	 74.834155	 74.833807	 74.833528	 74.833307	 74.833131	 74.832992	 74.832882	 74.832796	 74.832729	 74.832676	 74.832635	 74.832603	 74.832579	  74.83256	 74.832545	 74.832534	 74.832525	 74.832519	 74.832514	  74.83251	 74.832507	 74.832505	 74.832503	 74.832502	 74.832501	   74.8325	   74.8325	   74.8325	 74.832499	 74.832499	 74.832499	 74.832499	 74.832499	 74.832499	 74.832499	 74.832499	 74.832499	 74.832499	 74.832499	 74.832499	 74.832499	 74.832499	 74.832499	 74.832499	 74.832499	 74.832499	 74.832499	 74.832499	 74.832499	 74.832499	 74.832499	 74.832499	 74.832499	 74.832499	 74.832499	 74.832499	 74.832499	 74.832499	 74.832499	 74.832499	 74.832499	 74.832499	 74.832499	 74.832499	 74.832499	 74.832499	 74.832499	 74.832499	 74.832499	 74.832499	 74.832499	 74.832499	 74.832499	 74.832499	 74.832499	 74.832499	 74.832499	 74.832499	 74.832499	 74.832499	 74.832499	 74.832499	 74.832499	 74.832499	 74.832499	 74.832499	 74.832499	 74.832499	 74.832499	 74.832499	 74.832499	 74.832499	 74.832499	 74.832499	 74.832499	 74.832499	 74.832499	 74.832499	 74.832499	 74.832499	 74.832499	 74.832499	 74.832499	 74.832499	 74.832499	 74.832499	 74.832499	 74.832499	 74.832499	 74.832499	 74.832499	 74.832499	 74.832499	 74.832499	 74.832499	 74.832499	 74.832499	 74.832499	 74.832499	 74.832499	 74.832499	 74.832499	 74.832499	 74.832499	 74.832499	 74.832499	 74.832499	 74.832499	 74.832499	
        99	 97.771873	 96.547619	 95.331075	 94.126006	 92.936067	 91.764775	 90.615473	 89.491304	 88.395186	 87.329789	 86.297515	 85.300488	  84.34054	 83.419204	 82.537715	 81.697005	 80.897714	 80.140195	 79.424526	 78.750524	  78.11776	 77.525582	 76.973131	 76.459362	  75.98307	 75.542909	 75.137418	  74.76504	 74.424145	 74.113052	 73.830047	 73.573402	 73.341393	 73.132312	 72.944485	  72.77628	  72.62612	 72.492488	 72.373938	 72.269097	  72.17667	 72.095442	 72.024279	 71.962129	 71.908019	 71.861058	 71.820427	 71.785384	 71.755254	 71.729428	 71.707362	 71.688566	 71.672605	 71.659095	 71.647694	 71.638103	  71.63006	 71.623336	 71.617731	 71.613075	 71.609219	 71.606034	 71.603413	 71.601262	 71.599503	 71.598068	 71.596901	 71.595955	 71.595191	 71.594576	 71.594082	 71.593686	  71.59337	 71.593119	  71.59292	 71.592762	 71.592638	  71.59254	 71.592464	 71.592404	 71.592357	 71.592321	 71.592293	 71.592272	 71.592255	 71.592242	 71.592233	 71.592225	  71.59222	 71.592215	 71.592212	  71.59221	 71.592208	 71.592206	 71.592205	 71.592205	 71.592204	 71.592204	 71.592203	 71.592203	 71.592203	 71.592203	 71.592203	 71.592203	 71.592203	 71.592203	 71.592203	 71.592203	 71.592203	 71.592203	 71.592203	 71.592203	 71.592203	 71.592203	 71.592203	 71.592203	 71.592203	 71.592203	 71.592203	 71.592203	 71.592203	 71.592203	 71.592203	 71.592203	 71.592203	 71.592203	 71.592203	 71.592203	 71.592203	 71.592203	 71.592203	 71.592203	 71.592203	 71.592203	 71.592203	 71.592203	 71.592203	 71.592203	 71.592203	 71.592203	 71.592203	 71.592203	 71.592203	 71.592203	 71.592203	 71.592203	 71.592203	 71.592203	 71.592203	 71.592203	 71.592203	 71.592203	 71.592203	 71.592203	 71.592203	 71.592203	 71.592203	 71.592203	 71.592203	 71.592203	 71.592203	 71.592203	 71.592203	 71.592203	 71.592203	 71.592203	 71.592203	 71.592203	 71.592203	 71.592203	 71.592203	 71.592203	 71.592203	 71.592203	 71.592203	 71.592203	 71.592203	 71.592203	 71.592203	 71.592203	 71.592203	 71.592203	 71.592203	 71.592203	 71.592203	 71.592203	 71.592203	 71.592203	 71.592203	 71.592203	 71.592203	 71.592203	 71.592203	 71.592203	 71.592203	 71.592203	 71.592203	 71.592203	 71.592203	
        99	   97.6303	 96.264919	 94.908138	 93.564154	 92.237045	 90.930732	 89.648944	 88.395186	 87.172713	 85.984501	 84.833232	 83.721272	 82.650666	 81.623123	 80.640019	 79.702396	 78.810967	 77.966125	 77.167957	 76.416258	 75.710553	 75.050112	 74.433976	 73.860982	 73.329785	 72.838885	 72.386651	 71.971347	 71.591155	 71.244201	 70.928572	 70.642343	 70.383588	 70.150406	 69.940927	 69.753332	 69.585862	 69.436826	  69.30461	 69.187683	 69.084602	  68.99401	 68.914643	 68.845329	 68.784982	 68.732608	 68.687293	  68.64821	 68.614606	 68.585804	 68.561194	 68.540231	 68.522431	 68.507363	 68.494648	 68.483951	 68.474981	 68.467482	 68.461231	 68.456039	 68.451737	 68.448186	 68.445263	 68.442864	 68.440901	 68.439301	    68.438	 68.436945	 68.436093	 68.435406	 68.434855	 68.434414	 68.434062	 68.433782	 68.433559	 68.433384	 68.433245	 68.433136	 68.433051	 68.432984	 68.432932	 68.432892	 68.432861	 68.432837	 68.432818	 68.432804	 68.432793	 68.432785	 68.432779	 68.432774	  68.43277	 68.432768	 68.432766	 68.432764	 68.432763	 68.432762	 68.432761	 68.432761	 68.432761	  68.43276	  68.43276	  68.43276	  68.43276	  68.43276	  68.43276	  68.43276	  68.43276	  68.43276	  68.43276	  68.43276	  68.43276	  68.43276	  68.43276	  68.43276	  68.43276	  68.43276	  68.43276	  68.43276	  68.43276	  68.43276	  68.43276	  68.43276	  68.43276	  68.43276	  68.43276	  68.43276	  68.43276	  68.43276	  68.43276	  68.43276	  68.43276	  68.43276	  68.43276	  68.43276	  68.43276	  68.43276	  68.43276	  68.43276	  68.43276	  68.43276	  68.43276	  68.43276	  68.43276	  68.43276	  68.43276	  68.43276	  68.43276	  68.43276	  68.43276	  68.43276	  68.43276	  68.43276	  68.43276	  68.43276	  68.43276	  68.43276	  68.43276	  68.43276	  68.43276	  68.43276	  68.43276	  68.43276	  68.43276	  68.43276	  68.43276	  68.43276	  68.43276	  68.43276	  68.43276	  68.43276	  68.43276	  68.43276	  68.43276	  68.43276	  68.43276	  68.43276	  68.43276	  68.43276	  68.43276	  68.43276	  68.43276	  68.43276	  68.43276	  68.43276	  68.43276	  68.43276	  68.43276	  68.43276	  68.43276	  68.43276	  68.43276	  68.43276	  68.43276	  68.43276	  68.43276	  68.43276	  68.43276	  68.43276	  68.43276	
        99	 97.492695	 95.990143	 94.497055	  93.01805	 91.557615	 90.120065	 88.709503	 87.329789	 85.984501	 84.676917	 83.409987	 82.186316	 81.008153	 79.877379	  78.79551	  77.76369	 76.782704	 75.852986	 74.974631	 74.147415	 73.370812	  72.64402	 71.965985	 71.335426	 70.750864	 70.210646	 69.712979	 69.255952	 68.837565	 68.455754	 68.108416	 67.793431	 67.508681	 67.252072	 67.021548	 66.815107	 66.630812	 66.466803	 66.321305	 66.192631	 66.079194	   65.9795	 65.892161	 65.815883	 65.749473	 65.691837	  65.64197	 65.598961	 65.561981	 65.530285	 65.503202	 65.480133	 65.460545	 65.443963	 65.429971	   65.4182	 65.408328	 65.400075	 65.393197	 65.387483	 65.382749	 65.378841	 65.375624	 65.372984	 65.370825	 65.369063	 65.367631	 65.366471	 65.365533	 65.364778	 65.364171	 65.363686	 65.363298	  65.36299	 65.362745	 65.362552	 65.362399	 65.362279	 65.362186	 65.362112	 65.362055	 65.362011	 65.361976	  65.36195	  65.36193	 65.361914	 65.361902	 65.361893	 65.361886	 65.361881	 65.361877	 65.361874	 65.361872	  65.36187	 65.361869	 65.361868	 65.361867	 65.361867	 65.361866	 65.361866	 65.361866	 65.361866	 65.361865	 65.361865	 65.361865	 65.361865	 65.361865	 65.361865	 65.361865	 65.361865	 65.361865	 65.361865	 65.361865	 65.361865	 65.361865	 65.361865	 65.361865	 65.361865	 65.361865	 65.361865	 65.361865	 65.361865	 65.361865	 65.361865	 65.361865	 65.361865	 65.361865	 65.361865	 65.361865	 65.361865	 65.361865	 65.361865	 65.361865	 65.361865	 65.361865	 65.361865	 65.361865	 65.361865	 65.361865	 65.361865	 65.361865	 65.361865	 65.361865	 65.361865	 65.361865	 65.361865	 65.361865	 65.361865	 65.361865	 65.361865	 65.361865	 65.361865	 65.361865	 65.361865	 65.361865	 65.361865	 65.361865	 65.361865	 65.361865	 65.361865	 65.361865	 65.361865	 65.361865	 65.361865	 65.361865	 65.361865	 65.361865	 65.361865	 65.361865	 65.361865	 65.361865	 65.361865	 65.361865	 65.361865	 65.361865	 65.361865	 65.361865	 65.361865	 65.361865	 65.361865	 65.361865	 65.361865	 65.361865	 65.361865	 65.361865	 65.361865	 65.361865	 65.361865	 65.361865	 65.361865	 65.361865	 65.361865	 65.361865	 65.361865	 65.361865	 65.361865	 65.361865	 65.361865	 65.361865	
        99	 97.359368	  95.72391	 94.098753	 92.488924	 90.899308	 89.334601	 87.799271	 86.297515	 84.833232	 83.409987	 82.030992	 80.699083	 79.416707	 78.185912	 77.008347	 75.885259	 74.817501	 73.805546	 72.849498	 71.949111	 71.103814	 70.312735	 69.574726	 68.888392	 68.252122	  67.66412	 67.122433	  66.62498	 66.169585	 65.754002	 65.375941	 65.033094	 64.723157	  64.44385	 64.192935	 63.968233	 63.767637	 63.589121	 63.430752	 63.290697	 63.167226	 63.058715	 62.963649	 62.880624	 62.808341	 62.745606	 62.691328	 62.644514	 62.604264	 62.569764	 62.540286	 62.515177	 62.493856	 62.475807	 62.460577	 62.447765	  62.43702	 62.428037	 62.420551	 62.414331	 62.409179	 62.404925	 62.401423	  62.39855	 62.396199	 62.394282	 62.392724	  62.39146	  62.39044	 62.389617	 62.388957	 62.388429	 62.388007	 62.387671	 62.387405	 62.387194	 62.387029	 62.386898	 62.386796	 62.386716	 62.386654	 62.386606	 62.386568	 62.386539	 62.386517	   62.3865	 62.386487	 62.386477	  62.38647	 62.386464	  62.38646	 62.386457	 62.386454	 62.386452	 62.386451	  62.38645	 62.386449	 62.386449	 62.386448	 62.386448	 62.386448	 62.386448	 62.386447	 62.386447	 62.386447	 62.386447	 62.386447	 62.386447	 62.386447	 62.386447	 62.386447	 62.386447	 62.386447	 62.386447	 62.386447	 62.386447	 62.386447	 62.386447	 62.386447	 62.386447	 62.386447	 62.386447	 62.386447	 62.386447	 62.386447	 62.386447	 62.386447	 62.386447	 62.386447	 62.386447	 62.386447	 62.386447	 62.386447	 62.386447	 62.386447	 62.386447	 62.386447	 62.386447	 62.386447	 62.386447	 62.386447	 62.386447	 62.386447	 62.386447	 62.386447	 62.386447	 62.386447	 62.386447	 62.386447	 62.386447	 62.386447	 62.386447	 62.386447	 62.386447	 62.386447	 62.386447	 62.386447	 62.386447	 62.386447	 62.386447	 62.386447	 62.386447	 62.386447	 62.386447	 62.386447	 62.386447	 62.386447	 62.386447	 62.386447	 62.386447	 62.386447	 62.386447	 62.386447	 62.386447	 62.386447	 62.386447	 62.386447	 62.386447	 62.386447	 62.386447	 62.386447	 62.386447	 62.386447	 62.386447	 62.386447	 62.386447	 62.386447	 62.386447	 62.386447	 62.386447	 62.386447	 62.386447	 62.386447	 62.386447	 62.386447	 62.386447	 62.386447	 62.386447	 62.386447	
        99	 97.230594	 95.466768	 93.714051	 91.977865	 90.263479	 88.575957	 86.920118	 85.300488	 83.721272	 82.186316	 80.699083	 79.262632	 77.879601	   76.5522	 75.282207	 74.070967	 72.919401	 71.828017	 70.796927	 69.825868	 68.914224	 68.061052	 67.265116	 66.524911	   65.8387	 65.204546	 64.620341	 64.083843	 63.592703	 63.144501	 62.736765	 62.367008	 62.032744	 61.731514	 61.460905	 61.218566	 61.002225	 60.809697	 60.638898	  60.48785	 60.354687	 60.237659	 60.135132	  60.04559	 59.967633	 59.899974	 59.841436	 59.790948	 59.747538	  59.71033	 59.678538	 59.651458	 59.628464	 59.608999	 59.592573	 59.578755	 59.567167	 59.557479	 59.549405	 59.542697	 59.537141	 59.532553	 59.528776	 59.525677	 59.523142	 59.521075	 59.519394	 59.518031	 59.516931	 59.516044	 59.515332	 59.514762	 59.514307	 59.513945	 59.513658	 59.513431	 59.513252	 59.513111	 59.513001	 59.512915	 59.512848	 59.512796	 59.512755	 59.512724	   59.5127	 59.512682	 59.512668	 59.512657	 59.512649	 59.512643	 59.512639	 59.512635	 59.512632	  59.51263	 59.512629	 59.512628	 59.512627	 59.512626	 59.512626	 59.512626	 59.512625	 59.512625	 59.512625	 59.512625	 59.512625	 59.512625	 59.512625	 59.512625	 59.512625	 59.512625	 59.512625	 59.512625	 59.512625	 59.512625	 59.512625	 59.512625	 59.512625	 59.512625	 59.512625	 59.512625	 59.512625	 59.512625	 59.512625	 59.512625	 59.512625	 59.512625	 59.512625	 59.512625	 59.512625	 59.512625	 59.512625	 59.512625	 59.512625	 59.512625	 59.512625	 59.512625	 59.512625	 59.512625	 59.512625	 59.512625	 59.512625	 59.512625	 59.512625	 59.512625	 59.512625	 59.512625	 59.512625	 59.512625	 59.512625	 59.512625	 59.512625	 59.512625	 59.512625	 59.512625	 59.512625	 59.512625	 59.512625	 59.512625	 59.512625	 59.512625	 59.512625	 59.512625	 59.512625	 59.512625	 59.512625	 59.512625	 59.512625	 59.512625	 59.512625	 59.512625	 59.512625	 59.512625	 59.512625	 59.512625	 59.512625	 59.512625	 59.512625	 59.512625	 59.512625	 59.512625	 59.512625	 59.512625	 59.512625	 59.512625	 59.512625	 59.512625	 59.512625	 59.512625	 59.512625	 59.512625	 59.512625	 59.512625	 59.512625	 59.512625	 59.512625	 59.512625	 59.512625	 59.512625	 59.512625	
        99	 97.106608	 95.219188	 93.343655	 91.485812	 89.651296	 87.845527	  86.07366	  84.34054	 82.650666	 81.008153	 79.416707	 77.879601	 76.399659	 74.979245	 73.620261	 72.324147	 71.091889	  69.92403	  68.82069	 67.781587	 66.806063	 65.893108	 65.041399	 64.249327	 63.515032	 62.836441	   62.2113	 61.637208	 61.111654	 60.632045	 60.195739	 59.800073	 59.442386	 59.120048	 58.830477	 58.571158	 58.339657	 58.133638	 57.950871	 57.789239	 57.646745	 57.521516	 57.411805	 57.315989	 57.232569	 57.160169	  57.09753	 57.043504	 56.997052	 56.957237	 56.923217	  56.89424	 56.869634	 56.848805	 56.831228	 56.816442	 56.804042	 56.793675	 56.785036	 56.777857	 56.771912	 56.767002	 56.762961	 56.759645	 56.756932	  56.75472	 56.752921	 56.751463	 56.750285	 56.749337	 56.748575	 56.747965	 56.747478	 56.747091	 56.746783	  56.74654	 56.746349	 56.746198	  56.74608	 56.745988	 56.745916	 56.745861	 56.745818	 56.745784	 56.745759	 56.745739	 56.745724	 56.745713	 56.745704	 56.745698	 56.745693	 56.745689	 56.745686	 56.745684	 56.745682	 56.745681	  56.74568	  56.74568	 56.745679	 56.745679	 56.745679	 56.745678	 56.745678	 56.745678	 56.745678	 56.745678	 56.745678	 56.745678	 56.745678	 56.745678	 56.745678	 56.745678	 56.745678	 56.745678	 56.745678	 56.745678	 56.745678	 56.745678	 56.745678	 56.745678	 56.745678	 56.745678	 56.745678	 56.745678	 56.745678	 56.745678	 56.745678	 56.745678	 56.745678	 56.745678	 56.745678	 56.745678	 56.745678	 56.745678	 56.745678	 56.745678	 56.745678	 56.745678	 56.745678	 56.745678	 56.745678	 56.745678	 56.745678	 56.745678	 56.745678	 56.745678	 56.745678	 56.745678	 56.745678	 56.745678	 56.745678	 56.745678	 56.745678	 56.745678	 56.745678	 56.745678	 56.745678	 56.745678	 56.745678	 56.745678	 56.745678	 56.745678	 56.745678	 56.745678	 56.745678	 56.745678	 56.745678	 56.745678	 56.745678	 56.745678	 56.745678	 56.745678	 56.745678	 56.745678	 56.745678	 56.745678	 56.745678	 56.745678	 56.745678	 56.745678	 56.745678	 56.745678	 56.745678	 56.745678	 56.745678	 56.745678	 56.745678	 56.745678	 56.745678	 56.745678	 56.745678	 56.745678	 56.745678	 56.745678	 56.745678	 56.745678	 56.745678	 56.745678	 56.745678	
        99	  96.98761	 94.981567	 92.988158	 91.013551	 89.063737	 87.144477	 85.261249	 83.419204	 81.623123	 79.877379	 78.185912	   76.5522	 74.979245	  73.46956	 72.025165	 70.647591	 69.337886	 68.096628	 66.923944	 65.819535	 64.782699	 63.812366	 62.907128	 62.065274	  61.28483	  60.56359	 59.899159	 59.288987	 58.730402	  58.22065	 57.756922	 57.336388	 56.956221	 56.613625	 56.305855	 56.030237	 55.784187	  55.56522	 55.370966	 55.199175	 55.047726	 54.914627	  54.79802	 54.696182	  54.60752	  54.53057	 54.463993	 54.406571	   54.3572	 54.314883	 54.278725	 54.247926	 54.221774	 54.199636	 54.180955	 54.165239	  54.15206	 54.141042	 54.131859	 54.124229	  54.11791	 54.112692	 54.108397	 54.104873	 54.101989	 54.099638	 54.097726	 54.096177	 54.094925	 54.093916	 54.093106	 54.092458	 54.091941	 54.091529	 54.091202	 54.090944	 54.090741	 54.090581	 54.090455	 54.090357	 54.090281	 54.090222	 54.090176	 54.090141	 54.090114	 54.090093	 54.090077	 54.090065	 54.090055	 54.090048	 54.090043	 54.090039	 54.090036	 54.090034	 54.090032	 54.090031	  54.09003	 54.090029	 54.090029	 54.090029	 54.090028	 54.090028	 54.090028	 54.090028	 54.090028	 54.090028	 54.090028	 54.090028	 54.090028	 54.090028	 54.090028	 54.090028	 54.090028	 54.090028	 54.090028	 54.090028	 54.090028	 54.090028	 54.090028	 54.090028	 54.090028	 54.090028	 54.090028	 54.090028	 54.090028	 54.090028	 54.090028	 54.090028	 54.090028	 54.090028	 54.090028	 54.090028	 54.090028	 54.090028	 54.090028	 54.090028	 54.090028	 54.090028	 54.090028	 54.090028	 54.090028	 54.090028	 54.090028	 54.090028	 54.090028	 54.090028	 54.090028	 54.090028	 54.090028	 54.090028	 54.090028	 54.090028	 54.090028	 54.090028	 54.090028	 54.090028	 54.090028	 54.090028	 54.090028	 54.090028	 54.090028	 54.090028	 54.090028	 54.090028	 54.090028	 54.090028	 54.090028	 54.090028	 54.090028	 54.090028	 54.090028	 54.090028	 54.090028	 54.090028	 54.090028	 54.090028	 54.090028	 54.090028	 54.090028	 54.090028	 54.090028	 54.090028	 54.090028	 54.090028	 54.090028	 54.090028	 54.090028	 54.090028	 54.090028	 54.090028	 54.090028	 54.090028	 54.090028	 54.090028	 54.090028	 54.090028	 54.090028	 54.090028	 54.090028	
        99	 96.873758	 94.754223	 92.648036	 90.561715	 88.501589	 86.473746	 84.483974	 82.537715	 80.640019	  78.79551	 77.008347	 75.282207	 73.620261	 72.025165	 70.499053	 69.043542	  67.65974	 66.348257	 65.109229	 63.942337	 62.846842	 61.821612	 60.865159	 59.975678	 59.151079	 58.389035	 57.687014	 57.042321	 56.452134	 55.913542	 55.423579	 54.979253	 54.577578	   54.2156	 53.890417	 53.599206	 53.339235	 53.107881	 52.902637	 52.721127	 52.561109	  52.42048	 52.297276	 52.189676	 52.095998	 52.014694	 51.944351	 51.883681	 51.831517	 51.786805	 51.748602	 51.716061	 51.688429	 51.665038	   51.6453	 51.628696	 51.614771	 51.603129	 51.593427	 51.585365	 51.578689	 51.573175	 51.568637	 51.564914	 51.561867	 51.559383	 51.557363	 51.555726	 51.554403	 51.553337	 51.552482	 51.551797	  51.55125	 51.550815	  51.55047	 51.550197	 51.549982	 51.549813	 51.549681	 51.549577	 51.549497	 51.549434	 51.549386	 51.549348	  51.54932	 51.549298	 51.549281	 51.549268	 51.549258	 51.549251	 51.549245	 51.549241	 51.549238	 51.549235	 51.549234	 51.549232	 51.549231	 51.549231	  51.54923	  51.54923	 51.549229	 51.549229	 51.549229	 51.549229	 51.549229	 51.549229	 51.549229	 51.549229	 51.549229	 51.549229	 51.549229	 51.549229	 51.549229	 51.549229	 51.549229	 51.549229	 51.549229	 51.549229	 51.549229	 51.549229	 51.549229	 51.549229	 51.549229	 51.549229	 51.549229	 51.549229	 51.549229	 51.549229	 51.549229	 51.549229	 51.549229	 51.549229	 51.549229	 51.549229	 51.549229	 51.549229	 51.549229	 51.549229	 51.549229	 51.549229	 51.549229	 51.549229	 51.549229	 51.549229	 51.549229	 51.549229	 51.549229	 51.549229	 51.549229	 51.549229	 51.549229	 51.549229	 51.549229	 51.549229	 51.549229	 51.549229	 51.549229	 51.549229	 51.549229	 51.549229	 51.549229	 51.549229	 51.549229	 51.549229	 51.549229	 51.549229	 51.549229	 51.549229	 51.549229	 51.549229	 51.549229	 51.549229	 51.549229	 51.549229	 51.549229	 51.549229	 51.549229	 51.549229	 51.549229	 51.549229	 51.549229	 51.549229	 51.549229	 51.549229	 51.549229	 51.549229	 51.549229	 51.549229	 51.549229	 51.549229	 51.549229	 51.549229	 51.549229	 51.549229	 51.549229	 51.549229	 51.549229	 51.549229	 51.549229	
        99	 96.765174	 94.537396	 92.323649	 90.130781	 87.965448	 85.834045	 83.742657	 81.697005	 79.702396	  77.76369	 75.885259	 74.070967	 72.324147	 70.647591	 69.043542	 67.513701	 66.059229	 64.680771	 63.378466	 62.151983	 61.000542	 59.922955	 58.917657	 57.982751	 57.116041	 56.315081	 55.577208	 54.899591	 54.279264	 53.713167	 53.198182	 52.731165	 52.308977	 51.928512	 51.586723	  51.28064	 51.007393	 50.764223	 50.548498	 50.357719	 50.189529	 50.041718	 49.912222	 49.799128	 49.700665	  49.61521	 49.541274	 49.477506	 49.422677	 49.375683	 49.335528	 49.301325	 49.272282	 49.247697	 49.226951	 49.209498	 49.194862	 49.182626	 49.172428	 49.163955	 49.156938	 49.151143	 49.146373	 49.142459	 49.139257	 49.136646	 49.134523	 49.132802	 49.131412	 49.130292	 49.129392	 49.128672	 49.128098	 49.127641	 49.127278	 49.126991	 49.126765	 49.126588	 49.126448	  49.12634	 49.126255	 49.126189	 49.126138	 49.126099	 49.126069	 49.126046	 49.126028	 49.126014	 49.126004	 49.125996	 49.125991	 49.125986	 49.125983	  49.12598	 49.125978	 49.125977	 49.125976	 49.125975	 49.125975	 49.125974	 49.125974	 49.125974	 49.125974	 49.125974	 49.125973	 49.125973	 49.125973	 49.125973	 49.125973	 49.125973	 49.125973	 49.125973	 49.125973	 49.125973	 49.125973	 49.125973	 49.125973	 49.125973	 49.125973	 49.125973	 49.125973	 49.125973	 49.125973	 49.125973	 49.125973	 49.125973	 49.125973	 49.125973	 49.125973	 49.125973	 49.125973	 49.125973	 49.125973	 49.125973	 49.125973	 49.125973	 49.125973	 49.125973	 49.125973	 49.125973	 49.125973	 49.125973	 49.125973	 49.125973	 49.125973	 49.125973	 49.125973	 49.125973	 49.125973	 49.125973	 49.125973	 49.125973	 49.125973	 49.125973	 49.125973	 49.125973	 49.125973	 49.125973	 49.125973	 49.125973	 49.125973	 49.125973	 49.125973	 49.125973	 49.125973	 49.125973	 49.125973	 49.125973	 49.125973	 49.125973	 49.125973	 49.125973	 49.125973	 49.125973	 49.125973	 49.125973	 49.125973	 49.125973	 49.125973	 49.125973	 49.125973	 49.125973	 49.125973	 49.125973	 49.125973	 49.125973	 49.125973	 49.125973	 49.125973	 49.125973	 49.125973	 49.125973	 49.125973	 49.125973	 49.125973	 49.125973	 49.125973	 49.125973	 49.125973	
        99	 96.661939	 94.331251	 92.015243	 89.721078	  87.45572	  85.22586	 83.037863	 80.897714	 78.810967	 76.782704	 74.817501	 72.919401	 71.091889	 69.337886	  67.65974	 66.059229	 64.537571	 63.095436	 61.732973	 60.449833	 59.245203	 58.117838	 57.066102	 56.088009	 55.181263	 54.343303	 53.571345	 52.862426	 52.213444	 51.621197	 51.082423	 50.593833	 50.152142	 49.754103	 49.396525	 49.076303	 48.790434	 48.536031	  48.31034	 48.110748	 47.934789	  47.78015	 47.644673	 47.526354	 47.423343	  47.33394	 47.256589	 47.189875	 47.132514	 47.083348	 47.041339	 47.005556	 46.975171	 46.949451	 46.927746	 46.909488	 46.894175	 46.881374	 46.870705	 46.861841	 46.854499	 46.848436	 46.843446	 46.839351	 46.836001	  46.83327	 46.831048	 46.829248	 46.827794	 46.826622	 46.825681	 46.824928	 46.824327	 46.823848	 46.823469	 46.823169	 46.822932	 46.822747	 46.822601	 46.822487	 46.822399	  46.82233	 46.822277	 46.822236	 46.822204	  46.82218	 46.822161	 46.822147	 46.822136	 46.822128	 46.822122	 46.822117	 46.822114	 46.822111	 46.822109	 46.822108	 46.822107	 46.822106	 46.822106	 46.822105	 46.822105	 46.822105	 46.822104	 46.822104	 46.822104	 46.822104	 46.822104	 46.822104	 46.822104	 46.822104	 46.822104	 46.822104	 46.822104	 46.822104	 46.822104	 46.822104	 46.822104	 46.822104	 46.822104	 46.822104	 46.822104	 46.822104	 46.822104	 46.822104	 46.822104	 46.822104	 46.822104	 46.822104	 46.822104	 46.822104	 46.822104	 46.822104	 46.822104	 46.822104	 46.822104	 46.822104	 46.822104	 46.822104	 46.822104	 46.822104	 46.822104	 46.822104	 46.822104	 46.822104	 46.822104	 46.822104	 46.822104	 46.822104	 46.822104	 46.822104	 46.822104	 46.822104	 46.822104	 46.822104	 46.822104	 46.822104	 46.822104	 46.822104	 46.822104	 46.822104	 46.822104	 46.822104	 46.822104	 46.822104	 46.822104	 46.822104	 46.822104	 46.822104	 46.822104	 46.822104	 46.822104	 46.822104	 46.822104	 46.822104	 46.822104	 46.822104	 46.822104	 46.822104	 46.822104	 46.822104	 46.822104	 46.822104	 46.822104	 46.822104	 46.822104	 46.822104	 46.822104	 46.822104	 46.822104	 46.822104	 46.822104	 46.822104	 46.822104	 46.822104	 46.822104	 46.822104	 46.822104	 46.822104	 46.822104	
