Time step 61:
        99	        99	        99	        99	        99	        99	        99	        99	        99	        99	        99	        99	        99	        99	        99	        99	        99	        99	        99	        99	        99	        99	        99	        99	        99	        99	        99	        99	        99	        99	        99	        99	        99	        99	        99	        99	        99	        99	        99	        99	        99	        99	        99	        99	        99	        99	        99	        99	        99	        99	        99	        99	        99	        99	        99	        99	        99	        99	        99	        99	        99	        99	        99	        99	        99	        99	        99	        99	        99	        99	        99	        99	        99	        99	        99	        99	        99	        99	        99	        99	        99	        99	        99	        99	        99	        99	        99	        99	        99	        99	        99	        99	        99	        99	        99	        99	        99	        99	        99	        99	        99	        99	        99	        99	        99	        99	        99	        99	        99	        99	        99	        99	        99	        99	        99	        99	        99	        99	        99	        99	        99	        99	        99	        99	        99	        99	        99	        99	        99	        99	        99	        99	        99	        99	        99	        99	        99	        99	        99	        99	        99	        99	        99	        99	        99	        99	        99	        99	        99	        99	        99	        99	        99	        99	        99	        99	        99	        99	        99	        99	        99	        99	        99	        99	        99	        99	        99	        99	        99	        99	        99	        99	        99	        99	        99	        99	        99	        99	        99	        99	        99	        99	        99	        99	        99	        99	        99	        99	        99	        99	        99	        99	        99	        99	        99	        99	        99	        99	        99	        99	
        99	 98.989591	 98.979184	 98.968781	 98.958385	 98.947997	  98.93762	 98.927256	 98.916907	 98.906575	 98.896262	 98.885971	 98.875703	  98.86546	 98.855245	  98.84506	 98.834906	 98.824786	 98.814701	 98.804654	 98.794646	  98.78468	 98.774756	 98.764878	 98.755047	 98.745264	 98.735532	 98.725853	 98.716227	 98.706657	 98.697144	  98.68769	 98.678296	 98.668965	 98.659697	 98.650494	 98.641357	 98.632288	 98.623289	  98.61436	 98.605502	 98.596718	 98.588008	 98.579374	 98.570816	 98.562335	 98.553933	 98.545611	 98.537369	 98.529209	 98.521131	 98.513137	 98.505226	   98.4974	 98.489659	 98.482005	 98.474437	 98.466956	 98.459563	 98.452258	 98.445042	 98.437915	 98.430878	  98.42393	 98.417072	 98.410305	 98.403627	 98.397041	 98.390545	  98.38414	 98.377826	 98.371603	  98.36547	 98.359429	 98.353477	 98.347617	 98.341846	 98.336166	 98.330576	 98.325075	 98.319663	  98.31434	 98.309106	  98.30396	 98.298901	  98.29393	 98.289046	 98.284247	 98.279535	 98.274907	 98.270364	 98.265905	 98.261529	 98.257236	 98.253024	 98.248894	 98.244844	 98.240874	 98.236983	 98.233171	 98.229435	 98.225776	 98.222193	 98.218685	 98.215251	 98.211891	 98.208602	 98.205385	 98.202239	 98.199162	 98.196155	 98.193215	 98.190341	 98.187534	 98.184792	 98.182115	   98.1795	 98.176947	 98.174456	 98.172026	 98.169654	 98.167341	 98.165086	 98.162887	 98.160743	 98.158655	  98.15662	 98.154638	 98.152707	 98.150828	 98.148998	 98.147218	 98.145485	   98.1438	 98.142161	 98.140568	 98.139019	 98.137514	 98.136051	 98.134631	 98.133251	 98.131912	 98.130612	 98.129351	 98.128127	 98.126941	  98.12579	 98.124675	 98.123594	 98.122548	 98.121534	 98.120553	 98.119603	 98.118685	 98.117796	 98.116938	 98.116108	 98.115306	 98.114532	 98.113785	 98.113064	 98.112369	 98.111699	 98.111054	 98.110433	 98.109836	 98.109261	 98.108709	 98.108179	  98.10767	 98.107182	 98.106715	 98.106268	 98.105841	 98.105433	 98.105044	 98.104674	 98.104321	 98.103987	  98.10367	  98.10337	 98.103087	 98.102821	 98.102571	 98.102337	 98.102118	 98.101916	 98.101728	 98.101556	 98.101399	 98.101257	 98.101129	 98.101016	 98.100917	 98.100833	 98.100763	 98.100707	 98.100665	 98.100637	 98.100623	
        99	 98.979184	 98.958372	 98.937568	 98.916778	 98.896005	 98.875253	 98.854527	 98.833831	 98.813169	 98.792546	 98.771965	 98.751431	 98.730948	  98.71052	 98.690152	 98.669846	 98.649608	  98.62944	 98.609348	 98.589334	 98.569404	 98.549559	 98.529805	 98.510145	 98.490582	  98.47112	 98.451762	 98.432512	 98.413374	  98.39435	 98.375444	 98.356659	 98.337998	 98.319464	  98.30106	 98.282788	 98.264653	 98.246655	 98.228799	 98.211087	  98.19352	 98.176102	 98.158834	  98.14172	 98.124761	 98.107959	 98.091316	 98.074834	 98.058516	 98.042362	 98.026374	 98.010554	 97.994904	 97.979424	 97.964117	 97.948982	 97.934022	 97.919238	  97.90463	 97.890199	 97.875947	 97.861873	 97.847979	 97.834265	 97.820731	 97.807378	 97.794207	 97.781216	 97.768408	 97.755781	 97.743336	 97.731072	  97.71899	 97.707089	 97.695368	 97.683829	 97.672469	  97.66129	 97.650289	 97.639467	 97.628822	 97.618355	 97.608064	 97.597948	 97.588006	 97.578238	 97.568643	 97.559218	 97.549964	 97.540879	 97.531962	 97.523211	 97.514625	 97.506203	 97.497944	 97.489845	 97.481906	 97.474125	   97.4665	  97.45903	 97.451713	 97.444548	 97.437532	 97.430665	 97.423944	 97.417368	 97.410935	 97.404643	 97.398491	 97.392475	 97.386596	 97.380851	 97.375237	 97.369754	 97.364398	  97.35917	 97.354065	 97.349083	 97.344222	  97.33948	 97.334855	 97.330344	 97.325947	 97.321661	 97.317484	 97.313414	  97.30945	  97.30559	 97.301831	 97.298172	 97.294612	 97.291147	 97.287777	   97.2845	 97.281314	 97.278216	 97.275206	 97.272281	 97.269441	 97.266682	 97.264004	 97.261404	 97.258882	 97.256435	 97.254062	 97.251761	 97.249531	  97.24737	 97.245277	  97.24325	 97.241288	 97.239389	 97.237552	 97.235775	 97.234058	 97.232398	 97.230795	 97.229247	 97.227753	 97.226312	 97.224922	 97.223583	 97.222292	  97.22105	 97.219855	 97.218706	 97.217602	 97.216542	 97.215525	  97.21455	 97.213616	 97.212722	 97.211867	 97.211052	 97.210274	 97.209533	 97.208828	 97.208159	 97.207526	 97.206926	  97.20636	 97.205827	 97.205327	 97.204859	 97.204423	 97.204017	 97.203643	 97.203299	 97.202984	   97.2027	 97.202444	 97.202218	 97.202021	 97.201852	 97.201711	 97.201599	 97.201515	 97.201459	 97.201431	
        99	 98.968781	 98.937568	 98.906369	 98.875188	 98.844034	 98.812912	 98.781828	 98.750789	 98.719802	 98.688872	 98.658007	 98.627211	 98.596492	 98.565856	 98.535308	 98.504855	 98.474502	 98.444256	 98.414123	 98.384108	 98.354217	 98.324455	 98.294829	 98.265344	 98.236004	 98.206816	 98.177785	 98.148916	 98.120213	 98.091682	 98.063328	 98.035155	 98.007168	 97.979372	  97.95177	 97.924368	 97.897169	 97.870178	 97.843398	 97.816834	 97.790488	 97.764366	 97.738469	 97.712802	 97.687367	 97.662169	 97.637209	 97.612491	 97.588017	  97.56379	 97.539813	 97.516087	 97.492616	   97.4694	 97.446443	 97.423745	 97.401309	 97.379137	 97.357228	 97.335586	 97.314211	 97.293104	 97.272267	 97.251699	 97.231402	 97.211376	 97.191622	  97.17214	  97.15293	 97.133993	 97.115328	 97.096936	 97.078816	 97.060967	  97.04339	 97.026084	 97.009048	 96.992281	 96.975783	 96.959552	 96.943588	  96.92789	 96.912455	 96.897284	 96.882375	 96.867725	 96.853334	   96.8392	 96.825321	 96.811696	 96.798322	 96.785198	 96.772322	 96.759691	 96.747304	 96.735158	 96.723252	 96.711582	 96.700147	 96.688943	  96.67797	 96.667224	 96.656703	 96.646404	 96.636324	 96.626462	 96.616814	 96.607377	  96.59815	 96.589129	 96.580311	 96.571695	 96.563276	 96.555052	 96.547021	 96.539179	 96.531524	 96.524052	 96.516762	  96.50965	 96.502713	 96.495948	 96.489353	 96.482925	 96.476661	 96.470557	 96.464612	 96.458823	 96.453186	 96.447699	 96.442359	 96.437163	 96.432109	 96.427194	 96.422415	  96.41777	 96.413255	 96.408869	 96.404608	 96.400471	 96.396454	 96.392556	 96.388773	 96.385103	 96.381544	 96.378094	 96.374749	 96.371509	  96.36837	  96.36533	 96.362387	 96.359539	 96.356784	 96.354119	 96.351544	 96.349055	  96.34665	 96.344329	 96.342088	 96.339927	 96.337842	 96.335834	 96.333899	 96.332036	 96.330244	  96.32852	 96.326864	 96.325274	 96.323749	 96.322286	 96.320885	 96.319545	 96.318264	  96.31704	 96.315874	 96.314763	 96.313706	 96.312703	 96.311752	 96.310853	 96.310004	 96.309205	 96.308455	 96.307753	 96.307099	 96.306491	 96.305929	 96.305413	 96.304941	 96.304514	 96.304131	 96.303792	 96.303496	 96.303243	 96.303032	 96.302864	 96.302738	 96.302654	 96.302612	
        99	 98.958385	 98.916778	 98.875188	 98.833625	 98.792095	 98.750609	 98.709174	 98.667799	 98.626493	 98.585263	 98.544119	 98.503068	 98.462119	 98.421281	  98.38056	 98.339966	 98.299505	 98.259187	 98.219019	 98.179009	 98.139164	 98.099491	 98.059999	 98.020695	 97.981585	 97.942677	 97.903978	 97.865495	 97.827234	 97.789202	 97.751405	  97.71385	 97.676544	 97.639491	 97.602698	  97.56617	 97.529914	 97.493934	 97.458237	 97.422826	 97.387707	 97.352885	 97.318365	  97.28415	 97.250246	 97.216656	 97.183384	 97.150434	  97.11781	 97.085516	 97.053554	 97.021927	 96.990639	 96.959693	  96.92909	 96.898834	 96.868927	  96.83937	 96.810167	 96.781317	 96.752824	 96.724688	 96.696911	 96.669494	 96.642438	 96.615744	 96.589411	 96.563442	 96.537835	 96.512592	 96.487711	 96.463194	 96.439039	 96.415247	 96.391816	 96.368747	 96.346037	 96.323687	 96.301695	 96.280059	 96.258779	 96.237853	 96.217279	 96.197056	 96.177181	 96.157653	  96.13847	 96.119629	 96.101128	 96.082966	 96.065138	 96.047644	 96.030479	 96.013643	  95.99713	  95.98094	 95.965068	 95.949512	 95.934269	 95.919335	 95.904707	 95.890383	 95.876358	 95.862629	 95.849193	 95.836046	 95.823185	 95.810607	 95.798306	 95.786281	 95.774527	 95.763041	 95.751819	 95.740856	  95.73015	 95.719697	 95.709493	 95.699533	 95.689815	 95.680334	 95.671087	  95.66207	 95.653279	  95.64471	  95.63636	 95.628224	 95.620299	 95.612581	 95.605067	 95.597753	 95.590635	 95.583709	 95.576972	  95.57042	 95.564049	 95.557857	 95.551839	 95.545993	 95.540313	 95.534798	 95.529444	 95.524247	 95.519204	 95.514313	 95.509569	 95.504969	 95.500511	 95.496191	 95.492006	 95.487954	 95.484031	 95.480235	 95.476563	 95.473011	 95.469577	 95.466259	 95.463054	  95.45996	 95.456973	 95.454092	 95.451313	 95.448636	 95.446056	 95.443573	 95.441184	 95.438887	 95.436679	  95.43456	 95.432526	 95.430577	 95.428709	 95.426923	 95.425215	 95.423584	 95.422029	 95.420548	 95.419139	 95.417802	 95.416535	 95.415336	 95.414204	 95.413139	  95.41214	 95.411204	 95.410331	 95.409521	 95.408772	 95.408084	 95.407456	 95.406887	 95.406376	 95.405924	 95.405529	 95.405192	 95.404911	 95.404687	 95.404519	 95.404407	 95.404351	
        99	 98.947997	 98.896005	 98.844034	 98.792095	   98.7402	 98.688358	  98.63658	 98.584878	 98.533261	  98.48174	 98.430325	 98.379028	 98.327858	 98.276825	  98.22594	 98.175213	 98.124653	 98.074271	 98.024077	 97.974079	 97.924288	 97.874713	 97.825363	 97.776248	 97.727376	 97.678756	 97.630398	 97.582308	 97.534497	 97.486972	 97.439741	 97.392812	 97.346193	 97.299891	 97.253914	 97.208269	 97.162963	 97.118002	 97.073394	 97.029144	 96.985259	 96.941745	 96.898608	 96.855853	 96.813486	 96.771511	 96.729934	  96.68876	 96.647993	 96.607637	 96.567697	 96.528176	 96.489079	 96.450407	 96.412166	 96.374358	 96.336985	 96.300051	 96.263558	 96.227507	 96.191902	 96.156743	 96.122032	 96.087772	 96.053962	 96.020604	 95.987699	 95.955247	 95.923249	 95.891704	 95.860613	 95.829976	 95.799792	 95.770061	 95.740782	 95.711954	 95.683576	 95.655647	 95.628165	 95.601129	 95.574537	 95.548388	 95.522678	 95.497407	 95.472571	 95.448169	 95.424197	 95.400653	 95.377535	 95.354838	 95.332561	   95.3107	 95.289251	 95.268211	 95.247578	 95.227346	 95.207512	 95.188073	 95.169025	 95.150364	 95.132085	 95.114185	 95.096659	 95.079503	 95.062713	 95.046285	 95.030214	 95.014495	 94.999125	 94.984098	  94.96941	 94.955057	 94.941033	 94.927334	 94.913956	 94.900894	 94.888142	 94.875697	 94.863553	 94.851705	  94.84015	 94.828882	 94.817897	 94.807189	 94.796754	 94.786588	 94.776685	 94.767041	 94.757651	 94.748511	 94.739616	 94.730961	 94.722542	 94.714355	 94.706394	 94.698656	 94.691136	  94.68383	 94.676733	 94.669842	 94.663151	 94.656657	 94.650356	 94.644243	 94.638314	 94.632567	 94.626996	 94.621598	 94.616369	 94.611305	 94.606403	 94.601659	  94.59707	 94.592631	 94.588341	 94.584195	  94.58019	 94.576323	  94.57259	  94.56899	 94.565518	 94.562172	 94.558949	 94.555846	  94.55286	  94.54999	 94.547231	 94.544583	 94.542041	 94.539605	 94.537272	 94.535039	 94.532905	 94.530867	 94.528924	 94.527073	 94.525313	 94.523642	 94.522058	  94.52056	 94.519146	 94.517815	 94.516566	 94.515397	 94.514306	 94.513294	 94.512358	 94.511498	 94.510713	 94.510002	 94.509364	 94.508799	 94.508306	 94.507884	 94.507533	 94.507253	 94.507043	 94.506903	 94.506833	
        99	  98.93762	 98.875253	 98.812912	 98.750609	 98.688358	 98.626171	 98.564062	 98.502042	 98.440125	 98.378324	  98.31665	 98.255116	 98.193735	 98.132519	  98.07148	 98.010631	 97.949982	 97.889547	 97.829336	 97.769362	 97.709635	 97.650168	 97.590971	 97.532054	  97.47343	 97.415109	   97.3571	 97.299415	 97.242063	 97.185054	 97.128399	 97.072105	 97.016184	 96.960643	 96.905491	 96.850738	 96.796391	 96.742459	 96.688949	  96.63587	 96.583228	 96.531031	 96.479286	 96.427999	 96.377178	 96.326827	 96.276954	 96.227564	 96.178662	 96.130253	 96.082343	 96.034936	 95.988037	 95.941649	 95.895777	 95.850424	 95.805594	 95.761289	 95.717514	  95.67427	 95.631559	 95.589385	 95.547748	 95.506651	 95.466095	  95.42608	 95.386609	 95.347682	 95.309298	 95.271459	 95.234164	 95.197414	 95.161207	 95.125543	 95.090421	 95.055841	   95.0218	 94.988298	 94.955332	 94.922901	 94.891003	 94.859635	 94.828796	 94.798482	  94.76869	 94.739418	 94.710663	 94.682421	  94.65469	 94.627464	 94.600742	 94.574518	 94.548789	 94.523551	   94.4988	 94.474531	  94.45074	 94.427422	 94.404573	 94.382188	 94.360261	 94.338789	 94.317766	 94.297187	 94.277047	 94.257341	 94.238063	 94.219207	  94.20077	 94.182745	 94.165126	 94.147908	 94.131086	 94.114654	 94.098606	 94.082937	 94.067641	 94.052712	 94.038145	 94.023934	 94.010073	 93.996556	 93.983379	 93.970534	 93.958017	 93.945822	 93.933943	 93.922374	 93.911111	 93.900147	 93.889477	 93.879095	 93.868997	 93.859176	 93.849627	 93.840344	 93.831324	  93.82256	 93.814047	  93.80578	 93.797754	 93.789964	 93.782405	 93.775073	 93.767962	 93.761067	 93.754384	 93.747909	 93.741636	 93.735562	 93.729682	 93.723992	 93.718487	 93.713163	 93.708016	 93.703043	 93.698238	   93.6936	 93.689123	 93.684803	 93.680639	 93.676625	 93.672759	 93.669037	 93.665455	 93.662012	 93.658703	 93.655526	 93.652478	 93.649555	 93.646757	 93.644078	 93.641518	 93.639074	 93.636742	 93.634522	 93.632411	 93.630406	 93.628507	  93.62671	 93.625014	 93.623418	 93.621919	 93.620516	 93.619208	 93.617994	 93.616871	  93.61584	 93.614898	 93.614045	  93.61328	 93.612602	  93.61201	 93.611504	 93.611083	 93.610747	 93.610495	 93.610328	 93.610244	
        99	 98.927256	 98.854527	 98.781828	 98.709174	  98.63658	 98.564062	 98.491633	 98.419309	 98.347105	 98.275036	 98.203115	 98.131358	 98.059779	 97.988392	 97.917212	 97.846253	 97.775528	 97.705051	 97.634837	 97.564899	 97.495249	 97.425901	 97.356869	 97.288164	   97.2198	 97.151788	 97.084142	 97.016873	 96.949992	 96.883512	 96.817443	 96.751797	 96.686584	 96.621815	 96.557501	  96.49365	 96.430274	 96.367381	 96.304981	 96.243083	 96.181695	 96.120826	 96.060484	 96.000676	 95.941411	 95.882695	 95.824536	  95.76694	 95.709913	 95.653461	 95.597591	 95.542308	 95.487616	 95.433522	 95.380028	  95.32714	 95.274862	 95.223197	 95.172148	 95.121719	 95.071913	 95.022731	 94.974177	 94.926252	 94.878957	 94.832295	 94.786265	  94.74087	  94.69611	 94.651984	 94.608493	 94.565636	 94.523414	 94.481825	 94.440868	 94.400542	 94.360845	 94.321777	 94.283334	 94.245515	 94.208317	 94.171738	 94.135774	 94.100424	 94.065683	 94.031548	 93.998015	 93.965081	 93.932742	 93.900993	 93.869831	  93.83925	 93.809247	 93.779816	 93.750952	 93.722651	 93.694907	 93.667715	  93.64107	 93.614965	 93.589396	 93.564356	  93.53984	 93.515842	 93.492356	 93.469376	 93.446894	 93.424907	 93.403406	 93.382386	  93.36184	 93.341761	 93.322145	 93.302982	 93.284268	 93.265996	 93.248158	 93.230749	 93.213762	 93.197189	 93.181025	 93.165263	 93.149896	 93.134918	 93.120321	   93.1061	 93.092247	 93.078757	 93.065622	 93.052836	 93.040393	 93.028287	  93.01651	 93.005058	 92.993922	 92.983098	 92.972579	 92.962358	 92.952431	 92.942791	 92.933431	 92.924347	 92.915533	 92.906982	 92.898689	 92.890649	 92.882856	 92.875305	  92.86799	 92.860907	  92.85405	 92.847414	 92.840994	 92.834786	 92.828784	 92.822984	 92.817382	 92.811972	 92.806751	 92.801715	 92.796858	 92.792177	 92.787669	 92.783328	 92.779152	 92.775136	 92.771278	 92.767573	 92.764018	  92.76061	 92.757346	 92.754223	 92.751238	 92.748387	 92.745668	 92.743079	 92.740617	  92.73828	 92.736064	 92.733969	 92.731992	  92.73013	 92.728382	 92.726747	 92.725221	 92.723805	 92.722496	 92.721293	 92.720195	   92.7192	 92.718308	 92.717517	 92.716827	 92.716237	 92.715746	 92.715354	 92.715061	 92.714865	 92.714767	
        99	 98.916907	 98.833831	 98.750789	 98.667799	 98.584878	 98.502042	 98.419309	 98.336696	  98.25422	 98.171897	 98.089745	 98.007779	 97.926017	 97.844474	 97.763167	 97.682113	 97.601326	 97.520823	  97.44062	 97.360731	 97.281173	 97.201959	 97.123105	 97.044626	 96.966536	 96.888849	 96.811579	 96.734739	 96.658344	 96.582406	 96.506938	 96.431952	 96.357462	 96.283479	 96.210014	  96.13708	 96.064687	 95.992847	  95.92157	 95.850865	 95.780744	 95.711215	 95.642288	 95.573972	 95.506275	 95.439206	 95.372773	 95.306983	 95.241843	  95.17736	 95.113542	 95.050393	 94.987921	  94.92613	 94.865026	 94.804614	 94.744898	 94.685883	 94.627572	 94.569969	 94.513076	 94.456898	 94.401436	 94.346692	 94.292669	 94.239369	 94.186791	 94.134938	 94.083809	 94.033405	 93.983727	 93.934773	 93.886544	 93.839038	 93.792255	 93.746192	 93.700848	 93.656221	 93.612309	  93.56911	  93.52662	 93.484837	 93.443757	 93.403377	 93.363693	 93.324702	 93.286399	 93.248779	 93.211839	 93.175574	 93.139978	 93.105047	 93.070775	 93.037157	 93.004187	 92.971859	 92.940168	 92.909108	 92.878672	 92.848853	 92.819647	 92.791045	 92.763041	 92.735629	 92.708801	 92.682551	 92.656872	 92.631756	 92.607196	 92.583186	 92.559717	 92.536782	 92.514374	 92.492486	 92.471109	 92.450237	 92.429862	 92.409976	 92.390572	 92.371642	 92.353179	 92.335174	 92.317621	 92.300511	 92.283838	 92.267593	  92.25177	  92.23636	 92.221357	 92.206752	 92.192539	 92.178711	 92.165259	 92.152176	 92.139457	 92.127093	 92.115077	 92.103403	 92.092063	 92.081051	  92.07036	 92.059984	 92.049915	 92.040147	 92.030675	 92.021491	 92.012589	 92.003964	 91.995609	 91.987518	 91.979685	 91.972105	 91.964772	  91.95768	 91.950825	   91.9442	 91.937801	 91.931621	 91.925658	 91.919904	 91.914357	  91.90901	  91.90386	 91.898902	 91.894132	 91.889545	 91.885137	 91.880905	 91.876845	 91.872952	 91.869224	 91.865656	 91.862246	  91.85899	 91.855885	 91.852927	 91.850115	 91.847445	 91.844914	 91.842521	 91.840262	 91.838136	 91.836139	 91.834271	 91.832529	 91.830911	 91.829416	 91.828042	 91.826787	 91.825651	 91.824632	 91.823728	  91.82294	 91.822266	 91.821706	 91.821258	 91.820923	 91.820699	 91.820588	
        99	 98.906575	 98.813169	 98.719802	 98.626493	 98.533261	 98.440125	 98.347105	  98.25422	 98.161489	  98.06893	 97.976562	 97.884405	 97.792476	 97.700794	 97.609378	 97.518244	 97.427413	   97.3369	 97.246724	 97.156902	 97.067451	 96.978388	 96.889729	 96.801492	 96.713692	 96.626345	 96.539467	 96.453073	 96.367178	 96.281798	 96.196946	 96.112637	 96.028884	 95.945702	 95.863103	   95.7811	 95.699706	 95.618933	 95.538792	 95.459297	 95.380456	 95.302282	 95.224785	 95.147974	  95.07186	 94.996451	 94.921757	 94.847786	 94.774547	 94.702047	 94.630293	 94.559292	 94.489052	 94.419578	 94.350877	 94.282953	 94.215812	 94.149458	 94.083897	 94.019131	 93.955165	 93.892001	 93.829643	 93.768092	 93.707352	 93.647424	 93.588308	 93.530007	 93.472521	 93.415851	 93.359995	 93.304955	 93.250728	 93.197315	 93.144715	 93.092924	 93.041942	 92.991766	 92.942395	 92.893824	  92.84605	 92.799072	 92.752884	 92.707483	 92.662865	 92.619025	  92.57596	 92.533663	 92.492129	 92.451355	 92.411333	 92.372058	 92.333525	 92.295727	 92.258657	  92.22231	 92.186679	 92.151756	 92.117535	 92.084009	 92.051171	 92.019013	 91.987527	 91.956706	 91.926543	 91.897029	 91.868157	 91.839918	 91.812304	 91.785308	 91.758921	 91.733134	  91.70794	  91.68333	 91.659296	 91.635829	  91.61292	 91.590562	 91.568745	 91.547461	 91.526701	 91.506458	 91.486722	 91.467485	 91.448739	 91.430474	 91.412684	 91.395358	 91.378489	 91.362068	 91.346088	  91.33054	 91.315415	 91.300706	 91.286405	 91.272503	 91.258994	 91.245868	 91.233118	 91.220737	 91.208717	  91.19705	 91.185729	 91.174748	 91.164097	 91.153771	 91.143763	 91.134065	 91.124671	 91.115574	 91.106767	 91.098245	     91.09	 91.082026	 91.074318	  91.06687	 91.059675	 91.052727	 91.046022	 91.039553	 91.033316	 91.027305	 91.021514	  91.01594	 91.010576	 91.005419	 91.000463	 90.995705	  90.99114	 90.986763	 90.982571	  90.97856	 90.974726	 90.971065	 90.967573	 90.964248	 90.961086	 90.958084	 90.955239	 90.952548	 90.950008	 90.947617	 90.945372	 90.943272	 90.941313	 90.939494	 90.937813	 90.936268	 90.934857	  90.93358	 90.932434	 90.931419	 90.930532	 90.929775	 90.929144	 90.928641	 90.928264	 90.928013	 90.927887	
        99	 98.896262	 98.792546	 98.688872	 98.585263	  98.48174	 98.378324	 98.275036	 98.171897	  98.06893	 97.966154	  97.86359	  97.76126	 97.659183	 97.557381	 97.455874	 97.354681	 97.253823	 97.153319	 97.053189	 96.953452	 96.854127	 96.755232	 96.656787	  96.55881	 96.461318	 96.364329	 96.267861	 96.171931	 96.076555	  95.98175	 95.887531	 95.793916	 95.700918	 95.608553	 95.516837	 95.425782	 95.335403	 95.245714	 95.156728	 95.068457	 94.980913	  94.89411	 94.808058	 94.722769	 94.638253	  94.55452	 94.471581	 94.389445	 94.308121	 94.227618	 94.147943	 94.069106	 93.991112	 93.913969	 93.837684	 93.762262	  93.68771	 93.614032	 93.541233	 93.469318	 93.398291	 93.328155	 93.258913	 93.190569	 93.123124	  93.05658	  92.99094	 92.926203	 92.862371	 92.799445	 92.737424	 92.676308	 92.616096	 92.556787	  92.49838	 92.440873	 92.384263	 92.328549	 92.273727	 92.219794	 92.166748	 92.114583	 92.063297	 92.012885	 91.963341	 91.914663	 91.866843	 91.819877	 91.773759	 91.728484	 91.684044	 91.640434	 91.597647	 91.555677	 91.514515	 91.474156	 91.434591	 91.395814	 91.357816	 91.320589	 91.284126	 91.248417	 91.213456	 91.179233	  91.14574	 91.112969	 91.080909	 91.049553	 91.018892	 90.988915	 90.959616	 90.930983	 90.903008	 90.875681	 90.848994	 90.822936	 90.797498	 90.772672	 90.748447	 90.724813	 90.701763	 90.679285	  90.65737	  90.63601	 90.615194	 90.594914	 90.575159	 90.555921	  90.53719	 90.518957	 90.501212	 90.483948	 90.467154	 90.450821	 90.434941	 90.419505	 90.404504	 90.389929	 90.375772	 90.362024	 90.348677	 90.335723	 90.323152	 90.310958	 90.299132	 90.287667	 90.276553	 90.265785	 90.255354	 90.245253	 90.235474	 90.226011	 90.216856	 90.208002	 90.199443	 90.191172	 90.183183	 90.175469	 90.168023	 90.160841	 90.153915	  90.14724	  90.14081	  90.13462	 90.128665	 90.122938	 90.117436	 90.112152	 90.107083	 90.102223	 90.097569	 90.093115	 90.088857	 90.084792	 90.080915	 90.077223	 90.073712	 90.070378	 90.067219	 90.064231	 90.061411	 90.058756	 90.056264	 90.053931	 90.051756	 90.049736	  90.04787	 90.046154	 90.044588	 90.043169	 90.041897	 90.040769	 90.039786	 90.038944	 90.038244	 90.037685	 90.037267	 90.036988	 90.036848	
        99	 98.885971	 98.771965	 98.658007	 98.544119	 98.430325	  98.31665	 98.203115	 98.089745	 97.976562	  97.86359	 97.750852	  97.63837	 97.526167	 97.414265	 97.302688	 97.191456	 97.080592	 96.970118	 96.860054	 96.750422	 96.641243	 96.532538	 96.424327	  96.31663	 96.209466	 96.102856	 95.996817	  95.89137	 95.786532	 95.682322	 95.578756	 95.475854	  95.37363	 95.272102	 95.171287	 95.071199	 94.971854	 94.873267	 94.775453	 94.678425	 94.582197	 94.486782	 94.392193	 94.298443	 94.205542	 94.113503	 94.022336	 93.932051	  93.84266	  93.75417	 93.666591	 93.579932	 93.494201	 93.409406	 93.325552	 93.242648	   93.1607	 93.079713	 92.999692	 92.920643	 92.842569	 92.765475	 92.689365	  92.61424	 92.540104	 92.466959	 92.394806	 92.323647	 92.253483	 92.184314	  92.11614	 92.048961	 91.982776	 91.917583	 91.853382	 91.790169	 91.727944	 91.666702	 91.606442	 91.547159	  91.48885	  91.43151	 91.375136	 91.319722	 91.265264	 91.211756	 91.159193	 91.107567	 91.056874	 91.007107	 90.958259	 90.910323	 90.863291	 90.817157	 90.771912	 90.727549	 90.684059	 90.641435	 90.599667	 90.558747	 90.518666	 90.479416	 90.440986	 90.403368	 90.366553	  90.33053	  90.29529	 90.260823	  90.22712	  90.19417	 90.161963	  90.13049	 90.099739	 90.069702	 90.040367	 90.011724	 89.983763	 89.956473	 89.929845	 89.903867	  89.87853	 89.853822	 89.829733	 89.806254	 89.783373	 89.761081	 89.739366	 89.718219	  89.69763	 89.677588	 89.658083	 89.639106	 89.620646	 89.602693	 89.585238	  89.56827	 89.551781	  89.53576	 89.520199	 89.505087	 89.490416	 89.476176	 89.462359	 89.448955	 89.435956	 89.423353	 89.411137	   89.3993	 89.387834	 89.376731	 89.365982	  89.35558	 89.345517	 89.335785	 89.326377	 89.317286	 89.308504	 89.300024	  89.29184	 89.283945	 89.276332	 89.268995	 89.261927	 89.255123	 89.248577	 89.242282	 89.236234	 89.230427	 89.224854	 89.219513	 89.214396	   89.2095	  89.20482	 89.200352	  89.19609	 89.192032	 89.188173	 89.184508	 89.181036	 89.177751	 89.174651	 89.171733	 89.168993	  89.16643	 89.164039	 89.161819	 89.159767	 89.157881	 89.156159	   89.1546	 89.153202	 89.151962	  89.15088	 89.149956	 89.149186	 89.148572	 89.148112	 89.147805	 89.147652	
        99	 98.875703	 98.751431	 98.627211	 98.503068	 98.379028	 98.255116	 98.131358	 98.007779	 97.884405	  97.76126	  97.63837	 97.515759	 97.393453	 97.271475	  97.14985	 97.028602	 96.907755	 96.787333	 96.667358	 96.547855	 96.428845	 96.310351	 96.192396	    96.075	 95.958187	 95.841977	  95.72639	 95.611447	 95.497169	 95.383575	 95.270684	 95.158515	 95.047086	 94.936417	 94.826523	 94.717422	 94.609132	 94.501667	 94.395045	  94.28928	 94.184387	 94.080381	 93.977274	 93.875082	 93.773816	 93.673489	 93.574112	 93.475698	 93.378257	 93.281799	 93.186334	 93.091872	 92.998421	 92.905989	 92.814586	 92.724216	 92.634889	 92.546609	 92.459383	 92.373215	 92.288111	 92.204075	 92.121111	 92.039221	  91.95841	 91.878678	 91.800028	 91.722462	  91.64598	 91.570582	  91.49627	 91.423041	 91.350896	 91.279833	  91.20985	 91.140946	 91.073117	 91.006361	 90.940674	 90.876053	 90.812493	 90.749991	  90.68854	 90.628137	 90.568775	 90.510449	 90.453152	 90.396878	  90.34162	 90.287371	 90.234125	 90.181872	 90.130605	 90.080317	 90.030998	  89.98264	 89.935234	 89.888771	 89.843242	 89.798638	 89.754948	 89.712163	 89.670273	 89.629268	 89.589137	  89.54987	 89.511457	 89.473887	 89.437148	 89.401231	 89.366125	 89.331817	 89.298298	 89.265555	 89.233579	 89.202357	 89.171878	 89.142131	 89.113105	 89.084788	 89.057169	 89.030236	 89.003979	 88.978385	 88.953444	 88.929144	 88.905474	 88.882423	  88.85998	 88.838133	 88.816872	 88.796186	 88.776063	 88.756494	 88.737467	 88.718972	 88.700998	 88.683534	 88.666572	 88.650099	 88.634107	 88.618585	 88.603523	 88.588913	 88.574743	 88.561005	 88.547689	 88.534787	 88.522288	 88.510185	 88.498468	 88.487129	  88.47616	 88.465552	 88.455297	 88.445387	 88.435814	 88.426571	  88.41765	 88.409044	 88.400745	 88.392747	 88.385044	 88.377627	 88.370491	  88.36363	 88.357037	 88.350706	 88.344632	 88.338809	 88.333232	 88.327895	 88.322794	 88.317923	 88.313278	 88.308854	 88.304647	 88.300653	 88.296868	 88.293288	 88.289909	 88.286728	 88.283741	 88.280946	  88.27834	  88.27592	 88.273684	 88.271628	 88.269751	 88.268052	 88.266527	 88.265176	 88.263997	 88.262989	  88.26215	 88.261481	 88.260979	 88.260645	 88.260478	
        99	  98.86546	 98.730948	 98.596492	 98.462119	 98.327858	 98.193735	 98.059779	 97.926017	 97.792476	 97.659183	 97.526167	 97.393453	 97.261068	 97.129038	 96.997391	 96.866152	 96.735347	 96.605001	 96.475141	 96.345789	 96.216973	 96.088715	 95.961039	 95.833971	 95.707531	 95.581745	 95.456633	 95.332219	 95.208524	 95.085569	 94.963376	 94.841963	 94.721353	 94.601563	 94.482614	 94.364523	 94.247309	  94.13099	 94.015581	 93.901101	 93.787564	 93.674987	 93.563385	 93.452771	  93.34316	 93.234566	 93.127001	 93.020477	 92.915006	   92.8106	 92.707268	 92.605022	  92.50387	 92.403822	 92.304886	 92.207071	 92.110382	 92.014828	 91.920414	 91.827146	 91.735029	 91.644068	 91.554267	  91.46563	 91.378159	 91.291857	 91.206726	 91.122768	 91.039984	 90.958373	 90.877937	 90.798674	 90.720584	 90.643665	 90.567915	 90.493333	 90.419915	 90.347658	 90.276558	 90.206612	 90.137815	 90.070162	 90.003648	 89.938267	 89.874013	 89.810881	 89.748862	 89.687951	  89.62814	 89.569421	 89.511787	 89.455228	 89.399737	 89.345304	 89.291921	 89.239579	 89.188266	 89.137975	 89.088694	 89.040414	 88.993124	 88.946814	 88.901472	 88.857087	  88.81365	 88.771147	 88.729569	 88.688902	 88.649137	  88.61026	 88.572261	 88.535126	 88.498845	 88.463404	 88.428793	 88.394998	 88.362008	 88.329809	 88.298391	 88.267741	 88.237846	 88.208694	 88.180272	  88.15257	 88.125573	 88.099271	 88.073651	   88.0487	 88.024408	 88.000761	 87.977748	 87.955357	 87.933576	 87.912394	 87.891799	  87.87178	 87.852325	 87.833423	 87.815062	 87.797232	 87.779922	 87.763121	 87.746818	 87.731004	 87.715666	 87.700796	 87.686383	 87.672417	 87.658889	 87.645789	 87.633106	 87.620833	  87.60896	 87.597478	 87.586378	 87.575651	 87.565289	 87.555284	 87.545628	 87.536313	 87.527331	 87.518674	 87.510335	 87.502307	 87.494583	 87.487157	  87.48002	 87.473168	 87.466594	 87.460291	 87.454254	 87.448478	 87.442956	 87.437684	 87.432656	 87.427867	 87.423314	 87.418991	 87.414893	 87.411018	 87.407361	 87.403917	 87.400685	  87.39766	 87.394839	  87.39222	 87.389799	 87.387574	 87.385543	 87.383703	 87.382053	  87.38059	 87.379314	 87.378223	 87.377315	  87.37659	 87.376047	 87.375686	 87.375505	
        99	 98.855245	  98.71052	 98.565856	 98.421281	 98.276825	 98.132519	 97.988392	 97.844474	 97.700794	 97.557381	 97.414265	 97.271475	 97.129038	 96.986985	 96.845342	 96.704139	 96.563402	  96.42316	  96.28344	 96.144267	  96.00567	 95.867674	 95.730305	 95.593588	 95.457549	 95.322212	 95.187602	 95.053741	 94.920655	 94.788364	 94.656893	 94.526263	 94.396495	  94.26761	  94.13963	 94.012573	 93.886459	 93.761308	 93.637137	 93.513965	 93.391808	 93.270683	 93.150607	 93.031595	 92.913662	 92.796823	 92.681091	 92.566479	    92.453	 92.340667	  92.22949	  92.11948	 92.010649	 91.903005	 91.796557	 91.691314	 91.587285	 91.484475	 91.382893	 91.282544	 91.183433	 91.085566	 90.988947	 90.893579	 90.799467	 90.706613	 90.615019	 90.524686	 90.435616	 90.347809	 90.261266	 90.175985	 90.091966	 90.009207	 89.927706	 89.847461	 89.768468	 89.690725	 89.614227	  89.53897	  89.46495	  89.39216	 89.320596	 89.250251	 89.181119	 89.113193	 89.046466	  88.98093	 88.916578	   88.8534	  88.79139	 88.730537	 88.670833	 88.612267	 88.554831	 88.498514	 88.443306	 88.389196	 88.336174	 88.284228	 88.233348	 88.183521	 88.134737	 88.086982	 88.040247	 87.994517	 87.949782	 87.906028	 87.863243	 87.821415	  87.78053	 87.740576	  87.70154	 87.663409	 87.626169	 87.589808	 87.554313	 87.519671	 87.485867	 87.452889	 87.420724	 87.389359	  87.35878	 87.328974	 87.299928	 87.271628	 87.244063	 87.217218	 87.191081	 87.165639	 87.140879	 87.116788	 87.093353	 87.070563	 87.048404	 87.026865	 87.005933	 86.985595	 86.965841	 86.946657	 86.928033	 86.909956	 86.892416	   86.8754	 86.858898	 86.842899	 86.827392	 86.812366	  86.79781	 86.783715	  86.77007	 86.756865	  86.74409	 86.731736	 86.719793	 86.708252	 86.697104	 86.686339	  86.67595	 86.665928	 86.656263	 86.646949	 86.637977	  86.62934	  86.62103	 86.613039	 86.605361	 86.597988	 86.590915	 86.584133	 86.577638	 86.571423	 86.565482	  86.55981	   86.5544	 86.549248	 86.544349	 86.539697	 86.535289	 86.531119	 86.527184	  86.52348	 86.520002	 86.516747	 86.513712	 86.510894	 86.508289	 86.505895	  86.50371	  86.50173	 86.499955	 86.498381	 86.497008	 86.495834	 86.494858	 86.494078	 86.493493	 86.493104	  86.49291	
        99	  98.84506	 98.690152	 98.535308	  98.38056	  98.22594	  98.07148	 97.917212	 97.763167	 97.609378	 97.455874	 97.302688	  97.14985	 96.997391	 96.845342	 96.693733	 96.542594	 96.391955	 96.241845	 96.092293	 95.943328	 95.794979	 95.647273	 95.500238	 95.353902	  95.20829	 95.063431	 94.919349	 94.776069	 94.633618	  94.49202	 94.351297	 94.211475	 94.072577	 93.934623	 93.797638	 93.661641	 93.526653	 93.392696	 93.259788	 93.127949	 92.997196	 92.867549	 92.739024	 92.611638	 92.485407	 92.360346	 92.236471	 92.113795	 91.992331	 91.872093	 91.753094	 91.635344	 91.518854	 91.403636	 91.289699	 91.177051	 91.065701	 90.955658	 90.846928	 90.739517	 90.633433	 90.528679	 90.425262	 90.323184	  90.22245	 90.123062	 90.025023	 89.928334	 89.832997	 89.739012	 89.646379	 89.555097	 89.465166	 89.376584	 89.289349	 89.203457	 89.118907	 89.035693	 88.953813	  88.87326	 88.794031	  88.71612	  88.63952	 88.564226	 88.490229	 88.417524	 88.346101	 88.275954	 88.207074	 88.139452	 88.073078	 88.007943	 87.944038	 87.881351	 87.819874	 87.759594	 87.700502	 87.642585	 87.585831	 87.530231	  87.47577	 87.422437	  87.37022	 87.319106	 87.269082	 87.220134	 87.172251	 87.125419	 87.079623	 87.034852	  86.99109	 86.948325	 86.906542	 86.865728	 86.825868	 86.786949	 86.748956	 86.711876	 86.675694	 86.640396	 86.605968	 86.572395	 86.539664	 86.507761	 86.476671	 86.446381	 86.416876	 86.388142	 86.360166	 86.332933	 86.306431	 86.280645	 86.255562	 86.231168	  86.20745	 86.184395	  86.16199	 86.140221	 86.119077	 86.098543	 86.078609	  86.05926	 86.040485	 86.022272	 86.004609	 85.987485	 85.970886	 85.954803	 85.939223	 85.924136	 85.909531	 85.895397	 85.881723	   85.8685	 85.855717	 85.843363	 85.831431	 85.819909	 85.808789	 85.798061	 85.787716	 85.777747	 85.768144	 85.758899	 85.750004	 85.741451	 85.733232	 85.725341	  85.71777	 85.710511	 85.703559	 85.696907	 85.690548	 85.684476	 85.678686	 85.673171	 85.667927	 85.662949	  85.65823	 85.653767	 85.649555	  85.64559	 85.641867	 85.638384	 85.635135	 85.632118	  85.62933	 85.626768	 85.624429	  85.62231	  85.62041	 85.618725	 85.617256	 85.615999	 85.614954	 85.614119	 85.613494	 85.613077	 85.612869	
        99	 98.834906	 98.669846	 98.504855	 98.339966	 98.175213	 98.010631	 97.846253	 97.682113	 97.518244	 97.354681	 97.191456	 97.028602	 96.866152	 96.704139	 96.542594	 96.381551	 96.221039	 96.061092	 95.901739	 95.743012	 95.584941	 95.427555	 95.270885	 95.114958	 94.959804	 94.805451	 94.651927	 94.499258	 94.347472	 94.196593	 94.046649	 93.897664	 93.749663	 93.602669	 93.456706	 93.311796	 93.167963	 93.025227	 92.883609	 92.743129	 92.603809	 92.465665	 92.328717	 92.192983	  92.05848	 91.925223	 91.793229	 91.662514	  91.53309	 91.404973	 91.278175	 91.152708	 91.028585	 90.905816	 90.784411	 90.664381	 90.545735	  90.42848	 90.312624	 90.198175	 90.085138	  89.97352	 89.863325	 89.754558	 89.647222	 89.541321	 89.436857	 89.333831	 89.232246	 89.132102	 89.033398	 88.936135	  88.84031	 88.745923	  88.65297	  88.56145	 88.471359	 88.382692	 88.295445	 88.209614	 88.125193	 88.042176	 87.960556	 87.880327	 87.801481	 87.724011	 87.647909	 87.573164	  87.49977	 87.427716	 87.356992	 87.287589	 87.219496	 87.152702	 87.087195	 87.022965	     86.96	 86.898287	 86.837815	  86.77857	 86.720541	 86.663713	 86.608074	  86.55361	 86.500307	 86.448152	 86.397131	 86.347229	 86.298433	 86.250727	 86.204098	  86.15853	 86.114009	  86.07052	 86.028048	 85.986578	 85.946096	 85.906586	 85.868032	 85.830421	 85.793737	 85.757964	 85.723088	 85.689094	 85.655967	 85.623691	 85.592253	 85.561636	 85.531826	 85.502809	  85.47457	 85.447094	 85.420367	 85.394375	 85.369103	 85.344537	 85.320663	 85.297468	 85.274938	 85.253059	 85.231818	 85.211201	 85.191196	  85.17179	 85.152969	 85.134722	 85.117036	 85.099898	 85.083298	 85.067222	  85.05166	 85.036599	  85.02203	  85.00794	 84.994319	 84.981156	 84.968441	 84.956164	 84.944315	 84.932884	 84.921862	 84.911239	 84.901007	 84.891156	 84.881678	 84.872564	 84.863807	 84.855399	 84.847332	 84.839598	  84.83219	 84.825101	 84.818326	 84.811856	 84.805686	 84.799811	 84.794223	 84.788918	  84.78389	 84.779135	 84.774647	 84.770421	 84.766455	 84.762743	 84.759281	 84.756067	 84.753096	 84.750366	 84.747874	 84.745616	 84.743591	 84.741797	 84.740231	 84.738891	 84.737778	 84.736888	 84.736222	 84.735778	 84.735556	
        99	 98.824786	 98.649608	 98.474502	 98.299505	 98.124653	 97.949982	 97.775528	 97.601326	 97.427413	 97.253823	 97.080592	 96.907755	 96.735347	 96.563402	 96.391955	 96.221039	 96.050689	 95.880937	 95.711816	 95.543359	 95.375598	 95.208564	  95.04229	 94.876805	  94.71214	 94.548325	  94.38539	 94.223362	 94.062271	 93.902144	 93.743008	  93.58489	 93.427816	 93.271812	 93.116901	 92.963109	 92.810458	 92.658972	 92.508673	 92.359583	 92.211721	  92.06511	 91.919767	 91.775712	 91.632964	 91.491539	 91.351454	 91.212725	 91.075368	 90.939397	 90.804826	 90.671668	 90.539936	 90.409641	 90.280795	 90.153407	 90.027487	 89.903044	 89.780087	 89.658622	 89.538656	 89.420195	 89.303246	 89.187811	 89.073896	 88.961503	 88.850635	 88.741294	 88.633482	 88.527199	 88.422444	 88.319219	  88.21752	 88.117347	 88.018696	 87.921566	 87.825952	  87.73185	 87.639255	 87.548162	 87.458566	  87.37046	 87.283837	  87.19869	 87.115011	 87.032792	 86.952024	 86.872698	 86.794805	 86.718334	 86.643275	 86.569617	  86.49735	 86.426461	 86.356939	 86.288772	 86.221947	 86.156451	 86.092272	 86.029395	 85.967808	 85.907497	 85.848447	 85.790645	 85.734075	 85.678723	 85.624574	 85.571613	 85.519826	 85.469195	 85.419708	 85.371346	 85.324096	 85.277941	 85.232866	 85.188854	  85.14589	 85.103958	 85.063041	 85.023124	 84.984191	 84.946226	 84.909212	 84.873134	 84.837976	 84.803722	 84.770356	 84.737863	 84.706226	  84.67543	  84.64546	   84.6163	 84.587934	 84.560348	 84.533527	 84.507455	 84.482118	 84.457501	  84.43359	  84.41037	 84.387827	 84.365946	 84.344715	 84.324119	 84.304145	 84.284779	 84.266009	 84.247821	 84.230202	 84.213141	 84.196625	 84.180641	 84.165179	 84.150225	 84.135769	 84.121799	 84.108305	 84.095276	   84.0827	 84.070569	 84.058871	 84.047597	 84.036737	 84.026282	 84.016223	 84.006551	 83.997257	 83.988333	 83.979771	 83.971563	 83.963702	 83.956179	 83.948988	 83.942121	 83.935573	 83.929337	 83.923407	 83.917777	 83.912441	 83.907394	 83.902631	 83.898147	 83.893937	 83.889997	 83.886324	 83.882912	  83.87976	 83.876862	 83.874217	 83.871821	 83.869672	 83.867767	 83.866105	 83.864684	 83.863502	 83.862558	 83.861851	  83.86138	 83.861144	
