Time step 39:
        99	        99	        99	        99	        99	        99	        99	        99	        99	        99	        99	        99	        99	        99	        99	        99	        99	        99	        99	        99	        99	        99	        99	        99	        99	        99	        99	        99	        99	        99	        99	        99	        99	        99	        99	        99	        99	        99	        99	        99	        99	        99	        99	        99	        99	        99	        99	        99	        99	        99	        99	        99	        99	        99	        99	        99	        99	        99	        99	        99	        99	        99	        99	        99	        99	        99	        99	        99	        99	        99	        99	        99	        99	        99	        99	        99	        99	        99	        99	        99	        99	        99	        99	        99	        99	        99	        99	        99	        99	        99	        99	        99	        99	        99	        99	        99	        99	        99	        99	        99	        99	        99	        99	        99	        99	        99	        99	        99	        99	        99	        99	        99	        99	        99	        99	        99	        99	        99	        99	        99	        99	        99	        99	        99	        99	        99	        99	        99	        99	        99	        99	        99	        99	        99	        99	        99	        99	        99	        99	        99	        99	        99	        99	        99	        99	        99	        99	        99	        99	        99	        99	        99	        99	        99	        99	        99	        99	        99	        99	        99	        99	        99	        99	        99	        99	        99	        99	        99	        99	        99	        99	        99	        99	        99	        99	        99	        99	        99	        99	        99	        99	        99	        99	        99	        99	        99	        99	        99	        99	        99	        99	        99	        99	        99	        99	        99	        99	        99	        99	        99	
        99	 98.983719	 98.967444	 98.951179	  98.93493	 98.918702	   98.9025	  98.88633	 98.870196	 98.854104	 98.838059	 98.822066	  98.80613	 98.790255	 98.774447	 98.758711	  98.74305	 98.727471	 98.711977	 98.696573	 98.681264	 98.666054	 98.650946	 98.635946	 98.621057	 98.606284	 98.591629	 98.577097	 98.562692	 98.548417	 98.534275	  98.52027	 98.506405	 98.492682	 98.479106	 98.465678	 98.452401	 98.439278	 98.426312	 98.413504	 98.400857	 98.388372	 98.376052	 98.363899	 98.351913	 98.340097	 98.328452	 98.316979	  98.30568	 98.294554	 98.283604	 98.272829	 98.262231	  98.25181	 98.241566	   98.2315	 98.221611	   98.2119	 98.202367	 98.193011	 98.183832	 98.174829	 98.166003	 98.157352	 98.148876	 98.140573	 98.132443	 98.124486	 98.116699	 98.109081	 98.101632	  98.09435	 98.087233	  98.08028	 98.073489	  98.06686	 98.060389	 98.054076	 98.047918	 98.041913	  98.03606	 98.030357	 98.024802	 98.019392	 98.014125	    98.009	 98.004013	 97.999164	 97.994449	 97.989867	 97.985415	 97.981091	 97.976892	 97.972817	 97.968862	 97.965026	 97.961306	   97.9577	 97.954205	  97.95082	 97.947541	 97.944367	 97.941294	 97.938322	 97.935447	 97.932667	  97.92998	 97.927384	 97.924876	 97.922455	 97.920117	 97.917861	 97.915685	 97.913586	 97.911562	 97.909612	 97.907733	 97.905924	 97.904181	 97.902504	 97.900891	 97.899338	 97.897846	 97.896411	 97.895032	 97.893708	 97.892436	 97.891215	 97.890043	 97.888918	  97.88784	 97.886806	 97.885815	 97.884865	 97.883956	 97.883085	 97.882251	 97.881454	 97.880691	 97.879961	 97.879263	 97.878597	  97.87796	 97.877352	 97.876771	 97.876217	 97.875688	 97.875184	 97.874704	 97.874245	 97.873809	 97.873393	 97.872997	 97.872621	 97.872262	 97.871922	 97.871598	  97.87129	 97.870997	 97.870719	 97.870456	 97.870206	 97.869968	 97.869744	 97.869531	 97.869329	 97.869138	 97.868957	 97.868786	 97.868625	 97.868472	 97.868328	 97.868193	 97.868065	 97.867944	 97.867831	 97.867725	 97.867625	 97.867532	 97.867444	 97.867362	 97.867286	 97.867215	 97.867149	 97.867088	 97.867031	 97.866979	 97.866932	 97.866888	 97.866849	 97.866814	 97.866782	 97.866755	  97.86673	  97.86671	 97.866693	 97.866679	 97.866669	 97.866663	 97.866659	
        99	 98.967444	 98.934899	 98.902374	 98.869881	 98.837431	 98.805032	 98.772697	 98.740435	 98.708256	 98.676171	  98.64419	 98.612322	 98.580578	 98.548967	 98.517499	 98.486184	  98.45503	 98.424048	 98.393245	 98.362632	 98.332216	 98.302006	  98.27201	 98.242237	 98.212695	  98.18339	 98.154331	 98.125526	  98.09698	 98.068701	 98.040695	 98.012969	 97.985529	  97.95838	 97.931528	 97.904979	 97.878738	 97.852809	 97.827198	 97.801907	 97.776942	 97.752306	 97.728003	 97.704036	 97.680408	 97.657122	  97.63418	 97.611584	 97.589337	  97.56744	 97.545894	 97.524701	 97.503863	 97.483378	 97.463249	 97.443475	 97.424056	 97.404992	 97.386283	 97.367928	 97.349926	 97.332276	 97.314977	 97.298027	 97.281424	 97.265168	 97.249255	 97.233683	 97.218451	 97.203555	 97.188992	 97.174761	 97.160858	 97.147279	 97.134022	 97.121082	 97.108457	 97.096143	 97.084137	 97.072433	 97.061028	 97.049919	 97.039101	 97.028569	  97.01832	 97.008349	 96.998652	 96.989224	 96.980061	 96.971159	 96.962512	 96.954115	 96.945966	 96.938058	 96.930387	 96.922948	 96.915737	 96.908749	 96.901979	 96.895422	 96.889075	 96.882931	 96.876988	 96.871239	  96.86568	 96.860307	 96.855116	 96.850101	 96.845258	 96.840583	 96.836072	  96.83172	 96.827523	 96.823477	 96.819577	  96.81582	 96.812201	 96.808717	 96.805364	 96.802137	 96.799033	 96.796048	 96.793179	 96.790422	 96.787773	  96.78523	 96.782788	 96.780444	 96.778196	  96.77604	 96.773972	  96.77199	 96.770092	 96.768273	 96.766532	 96.764865	  96.76327	 96.761744	 96.760285	  96.75889	 96.757557	 96.756283	 96.755067	 96.753906	 96.752798	 96.751741	 96.750733	 96.749771	 96.748855	 96.747983	 96.747151	  96.74636	 96.745607	  96.74489	 96.744208	 96.743561	 96.742945	  96.74236	 96.741804	 96.741277	 96.740777	 96.740303	 96.739853	 96.739427	 96.739023	 96.738641	  96.73828	 96.737938	 96.737616	 96.737311	 96.737023	 96.736752	 96.736496	 96.736255	 96.736029	 96.735816	 96.735617	  96.73543	 96.735255	 96.735091	 96.734938	 96.734796	 96.734664	 96.734542	 96.734429	 96.734325	  96.73423	 96.734143	 96.734065	 96.733994	 96.733931	 96.733876	 96.733828	 96.733787	 96.733753	 96.733726	 96.733705	 96.733692	 96.733685	
        99	 98.951179	 98.902374	 98.853601	 98.804875	 98.756212	 98.707627	 98.659137	 98.610757	 98.562502	 98.514388	 98.466428	  98.41864	 98.371036	 98.323633	 98.276444	 98.229484	 98.182766	 98.136305	 98.090113	 98.044205	 97.998593	 97.953291	  97.90831	 97.863662	  97.81936	 97.775416	 97.731839	 97.688642	 97.645835	 97.603428	  97.56143	 97.519853	 97.478703	 97.437991	 97.397725	 97.357912	 97.318561	 97.279678	 97.241271	 97.203345	 97.165908	 97.128964	 97.092519	 97.056579	 97.021146	 96.986226	 96.951822	 96.917938	 96.884576	 96.851739	 96.819429	 96.787649	 96.756399	 96.725681	 96.695495	 96.665842	 96.636722	 96.608134	 96.580078	 96.552552	 96.525557	 96.499089	 96.473147	 96.447729	 96.422832	 96.398453	  96.37459	 96.351239	 96.328397	 96.306059	 96.284221	  96.26288	  96.24203	 96.221668	 96.201787	 96.182384	 96.163451	 96.144985	  96.12698	 96.109429	 96.092327	 96.075667	 96.059444	 96.043651	 96.028282	 96.013329	 95.998788	  95.98465	 95.970909	 95.957559	 95.944592	 95.932001	  95.91978	 95.907921	 95.896417	 95.885262	 95.874449	 95.863969	 95.853817	 95.843985	 95.834466	 95.825254	  95.81634	 95.807719	 95.799383	 95.791326	 95.783541	 95.776021	 95.768759	 95.761749	 95.754984	 95.748457	 95.742164	 95.736096	 95.730248	 95.724614	 95.719187	 95.713962	 95.708933	 95.704094	  95.69944	 95.694964	 95.690661	 95.686527	 95.682555	 95.678741	 95.675079	 95.671565	 95.668193	 95.664959	 95.661859	 95.658887	  95.65604	 95.653312	 95.650701	 95.648201	 95.645809	 95.643521	 95.641333	 95.639241	 95.637242	 95.635333	 95.633509	 95.631768	 95.630106	 95.628521	 95.627009	 95.625568	 95.624194	 95.622885	 95.621638	 95.620451	 95.619322	 95.618247	 95.617225	 95.616254	  95.61533	 95.614453	  95.61362	  95.61283	  95.61208	 95.611368	 95.610694	 95.610055	  95.60945	 95.608877	 95.608335	 95.607823	 95.607339	 95.606882	  95.60645	 95.606043	  95.60566	 95.605299	 95.604959	  95.60464	 95.604341	 95.604061	 95.603798	 95.603553	 95.603324	 95.603111	 95.602913	 95.602729	  95.60256	 95.602405	 95.602262	 95.602132	 95.602014	 95.601908	 95.601814	 95.601731	 95.601658	 95.601597	 95.601546	 95.601505	 95.601475	 95.601455	 95.601445	
        99	  98.93493	 98.869881	 98.804875	 98.739931	 98.675072	 98.610317	 98.545688	 98.481206	  98.41689	 98.352761	  98.28884	 98.225146	 98.161699	 98.098518	 98.035623	 97.973033	 97.910766	 97.848841	 97.787276	 97.726088	 97.665295	 97.604915	 97.544962	 97.485455	 97.426408	 97.367837	 97.309757	 97.252183	 97.195128	 97.138607	 97.082631	 97.027215	  96.97237	 96.918108	 96.864439	 96.811376	 96.758927	 96.707103	 96.655913	 96.605365	 96.555467	 96.506227	 96.457653	 96.409749	 96.362524	 96.315981	 96.270127	 96.224965	 96.180499	 96.136733	  96.09367	 96.051312	 96.009661	 95.968719	 95.928487	 95.888964	 95.850152	 95.812049	 95.774655	 95.737968	 95.701988	  95.66671	 95.632134	 95.598256	 95.565073	 95.532581	 95.500775	 95.469652	 95.439207	 95.409434	 95.380328	 95.351884	 95.324095	 95.296955	 95.270458	 95.244596	 95.219363	 95.194751	 95.170752	  95.14736	 95.124566	 95.102361	 95.080739	 95.059689	 95.039205	 95.019276	 94.999894	 94.981051	 94.962737	 94.944943	  94.92766	 94.910878	  94.89459	 94.878784	 94.863452	 94.848584	 94.834171	 94.820204	 94.806673	 94.793568	 94.780881	 94.768603	 94.756723	 94.745232	 94.734122	 94.723383	 94.713007	 94.702983	 94.693305	 94.683961	 94.674945	 94.666246	 94.657858	 94.649771	 94.641976	 94.634467	 94.627234	  94.62027	 94.613568	 94.607118	 94.600914	 94.594949	 94.589214	 94.583704	  94.57841	 94.573326	 94.568445	 94.563761	 94.559267	 94.554957	 94.550825	 94.546864	 94.543069	 94.539434	 94.535954	 94.532622	 94.529434	 94.526384	 94.523468	  94.52068	 94.518016	  94.51547	  94.51304	 94.510719	 94.508504	 94.506391	 94.504376	 94.502455	 94.500624	 94.498879	 94.497218	 94.495636	 94.494131	 94.492698	 94.491336	 94.490041	  94.48881	 94.487641	 94.486531	 94.485478	 94.484478	  94.48353	 94.482631	 94.481779	 94.480973	 94.480209	 94.479487	 94.478804	 94.478159	  94.47755	 94.476975	 94.476432	 94.475921	  94.47544	 94.474988	 94.474563	 94.474164	  94.47379	  94.47344	 94.473113	 94.472808	 94.472524	  94.47226	 94.472016	  94.47179	 94.471583	 94.471393	 94.471219	 94.471062	 94.470921	 94.470795	 94.470684	 94.470588	 94.470506	 94.470438	 94.470384	 94.470344	 94.470317	 94.470304	
        99	 98.918702	 98.837431	 98.756212	 98.675072	 98.594037	 98.513133	 98.432386	 98.351822	 98.271466	 98.191344	 98.111481	 98.031902	 97.952631	 97.873694	 97.795113	 97.716914	 97.639118	 97.561749	  97.48483	 97.408383	 97.332428	 97.256989	 97.182085	 97.107737	 97.033964	 96.960786	 96.888222	 96.816289	 96.745005	 96.674387	 96.604452	 96.535215	 96.466692	 96.398897	 96.331844	 96.265547	 96.200018	 96.135269	 96.071312	 96.008158	 95.945816	 95.884296	 95.823607	 95.763758	 95.704754	 95.646604	 95.589314	 95.532889	 95.477333	 95.422653	  95.36885	 95.315928	  95.26389	 95.212737	 95.162471	 95.113092	   95.0646	 95.016994	 94.970274	 94.924439	 94.879484	 94.835409	  94.79221	 94.749883	 94.708424	 94.667828	 94.628091	 94.589206	 94.551168	  94.51397	 94.477606	 94.442067	 94.407348	  94.37344	 94.340334	 94.308022	 94.276496	 94.245746	 94.215763	 94.186536	 94.158057	 94.130315	   94.1033	 94.077001	 94.051407	 94.026509	 94.002293	 93.978751	 93.955869	 93.933638	 93.912044	 93.891078	 93.870727	 93.850979	 93.831823	 93.813247	  93.79524	 93.777789	 93.760884	 93.744511	  93.72866	 93.713319	 93.698476	  93.68412	 93.670239	 93.656822	 93.643858	 93.631335	 93.619242	 93.607569	 93.596304	 93.585436	 93.574955	 93.564851	 93.555113	 93.545731	 93.536694	 93.527994	 93.519619	 93.511561	  93.50381	 93.496357	 93.489192	 93.482307	 93.475693	 93.469342	 93.463244	 93.457392	 93.451777	 93.446392	 93.441229	 93.436281	 93.431539	 93.426998	 93.422649	 93.418486	 93.414503	 93.410693	 93.407049	 93.403566	 93.400237	 93.397057	  93.39402	 93.391121	 93.388354	 93.385714	 93.383197	 93.380796	 93.378508	 93.376329	 93.374253	 93.372277	 93.370396	 93.368606	 93.366904	 93.365286	 93.363749	 93.362288	 93.360901	 93.359585	 93.358336	 93.357151	 93.356028	 93.354964	 93.353956	 93.353003	   93.3521	 93.351247	 93.350441	  93.34968	 93.348961	 93.348284	 93.347645	 93.347044	 93.346479	 93.345948	 93.345449	 93.344982	 93.344545	 93.344136	 93.343755	   93.3434	 93.343071	 93.342765	 93.342484	 93.342224	 93.341987	  93.34177	 93.341574	 93.341398	 93.341241	 93.341102	 93.340982	 93.340879	 93.340795	 93.340727	 93.340677	 93.340643	 93.340626	
        99	   98.9025	 98.805032	 98.707627	 98.610317	 98.513133	 98.416105	 98.319267	 98.222647	 98.126277	 98.030188	 97.934409	 97.838971	 97.743903	 97.649234	 97.554993	 97.461209	 97.367909	 97.275122	 97.182873	 97.091191	   97.0001	 96.909627	 96.819795	  96.73063	 96.642155	 96.554394	 96.467368	 96.381099	 96.295609	 96.210918	 96.127046	 96.044011	 95.961832	 95.880526	 95.800111	 95.720601	 95.642013	 95.564361	 95.487658	 95.411917	 95.337151	 95.263371	 95.190588	 95.118811	 95.048048	  94.97831	 94.909602	 94.841932	 94.775305	 94.709727	 94.645202	 94.581734	 94.519325	 94.457978	 94.397694	 94.338474	 94.280318	 94.223226	 94.167195	 94.112225	 94.058312	 94.005453	 93.953645	 93.902882	 93.853161	 93.804475	 93.756818	 93.710184	 93.664565	 93.619954	 93.576343	 93.533722	 93.492084	 93.451418	 93.411715	 93.372964	 93.335155	 93.298276	 93.262318	 93.227267	 93.193112	 93.159841	 93.127442	 93.095902	 93.065208	 93.035347	 93.006306	 92.978072	  92.95063	 92.923968	 92.898071	 92.872927	  92.84852	 92.824836	 92.801863	 92.779585	  92.75799	 92.737061	 92.716786	 92.697151	 92.678141	 92.659743	 92.641942	 92.624725	 92.608078	 92.591987	 92.576439	  92.56142	 92.546917	 92.532917	 92.519407	 92.506374	 92.493805	 92.481687	 92.470008	 92.458756	 92.447919	 92.437484	 92.427441	 92.417777	 92.408481	 92.399542	  92.39095	 92.382693	 92.374761	 92.367143	  92.35983	 92.352812	 92.346078	  92.33962	 92.333428	 92.327494	 92.321807	 92.316361	 92.311145	 92.306153	 92.301376	 92.296806	 92.292437	 92.288259	 92.284267	 92.280453	 92.276811	 92.273334	 92.270016	  92.26685	  92.26383	 92.260952	 92.258208	 92.255594	 92.253104	 92.250734	 92.248478	 92.246332	 92.244291	 92.242351	 92.240507	 92.238755	 92.237092	 92.235513	 92.234015	 92.232594	 92.231247	 92.229971	 92.228763	 92.227619	 92.226537	 92.225514	 92.224547	 92.223634	 92.222772	  92.22196	 92.221194	 92.220473	 92.219795	 92.219158	  92.21856	    92.218	 92.217476	 92.216986	 92.216528	 92.216103	 92.215708	 92.215342	 92.215004	 92.214693	 92.214408	 92.214148	 92.213913	 92.213702	 92.213513	 92.213347	 92.213203	  92.21308	 92.212978	 92.212897	 92.212837	 92.212796	 92.212776	
        99	  98.88633	 98.772697	 98.659137	 98.545688	 98.432386	 98.319267	 98.206367	 98.093723	  97.98137	 97.869344	 97.757681	 97.646414	 97.535579	 97.425209	 97.315339	    97.206	 97.097227	 96.989051	 96.881503	 96.774615	 96.668417	 96.562938	 96.458208	 96.354255	 96.251107	  96.14879	 96.047331	 95.946754	 95.847086	 95.748349	 95.650566	  95.55376	 95.457952	 95.363161	 95.269409	 95.176713	 95.085091	  94.99456	 94.905136	 94.816834	 94.729668	 94.643651	 94.558797	 94.475115	 94.392617	 94.311312	  94.23121	 94.152316	  94.07464	 93.998186	 93.922959	 93.848964	 93.776205	 93.704684	 93.634402	  93.56536	 93.497559	 93.430998	 93.365674	 93.301587	 93.238733	 93.177107	 93.116706	 93.057525	 92.999558	 92.942797	 92.887236	 92.832868	 92.779683	 92.727674	 92.676829	  92.62714	 92.578596	 92.531186	 92.484897	  92.43972	  92.39564	 92.352645	 92.310723	 92.269859	  92.23004	 92.191251	 92.153479	 92.116708	 92.080923	  92.04611	 92.012252	 91.979335	 91.947342	 91.916258	 91.886066	 91.856751	 91.828296	 91.800685	 91.773902	  91.74793	 91.722752	 91.698353	 91.674715	 91.651823	 91.629661	 91.608211	 91.587458	 91.567385	 91.547977	 91.529218	 91.511091	 91.493581	 91.476673	 91.460352	 91.444601	 91.429406	 91.414752	 91.400624	 91.387009	 91.373891	 91.361256	 91.349091	 91.337382	 91.326115	 91.315278	 91.304856	 91.294839	 91.285212	 91.275965	 91.267084	 91.258558	 91.250376	 91.242525	 91.234996	 91.227777	 91.220858	 91.214229	 91.207879	 91.201799	 91.195979	 91.190409	 91.185082	 91.179987	 91.175117	 91.170463	 91.166016	  91.16177	 91.157716	 91.153848	 91.150157	 91.146636	  91.14328	 91.140082	 91.137034	 91.134132	 91.131368	 91.128738	 91.126236	 91.123857	 91.121594	 91.119445	 91.117402	 91.115463	 91.113622	 91.111876	  91.11022	  91.10865	 91.107162	 91.105753	  91.10442	 91.103158	 91.101965	 91.100838	 91.099773	 91.098769	 91.097821	 91.096929	 91.096088	 91.095298	 91.094555	 91.093859	 91.093205	 91.092594	 91.092023	  91.09149	 91.090994	 91.090533	 91.090106	 91.089712	  91.08935	 91.089017	 91.088715	  91.08844	 91.088194	 91.087974	  91.08778	 91.087612	 91.087469	  91.08735	 91.087256	 91.087185	 91.087138	 91.087115	
        99	 98.870196	 98.740435	 98.610757	 98.481206	 98.351822	 98.222647	 98.093723	 97.965091	 97.836791	 97.708865	 97.581353	 97.454293	 97.327727	 97.201692	 97.076227	  96.95137	 96.827157	 96.703627	 96.580815	 96.458756	 96.337484	 96.217034	  96.09744	 95.978732	 95.860943	 95.744104	 95.628244	 95.513393	 95.399578	 95.286827	 95.175165	 95.064619	 94.955212	 94.846968	 94.739909	 94.634056	 94.529429	 94.426049	 94.323932	 94.223097	  94.12356	 94.025334	 93.928436	 93.832877	  93.73867	 93.645825	 93.554353	 93.464262	  93.37556	 93.288255	 93.202351	 93.117854	 93.034767	 92.953095	 92.872837	 92.793996	 92.716572	 92.640563	 92.565968	 92.492784	 92.421009	 92.350637	 92.281663	 92.214082	 92.147887	  92.08307	 92.019623	 91.957538	 91.896805	 91.837413	 91.779352	  91.72261	 91.667176	 91.613036	 91.560178	 91.508588	 91.458252	 91.409155	 91.361282	 91.314618	 91.269147	 91.224853	  91.18172	  91.13973	 91.098866	 91.059111	 91.020448	 90.982859	 90.946325	 90.910829	 90.876352	 90.842877	 90.810383	 90.778853	 90.748268	 90.718609	 90.689858	 90.661996	 90.635003	 90.608862	 90.583554	  90.55906	 90.535361	 90.512439	 90.490277	 90.468855	 90.448155	  90.42816	 90.408852	 90.390214	 90.372228	 90.354876	 90.338142	 90.322009	 90.306461	 90.291481	 90.277053	 90.263161	  90.24979	 90.236924	 90.224549	 90.212649	 90.201209	 90.190216	 90.179656	 90.169515	 90.159779	 90.150435	  90.14147	 90.132873	 90.124629	 90.116728	 90.109158	 90.101907	 90.094963	 90.088317	 90.081957	 90.075874	 90.070056	 90.064494	  90.05918	 90.054102	 90.049254	 90.044624	 90.040206	 90.035991	 90.031972	 90.028139	 90.024486	 90.021006	 90.017692	 90.014536	 90.011533	 90.008676	 90.005959	 90.003375	  90.00092	 89.998588	 89.996374	 89.994272	 89.992278	 89.990386	 89.988593	 89.986895	 89.985286	 89.983763	 89.982322	  89.98096	 89.979673	 89.978457	  89.97731	 89.976228	 89.975209	 89.974249	 89.973347	 89.972499	 89.971703	 89.970957	 89.970259	 89.969606	 89.968998	 89.968431	 89.967905	 89.967418	 89.966968	 89.966554	 89.966175	 89.965829	 89.965516	 89.965234	 89.964983	 89.964762	  89.96457	 89.964406	 89.964271	 89.964163	 89.964082	 89.964029	 89.964002	
        99	 98.854104	 98.708256	 98.562502	  98.41689	 98.271466	 98.126277	  97.98137	 97.836791	 97.692586	 97.548801	  97.40548	 97.262669	 97.120412	 96.978752	 96.837733	 96.697397	 96.557787	 96.418942	 96.280904	 96.143713	 96.007408	 95.872026	 95.737604	  95.60418	 95.471789	 95.340465	 95.210242	 95.081153	 94.953228	 94.826499	 94.700994	 94.576743	 94.453773	  94.33211	 94.211778	 94.092802	 93.975205	 93.859009	 93.744233	 93.630897	 93.519019	 93.408617	 93.299706	   93.1923	 93.086414	 92.982059	 92.879247	 92.777987	 92.678289	  92.58016	 92.483607	 92.388634	 92.295248	  92.20345	 92.113243	 92.024628	 91.937605	 91.852173	  91.76833	 91.686074	   91.6054	 91.526304	  91.44878	  91.37282	 91.298419	 91.225566	 91.154254	 91.084472	  91.01621	 90.949455	 90.884196	  90.82042	 90.758114	 90.697262	 90.637851	 90.579865	 90.523289	 90.468105	 90.414298	 90.361849	 90.310741	 90.260956	 90.212474	 90.165279	 90.119349	 90.074666	  90.03121	 89.988961	 89.947898	 89.908001	  89.86925	 89.831624	 89.795102	 89.759664	 89.725287	 89.691951	 89.659636	 89.628319	 89.597981	 89.568599	 89.540153	 89.512622	 89.485986	 89.460222	 89.435312	 89.411234	 89.387969	 89.365495	 89.343794	 89.322844	 89.302628	 89.283126	 89.264317	 89.246184	 89.228709	 89.211871	 89.195655	 89.180041	 89.165012	 89.150551	 89.136642	 89.123266	 89.110409	 89.098053	 89.086184	 89.074785	 89.063842	  89.05334	 89.043264	   89.0336	 89.024335	 89.015454	 89.006945	 88.998795	 88.990991	 88.983521	 88.976373	 88.969535	 88.962996	 88.956745	 88.950771	 88.945065	 88.939615	 88.934412	 88.929446	 88.924708	  88.92019	 88.915883	 88.911777	 88.907866	  88.90414	 88.900594	 88.897218	 88.894007	 88.890952	 88.888049	  88.88529	 88.882668	 88.880179	 88.877817	 88.875575	 88.873449	 88.871434	 88.869525	 88.867717	 88.866005	 88.864386	 88.862855	 88.861408	 88.860041	 88.858752	 88.857536	  88.85639	 88.855312	 88.854297	 88.853344	  88.85245	 88.851611	 88.850827	 88.850093	 88.849409	 88.848773	 88.848181	 88.847634	 88.847128	 88.846662	 88.846236	 88.845848	 88.845496	 88.845179	 88.844897	 88.844648	 88.844433	 88.844249	 88.844097	 88.843975	 88.843885	 88.843825	 88.843795	
        99	 98.838059	 98.676171	 98.514388	 98.352761	 98.191344	 98.030188	 97.869344	 97.708865	 97.548801	 97.389203	  97.23012	 97.071603	 96.913701	 96.756462	 96.599934	 96.444164	 96.289199	 96.135085	 95.981867	 95.829588	 95.678292	 95.528021	 95.378816	 95.230719	 95.083768	 94.938001	 94.793456	  94.65017	 94.508176	  94.36751	 94.228203	 94.090287	 93.953793	 93.818749	 93.685184	 93.553124	 93.422594	 93.293618	 93.166219	 93.040419	 92.916238	 92.793694	 92.672805	 92.553587	 92.436056	 92.320224	 92.206105	 92.093709	 91.983047	 91.874126	 91.766954	 91.661537	  91.55788	 91.455986	 91.355858	 91.257498	 91.160904	 91.066077	 90.973014	 90.881711	 90.792165	  90.70437	  90.61832	 90.534007	 90.451423	 90.370558	 90.291403	 90.213947	 90.138177	 90.064081	 89.991645	 89.920855	 89.851696	 89.784153	 89.718208	 89.653845	 89.591046	 89.529794	 89.470069	 89.411852	 89.355123	 89.299862	 89.246049	 89.193663	 89.142682	 89.093085	  89.04485	 88.997954	 88.952376	 88.908091	 88.865079	 88.823315	 88.782776	  88.74344	 88.705283	 88.668281	 88.632411	 88.597651	 88.563976	 88.531363	 88.499788	  88.46923	 88.439664	 88.411067	 88.383417	 88.356691	 88.330867	 88.305922	 88.281834	 88.258581	 88.236141	 88.214494	 88.193617	  88.17349	 88.154092	 88.135403	 88.117403	 88.100072	  88.08339	 88.067339	   88.0519	 88.037053	 88.022782	 88.009067	 87.995893	  87.98324	 87.971094	 87.959437	 87.948253	 87.937526	 87.927242	 87.917385	  87.90794	 87.898893	 87.890231	 87.881939	 87.874005	 87.866415	 87.859157	 87.852219	 87.845588	 87.839254	 87.833204	 87.827429	 87.821917	 87.816659	 87.811644	 87.806862	 87.802305	 87.797964	 87.793829	 87.789892	 87.786145	 87.782581	  87.77919	 87.775968	 87.772905	 87.769995	 87.767233	  87.76461	 87.762122	 87.759763	 87.757526	 87.755406	 87.753399	 87.751499	 87.749702	 87.748003	 87.746397	  87.74488	 87.743449	 87.742099	 87.740828	  87.73963	 87.738504	 87.737446	 87.736453	 87.735523	 87.734652	 87.733838	 87.733079	 87.732372	 87.731715	 87.731107	 87.730546	  87.73003	 87.729557	 87.729125	 87.728735	 87.728383	  87.72807	 87.727794	 87.727554	 87.727351	 87.727182	 87.727047	 87.726947	  87.72688	 87.726846	
        99	 98.822066	  98.64419	 98.466428	  98.28884	 98.111481	 97.934409	 97.757681	 97.581353	  97.40548	  97.23012	 97.055327	 96.881155	 96.707658	  96.53489	 96.362903	  96.19175	 96.021481	 95.852146	 95.683796	 95.516477	 95.350239	 95.185128	 95.021188	 94.858464	    94.697	 94.536838	 94.378018	  94.22058	 94.064563	 93.910005	  93.75694	 93.605403	 93.455429	 93.307049	 93.160292	  93.01519	 92.871769	 92.730055	 92.590075	 92.451851	 92.315405	 92.180758	  92.04793	 91.916939	   91.7878	 91.660529	  91.53514	 91.411643	 91.290052	 91.170374	 91.052617	 90.936789	 90.822895	 90.710938	 90.600922	 90.492847	 90.386714	 90.282522	 90.180268	 90.079948	 89.981558	 89.885093	 89.790544	 89.697904	 89.607164	 89.518314	 89.431341	 89.346235	 89.262982	 89.181569	 89.101979	 89.024198	 88.948209	 88.873995	 88.801537	 88.730818	 88.661817	 88.594515	 88.528892	 88.464925	 88.402594	 88.341876	 88.282748	 88.225189	 88.169173	 88.114678	 88.061678	 88.010151	 87.960071	 87.911413	 87.864153	 87.818264	 87.773722	 87.730501	 87.688575	 87.647919	 87.608507	 87.570314	 87.533313	 87.497479	 87.462786	  87.42921	 87.396724	 87.365303	 87.334922	 87.305557	 87.277182	 87.249774	 87.223307	 87.197757	 87.173101	 87.149316	 87.126377	 87.104263	 87.082949	 87.062415	 87.042637	 87.023594	 87.005265	 86.987629	 86.970664	 86.954352	 86.938671	 86.923602	 86.909126	 86.895224	 86.881878	 86.869069	 86.856781	 86.844995	 86.833695	 86.822865	 86.812487	 86.802547	 86.793029	 86.783919	 86.775201	 86.766861	 86.758886	 86.751263	 86.743977	 86.737017	 86.730371	 86.724025	 86.717969	 86.712191	 86.706681	 86.701427	  86.69642	  86.69165	 86.687106	 86.682781	 86.678664	 86.674747	 86.671022	 86.667481	 86.664116	 86.660919	 86.657883	 86.655002	 86.652268	 86.649676	 86.647218	 86.644889	 86.642684	 86.640596	 86.638621	 86.636754	  86.63499	 86.633323	 86.631751	 86.630268	 86.628871	 86.627555	 86.626318	 86.625155	 86.624064	 86.623042	 86.622085	 86.621191	 86.620356	  86.61958	 86.618859	 86.618191	 86.617574	 86.617006	 86.616486	 86.616013	 86.615583	 86.615197	 86.614853	  86.61455	 86.614287	 86.614063	 86.613877	 86.613729	 86.613619	 86.613545	 86.613509	
        99	  98.80613	 98.612322	  98.41864	 98.225146	 98.031902	 97.838971	 97.646414	 97.454293	 97.262669	 97.071603	 96.881155	 96.691383	 96.502347	 96.314105	 96.126715	 95.940232	 95.754713	 95.570213	 95.386784	  95.20448	 95.023353	 94.843454	 94.664831	 94.487533	 94.311608	   94.1371	 93.964056	 93.792518	 93.622528	 93.454126	 93.287352	 93.122244	 92.958837	 92.797167	 92.637267	 92.479168	 92.322902	 92.168496	 92.015978	 91.865374	 91.716708	 91.570002	 91.425278	 91.282554	 91.141849	 91.003179	 90.866559	 90.732002	  90.59952	 90.469124	 90.340821	 90.214619	 90.090524	  89.96854	  89.84867	 89.730915	 89.615277	 89.501753	  89.39034	 89.281036	 89.173834	 89.068728	 88.965711	 88.864774	 88.765907	 88.669099	 88.574337	 88.481609	 88.390899	 88.302194	 88.215476	 88.130728	 88.047934	 87.967072	 87.888125	 87.811072	 87.735892	 87.662562	 87.591061	 87.521365	 87.453451	 87.387295	 87.322872	 87.260157	 87.199124	 87.139748	 87.082002	  87.02586	 86.971295	 86.918279	 86.866785	 86.816787	 86.768255	 86.721163	 86.675483	 86.631185	 86.588243	 86.546629	 86.506314	 86.467271	 86.429471	 86.392887	 86.357492	 86.323257	 86.290155	  86.25816	 86.227244	  86.19738	 86.168543	 86.140705	 86.113841	 86.087925	 86.062932	 86.038837	 86.015614	 85.993241	 85.971691	 85.950943	 85.930973	 85.911757	 85.893273	 85.875499	 85.858414	 85.841995	 85.826223	 85.811076	 85.796534	 85.782579	  85.76919	 85.756348	 85.744036	 85.732236	 85.720929	 85.710098	 85.699728	 85.689802	 85.680303	 85.671216	 85.662527	 85.654221	 85.646283	   85.6387	 85.631458	 85.624544	 85.617945	  85.61165	 85.605646	 85.599922	 85.594466	 85.589269	 85.584318	 85.579605	  85.57512	 85.570852	 85.566794	 85.562935	 85.559269	 85.555786	 85.552478	 85.549339	  85.54636	 85.543535	 85.540857	  85.53832	 85.535917	 85.533643	 85.531491	 85.529456	 85.527534	 85.525718	 85.524005	 85.522389	 85.520867	 85.519433	 85.518085	 85.516819	  85.51563	 85.514516	 85.513473	 85.512499	  85.51159	 85.510744	 85.509958	  85.50923	 85.508558	  85.50794	 85.507373	 85.506857	 85.506389	 85.505969	 85.505594	 85.505263	 85.504977	 85.504733	  85.50453	 85.504369	 85.504249	 85.504169	 85.504129	
        99	 98.790255	 98.580578	 98.371036	 98.161699	 97.952631	 97.743903	 97.535579	 97.327727	 97.120412	 96.913701	 96.707658	 96.502347	 96.297833	 96.094177	 95.891443	 95.689691	 95.488981	 95.289373	 95.090924	 94.893693	 94.697735	 94.503104	 94.309855	  94.11804	 93.927709	 93.738913	 93.551699	 93.366115	 93.182206	 93.000015	 92.819585	 92.640957	  92.46417	 92.289262	 92.116269	 91.945225	 91.776163	 91.609114	 91.444108	 91.281172	 91.120333	 90.961614	 90.805039	 90.650629	 90.498403	 90.348378	 90.200571	 90.054997	 89.911667	 89.770593	 89.631784	 89.495248	 89.360992	  89.22902	 89.099334	 88.971938	 88.846831	 88.724011	 88.603475	 88.485221	 88.369241	 88.255529	 88.144077	 88.034875	 87.927913	 87.823177	 87.720656	 87.620335	 87.522198	 87.426229	  87.33241	 87.240723	 87.151149	 87.063667	 86.978255	 86.894893	 86.813556	 86.734222	 86.656866	 86.581464	 86.507989	 86.436416	 86.366718	 86.298867	 86.232837	 86.168599	 86.106125	 86.045385	 85.986352	 85.928995	 85.873286	 85.819193	 85.766688	 85.715739	 85.666318	 85.618394	 85.571936	 85.526914	 85.483298	 85.441058	 85.400163	 85.360583	 85.322289	 85.285251	 85.249439	 85.214824	 85.181376	 85.149068	 85.117869	 85.087752	 85.058688	  85.03065	  85.00361	 84.977542	 84.952418	 84.928212	 84.904899	 84.882452	 84.860846	 84.840056	 84.820059	  84.80083	 84.782345	 84.764583	 84.747519	 84.731132	 84.715399	 84.700301	 84.685816	 84.671923	 84.658603	 84.645836	 84.633603	 84.621886	 84.610666	 84.599927	 84.589651	  84.57982	  84.57042	 84.561433	 84.552845	 84.544641	 84.536806	 84.529326	 84.522187	 84.515376	  84.50888	 84.502688	 84.496785	 84.491162	 84.485806	 84.480708	 84.475855	 84.471238	 84.466847	 84.462673	 84.458706	 84.454937	 84.451359	 84.447963	  84.44474	 84.441684	 84.438787	 84.436042	 84.433442	 84.430982	 84.428654	 84.426452	 84.424372	 84.422408	 84.420554	 84.418806	 84.417159	 84.415609	  84.41415	  84.41278	 84.411494	 84.410289	 84.409161	 84.408106	 84.407123	 84.406208	 84.405357	  84.40457	 84.403843	 84.403174	 84.402561	 84.402003	 84.401497	 84.401041	 84.400636	 84.400278	 84.399968	 84.399704	 84.399485	 84.399311	 84.399181	 84.399094	 84.399051	
        99	 98.774447	 98.548967	 98.323633	 98.098518	 97.873694	 97.649234	 97.425209	 97.201692	 96.978752	 96.756462	  96.53489	 96.314105	 96.094177	 95.875173	 95.657159	 95.440201	 95.224364	 95.009712	 94.796307	 94.584211	 94.373484	 94.164185	 93.956371	 93.750099	 93.545424	 93.342398	 93.141075	 92.941504	 92.743733	 92.547811	 92.353783	 92.161692	 91.971582	 91.783491	  91.59746	 91.413525	 91.231721	 91.052082	  90.87464	 90.699424	 90.526462	 90.355781	 90.187406	 90.021358	 89.857659	 89.696327	 89.537381	 89.380835	 89.226702	 89.074996	 88.925725	 88.778899	 88.634524	 88.492606	 88.353146	 88.216149	 88.081612	 87.949536	 87.819916	 87.692749	 87.568028	 87.445746	 87.325894	 87.208462	 87.093437	 86.980809	 86.870561	 86.762678	 86.657145	 86.553943	 86.453054	 86.354457	 86.258131	 86.164056	 86.072207	 85.982562	 85.895095	 85.809782	 85.726596	  85.64551	 85.566498	  85.48953	 85.414579	 85.341615	 85.270608	 85.201529	 85.134346	 85.069029	 85.005547	 84.943867	 84.883958	 84.825789	 84.769326	 84.714538	 84.661393	 84.609856	 84.559897	 84.511482	 84.464578	 84.419154	 84.375177	 84.332615	 84.291435	 84.251605	 84.213094	  84.17587	 84.139902	 84.105158	 84.071608	 84.039221	 84.007967	 83.977816	 83.948738	 83.920705	 83.893688	 83.867658	 83.842587	 83.818448	 83.795214	 83.772857	 83.751353	 83.730675	 83.710797	 83.691695	 83.673345	 83.655723	 83.638805	 83.622569	 83.606992	 83.592052	 83.577728	 83.563999	 83.550844	 83.538244	 83.526179	  83.51463	 83.503579	 83.493008	 83.482899	 83.473235	    83.464	 83.455177	 83.446751	 83.438708	 83.431031	 83.423707	 83.416722	 83.410062	 83.403715	 83.397668	 83.391909	 83.386425	 83.381207	 83.376242	  83.37152	 83.367031	 83.362765	 83.358713	 83.354865	 83.351213	 83.347747	 83.344461	 83.341345	 83.338393	 83.335598	 83.332952	 83.330448	 83.328081	 83.325844	 83.323732	 83.321739	 83.319859	 83.318088	  83.31642	 83.314852	 83.313378	 83.311995	 83.310699	 83.309486	 83.308352	 83.307295	 83.306311	 83.305396	  83.30455	 83.303768	 83.303048	 83.302389	 83.301789	 83.301245	 83.300755	 83.300319	 83.299935	 83.299601	 83.299317	 83.299081	 83.298894	 83.298754	 83.298661	 83.298615	
        99	 98.758711	 98.517499	 98.276444	 98.035623	 97.795113	 97.554993	 97.315339	 97.076227	 96.837733	 96.599934	 96.362903	 96.126715	 95.891443	 95.657159	 95.423934	  95.19184	 94.960944	 94.731316	 94.503022	 94.276129	   94.0507	 93.826798	 93.604485	 93.383822	 93.164867	 92.947677	 92.732307	 92.518812	 92.307244	 92.097653	 91.890087	 91.684595	  91.48122	 91.280007	 91.080997	 90.884229	 90.689741	 90.497569	 90.307747	 90.120306	 89.935277	 89.752688	 89.572566	 89.394933	 89.219813	 89.047226	 88.877189	 88.709721	 88.544835	 88.382545	  88.22286	  88.06579	 87.911342	 87.759522	 87.610333	 87.463777	 87.319854	 87.178563	   87.0399	  86.90386	 86.770438	 86.639625	 86.511411	 86.385785	 86.262736	 86.142249	  86.02431	 85.908901	 85.796005	 85.685602	 85.577674	 85.472198	 85.369152	 85.268513	 85.170256	 85.074357	 84.980788	 84.889522	 84.800532	  84.71379	 84.629265	 84.546927	 84.466747	 84.388692	 84.312731	 84.238832	 84.166962	 84.097088	 84.029177	 83.963194	 83.899106	 83.836878	 83.776476	 83.717865	 83.661012	  83.60588	 83.552435	 83.500642	 83.450466	 83.401873	 83.354828	 83.309296	 83.265243	 83.222634	 83.181436	 83.141615	 83.103137	 83.065969	 83.030078	 82.995432	 82.961997	 82.929743	 82.898636	 82.868648	 82.839745	 82.811899	 82.785079	 82.759256	 82.734401	 82.710485	  82.68748	 82.665359	 82.644095	  82.62366	  82.60403	 82.585178	  82.56708	 82.549711	 82.533047	 82.517065	 82.501741	 82.487054	 82.472982	 82.459503	 82.446596	 82.434242	 82.422419	 82.411111	 82.400296	 82.389958	 82.380079	  82.37064	 82.361627	 82.353022	 82.344809	 82.336974	 82.329502	 82.322378	 82.315588	 82.309119	 82.302958	 82.297092	 82.291509	 82.286198	 82.281147	 82.276345	 82.271781	 82.267446	  82.26333	 82.259423	 82.255715	   82.2522	 82.248867	 82.245709	 82.242718	 82.239888	 82.237209	 82.234677	 82.232284	 82.230025	 82.227892	 82.225881	 82.223987	 82.222203	 82.220525	 82.218949	 82.217469	 82.216083	 82.214785	 82.213572	 82.212441	 82.211388	  82.21041	 82.209504	 82.208668	 82.207898	 82.207193	  82.20655	 82.205968	 82.205445	 82.204978	 82.204567	  82.20421	 82.203906	 82.203654	 82.203454	 82.203304	 82.203205	 82.203155	
        99	  98.74305	 98.486184	 98.229484	 97.973033	 97.716914	 97.461209	    97.206	  96.95137	 96.697397	 96.444164	  96.19175	 95.940232	 95.689691	 95.440201	  95.19184	 94.944682	 94.698801	 94.454269	 94.211159	 93.969539	 93.729479	 93.491046	 93.254305	  93.01932	 92.786154	 92.554868	  92.32552	 92.098169	 91.872869	 91.649675	 91.428638	 91.209809	 90.993235	 90.778963	 90.567036	 90.357497	 90.150387	 89.945742	   89.7436	 89.543994	 89.346957	 89.152517	 88.960704	 88.771543	 88.585057	 88.401268	 88.220197	 88.041859	 87.866272	 87.693448	 87.523399	 87.356135	 87.191664	  87.02999	 86.871118	 86.715051	 86.561787	 86.411325	 86.263663	 86.118794	 85.976712	 85.837409	 85.700874	 85.567095	  85.43606	 85.307753	 85.182159	 85.059259	 84.939036	 84.821468	 84.706535	 84.594214	  84.48448	 84.377309	 84.272675	 84.170551	  84.07091	 83.973721	 83.878955	 83.786583	 83.696572	 83.608891	 83.523506	 83.440386	 83.359495	   83.2808	 83.204265	 83.129856	 83.057537	 82.987272	 82.919024	 82.852757	 82.788435	 82.726021	 82.665477	 82.606767	 82.549853	 82.494699	 82.441267	  82.38952	 82.339421	 82.290934	 82.244022	 82.198648	 82.154777	 82.112371	 82.071396	 82.031816	 81.993595	   81.9567	 81.921095	 81.886747	 81.853622	 81.821687	 81.790909	 81.761255	 81.732695	 81.705196	 81.678727	 81.653259	 81.628761	 81.605205	  81.58256	 81.560799	 81.539895	  81.51982	 81.500547	 81.482051	 81.464305	 81.447286	 81.430968	 81.415328	 81.400342	 81.385988	 81.372243	 81.359087	 81.346498	 81.334455	 81.322939	  81.31193	 81.301409	 81.291358	  81.28176	 81.272596	 81.263851	 81.255507	  81.24755	 81.239963	 81.232733	 81.225844	 81.219283	 81.213036	 81.207091	 81.201435	 81.196056	 81.190943	 81.186083	 81.181466	 81.177083	 81.172922	 81.168974	  81.16523	 81.161681	 81.158318	 81.155134	 81.152119	 81.149267	 81.146571	 81.144022	 81.141616	 81.139345	 81.137204	 81.135186	 81.133287	   81.1315	 81.129821	 81.128246	 81.126769	 81.125387	 81.124096	 81.122891	  81.12177	 81.120728	 81.119763	 81.118873	 81.118053	 81.117303	 81.116618	 81.115998	 81.115441	 81.114944	 81.114506	 81.114126	 81.113802	 81.113534	 81.113321	 81.113161	 81.113055	 81.113002	
        99	 98.727471	  98.45503	 98.182766	 97.910766	 97.639118	 97.367909	 97.097227	 96.827157	 96.557787	 96.289199	 96.021481	 95.754713	 95.488981	 95.224364	 94.960944	 94.698801	 94.438011	 94.178654	 93.920803	 93.664534	 93.409918	 93.157028	 92.905933	 92.656701	 92.409398	 92.164088	 91.920835	 91.679699	 91.440739	 91.204012	 90.969573	 90.737476	 90.507771	 90.280507	 90.055731	 89.833487	 89.613819	 89.396767	 89.182368	  88.97066	 88.761676	 88.555447	 88.352004	 88.151374	 87.953581	 87.758649	 87.566598	 87.377448	 87.191215	 87.007912	 86.827553	 86.650148	 86.475704	 86.304228	 86.135723	 85.970193	 85.807636	 85.648052	 85.491437	 85.337784	 85.187088	 85.039338	 84.894524	 84.752634	 84.613654	 84.477568	 84.344359	 84.214008	 84.086495	 83.961799	 83.839898	 83.720766	 83.604379	  83.49071	 83.379732	 83.271416	 83.165733	 83.062651	  82.96214	 82.864167	 82.768699	 82.675701	  82.58514	 82.496979	 82.411184	 82.327717	 82.246542	 82.167622	 82.090918	 82.016392	 81.944006	 81.873722	   81.8055	 81.739301	 81.675087	 81.612817	 81.552452	 81.493954	 81.437282	 81.382398	 81.329261	 81.277835	 81.228078	 81.179953	 81.133421	 81.088445	 81.044985	 81.003005	 80.962467	 80.923335	 80.885571	 80.849141	 80.814007	 80.780136	 80.747492	  80.71604	 80.685748	 80.656582	 80.628508	 80.601496	 80.575513	 80.550528	  80.52651	  80.50343	 80.481259	 80.459966	 80.439525	 80.419907	 80.401086	 80.383034	 80.365727	 80.349138	 80.333244	  80.31802	 80.303442	 80.289488	 80.276135	 80.263362	 80.251148	 80.239471	 80.228312	 80.217652	 80.207472	 80.197753	 80.188477	 80.179628	 80.171188	 80.163141	 80.155472	 80.148166	 80.141207	 80.134582	 80.128276	 80.122277	 80.116572	 80.111148	 80.105994	 80.101098	 80.096448	 80.092035	 80.087848	 80.083877	 80.080113	 80.076546	 80.073168	 80.069971	 80.066946	 80.064086	 80.061383	 80.058831	 80.056423	 80.054151	 80.052011	 80.049997	 80.048102	 80.046321	  80.04465	 80.043084	 80.041618	 80.040248	 80.038971	 80.037781	 80.036677	 80.035654	 80.034709	  80.03384	 80.033044	 80.032318	  80.03166	 80.031069	 80.030542	 80.030077	 80.029674	 80.029331	 80.029047	  80.02882	 80.028651	 80.028539	 80.028482	
