Time step 90:
        99	        99	        99	        99	        99	        99	        99	        99	        99	        99	        99	        99	        99	        99	        99	        99	        99	        99	        99	        99	        99	        99	        99	        99	        99	        99	        99	        99	        99	        99	        99	        99	        99	        99	        99	        99	        99	        99	        99	        99	        99	        99	        99	        99	        99	        99	        99	        99	        99	        99	        99	        99	        99	        99	        99	        99	        99	        99	        99	        99	        99	        99	        99	        99	        99	        99	        99	        99	        99	        99	        99	        99	        99	        99	        99	        99	        99	        99	        99	        99	        99	        99	        99	        99	        99	        99	        99	        99	        99	        99	        99	        99	        99	        99	        99	        99	        99	        99	        99	        99	        99	        99	        99	        99	        99	        99	        99	        99	        99	        99	        99	        99	        99	        99	        99	        99	        99	        99	        99	        99	        99	        99	        99	        99	        99	        99	        99	        99	        99	        99	        99	        99	        99	        99	        99	        99	        99	        99	        99	        99	        99	        99	        99	        99	        99	        99	        99	        99	        99	        99	        99	        99	        99	        99	        99	        99	        99	        99	        99	        99	        99	        99	        99	        99	        99	        99	        99	        99	        99	        99	        99	        99	        99	        99	        99	        99	        99	        99	        99	        99	        99	        99	        99	        99	        99	        99	        99	        99	        99	        99	        99	        99	        99	        99	        99	        99	        99	        99	        99	        99	
        99	 98.992945	 98.985891	 98.978839	  98.97179	 98.964745	 98.957705	 98.950671	 98.943644	 98.936625	 98.929614	 98.922614	 98.915624	 98.908646	 98.901681	 98.894729	 98.887792	 98.880871	 98.873966	 98.867078	 98.860209	 98.853359	 98.846529	 98.839721	 98.832934	  98.82617	  98.81943	 98.812714	 98.806024	  98.79936	 98.792723	 98.786114	 98.779534	 98.772983	 98.766463	 98.759973	 98.753516	 98.747091	 98.740699	 98.734341	 98.728018	 98.721731	 98.715479	 98.709265	 98.703088	 98.696948	 98.690848	 98.684787	 98.678766	 98.672785	 98.666845	 98.660947	 98.655091	 98.649278	 98.643508	 98.637781	 98.632099	 98.626461	 98.620868	  98.61532	 98.609819	 98.604364	 98.598955	 98.593593	 98.588279	 98.583012	 98.577793	 98.572623	 98.567501	 98.562428	 98.557403	 98.552429	 98.547503	 98.542628	 98.537802	 98.533026	 98.528301	 98.523626	 98.519002	 98.514428	 98.509905	 98.505432	 98.501011	  98.49664	  98.49232	 98.488052	 98.483834	 98.479667	 98.475552	 98.471487	 98.467473	  98.46351	 98.459598	 98.455736	 98.451925	 98.448165	 98.444455	 98.440795	 98.437185	 98.433626	 98.430116	 98.426655	 98.423245	 98.419883	 98.416571	 98.413307	 98.410092	 98.406925	 98.403807	 98.400736	 98.397714	 98.394738	  98.39181	 98.388929	 98.386094	 98.383305	 98.380563	 98.377866	 98.375214	 98.372608	 98.370046	 98.367529	 98.365056	 98.362627	 98.360241	 98.357898	 98.355598	  98.35334	 98.351124	 98.348951	 98.346818	 98.344726	 98.342675	 98.340665	 98.338694	 98.336763	 98.334871	 98.333017	 98.331202	 98.329426	 98.327687	 98.325985	  98.32432	 98.322692	 98.321101	 98.319545	 98.318025	 98.316539	 98.315089	 98.313674	 98.312292	 98.310944	  98.30963	 98.308349	 98.307101	 98.305885	 98.304701	 98.303549	 98.302429	  98.30134	 98.300282	 98.299254	 98.298257	  98.29729	 98.296352	 98.295444	 98.294565	 98.293715	 98.292893	   98.2921	 98.291335	 98.290598	 98.289889	 98.289207	 98.288552	 98.287924	 98.287323	 98.286749	 98.286201	 98.285679	 98.285183	 98.284713	 98.284269	  98.28385	 98.283456	 98.283088	 98.282745	 98.282427	 98.282134	 98.281866	 98.281622	 98.281403	 98.281209	 98.281039	 98.280893	 98.280772	 98.280675	 98.280603	 98.280554	  98.28053	
        99	 98.985891	 98.971785	 98.957682	 98.943585	 98.929496	 98.915417	  98.90135	 98.887296	 98.873259	 98.859239	 98.845239	  98.83126	 98.817305	 98.803375	 98.789473	   98.7756	 98.761758	 98.747949	 98.734175	 98.720438	 98.706739	  98.69308	 98.679464	 98.665891	 98.652364	 98.638885	 98.625455	 98.612075	 98.598748	 98.585475	 98.572258	 98.559099	 98.545998	 98.532958	  98.51998	 98.507066	 98.494217	 98.481434	  98.46872	 98.456075	 98.443501	 98.430999	  98.41857	 98.406217	 98.393939	 98.381739	 98.369618	 98.357576	 98.345616	 98.333737	 98.321942	 98.310231	 98.298605	 98.287065	 98.275613	 98.264249	 98.252974	 98.241789	 98.230695	 98.219693	 98.208783	 98.197966	 98.187243	 98.176615	 98.166082	 98.155646	 98.145305	 98.135062	 98.124916	 98.114869	  98.10492	  98.09507	  98.08532	 98.075669	 98.066118	 98.056668	 98.047319	 98.038071	 98.028924	 98.019878	 98.010934	 98.002091	 97.993351	 97.984712	 97.976175	 97.967741	 97.959408	 97.951177	 97.943048	 97.935021	 97.927095	 97.919271	 97.911549	 97.903928	 97.896407	 97.888988	 97.881668	  97.87445	 97.867331	 97.860311	 97.853391	  97.84657	 97.839848	 97.833223	 97.826696	 97.820267	 97.813934	 97.807698	 97.801557	 97.795512	 97.789561	 97.783705	 97.777943	 97.772274	 97.766697	 97.761212	 97.755819	 97.750516	 97.745304	 97.740181	 97.735147	 97.730201	 97.725343	 97.720571	 97.715886	 97.711286	 97.706771	  97.70234	 97.697992	 97.693728	 97.689545	 97.685443	 97.681422	 97.677481	 97.673618	 97.669834	 97.666128	 97.662499	 97.658946	 97.655468	 97.652065	 97.648736	  97.64548	 97.642297	 97.639185	 97.636145	 97.633175	 97.630275	 97.627444	 97.624681	 97.621985	 97.619357	 97.616795	 97.614299	 97.611867	   97.6095	 97.607197	 97.604956	 97.602778	 97.600662	 97.598607	 97.596612	 97.594678	 97.592803	 97.590987	 97.589229	 97.587529	 97.585886	   97.5843	  97.58277	 97.581296	 97.579877	 97.578513	 97.577204	 97.575948	 97.574746	 97.573597	 97.572501	 97.571458	 97.570466	 97.569526	 97.568638	   97.5678	 97.567013	 97.566277	 97.565591	 97.564955	 97.564369	 97.563833	 97.563346	 97.562908	 97.562519	 97.562179	 97.561888	 97.561645	 97.561451	 97.561306	 97.561209	 97.561161	
        99	 98.978839	 98.957682	  98.93653	 98.915387	 98.894256	  98.87314	 98.852042	 98.830964	  98.80991	 98.788883	 98.767885	 98.746919	 98.725989	 98.705097	 98.684246	 98.663439	 98.642679	 98.621968	 98.601309	 98.580705	  98.56016	 98.539674	 98.519252	 98.498896	 98.478608	 98.458391	 98.438248	 98.418181	 98.398193	 98.378286	 98.358463	 98.338726	 98.319077	 98.299519	 98.280055	 98.260686	 98.241414	 98.222243	 98.203173	 98.184208	 98.165349	 98.146598	 98.127958	 98.109429	 98.091015	 98.072718	 98.054538	 98.036477	 98.018538	 98.000722	 97.983031	 97.965467	  97.94803	 97.930723	 97.913546	 97.896502	 97.879592	 97.862816	 97.846177	 97.829676	 97.813313	  97.79709	 97.781008	 97.765067	  97.74927	 97.733617	 97.718108	 97.702745	 97.687528	 97.672459	 97.657537	 97.642764	  97.62814	 97.613666	 97.599342	 97.585168	 97.571146	 97.557275	 97.543556	 97.529989	 97.516574	 97.503312	 97.490203	 97.477246	 97.464443	 97.451792	 97.439294	  97.42695	 97.414758	 97.402718	 97.390831	 97.379097	 97.367514	 97.356084	 97.344804	 97.333676	 97.322699	 97.311872	 97.301195	 97.290667	 97.280288	 97.270058	 97.259975	 97.250039	  97.24025	 97.230607	 97.221109	 97.211756	 97.202546	 97.193479	 97.184554	 97.175771	 97.167129	 97.158626	 97.150262	 97.142036	 97.133947	 97.125994	 97.118176	 97.110492	 97.102942	 97.095524	 97.088238	 97.081081	 97.074054	 97.067155	 97.060383	 97.053738	 97.047217	 97.040821	 97.034547	 97.028395	 97.022364	 97.016453	  97.01066	 97.004985	 96.999426	 96.993983	 96.988654	 96.983438	 96.978334	 96.973341	 96.968457	 96.963683	 96.959016	 96.954457	 96.950002	 96.945652	 96.941406	 96.937262	  96.93322	 96.929278	 96.925435	 96.921691	 96.918045	 96.914494	 96.911039	 96.907679	 96.904412	 96.901238	 96.898156	 96.895165	 96.892263	 96.889451	 96.886727	  96.88409	 96.881541	 96.879077	 96.876698	 96.874403	 96.872193	 96.870065	 96.868019	 96.866055	 96.864172	 96.862369	 96.860646	 96.859002	 96.857437	  96.85595	  96.85454	 96.853207	 96.851951	 96.850772	 96.849667	 96.848639	 96.847685	 96.846806	 96.846001	 96.845271	 96.844614	  96.84403	 96.843521	 96.843084	  96.84272	 96.842429	 96.842211	 96.842066	 96.841993	
        99	  98.97179	 98.943585	 98.915387	 98.887201	 98.859031	 98.830881	 98.802755	 98.774656	 98.746588	 98.718557	 98.690564	 98.662615	 98.634712	 98.606861	 98.579064	 98.551326	  98.52365	  98.49604	 98.468499	 98.441032	 98.413642	 98.386333	 98.359108	  98.33197	 98.304924	 98.277973	  98.25112	 98.224368	 98.197722	 98.171184	 98.144757	 98.118445	 98.092251	 98.066179	  98.04023	 98.014409	 97.988718	  97.96316	 97.937738	 97.912455	 97.887314	 97.862317	 97.837467	 97.812767	 97.788219	 97.763826	  97.73959	 97.715513	 97.691599	 97.667848	 97.644264	 97.620848	 97.597603	  97.57453	 97.551632	 97.528911	 97.506367	 97.484004	 97.461822	 97.439823	  97.41801	 97.396382	 97.374943	 97.353693	 97.332633	 97.311765	  97.29109	  97.27061	 97.250324	 97.230235	 97.210343	 97.190648	 97.171153	 97.151857	 97.132761	 97.113866	 97.095173	 97.076681	 97.058392	 97.040306	 97.022423	 97.004743	 96.987267	 96.969994	 96.952926	 96.936061	   96.9194	 96.902943	 96.886689	  96.87064	 96.854793	  96.83915	 96.823709	  96.80847	 96.793434	 96.778599	 96.763965	 96.749531	 96.735297	 96.721262	 96.707426	 96.693788	 96.680346	 96.667101	 96.654051	 96.641196	 96.628534	 96.616064	 96.603787	   96.5917	 96.579802	 96.568093	 96.556572	 96.545236	 96.534086	  96.52312	 96.512336	 96.501734	 96.491312	 96.481069	 96.471004	 96.461115	 96.451401	 96.441861	 96.432493	 96.423295	 96.414268	 96.405409	 96.396716	 96.388189	 96.379825	 96.371624	 96.363584	 96.355704	 96.347981	 96.340416	 96.333005	 96.325748	 96.318644	  96.31169	 96.304886	  96.29823	  96.29172	 96.285355	 96.279134	 96.273055	 96.267117	 96.261318	 96.255658	 96.250133	 96.244744	 96.239489	 96.234367	 96.229375	 96.224514	 96.219781	 96.215175	 96.210696	 96.206341	 96.202109	    96.198	 96.194012	 96.190144	 96.186395	 96.182764	 96.179249	  96.17585	 96.172565	 96.169394	 96.166335	 96.163388	 96.160551	 96.157824	 96.155206	 96.152696	 96.150292	 96.147995	 96.145804	 96.143717	 96.141734	 96.139855	 96.138079	 96.136404	 96.134831	 96.133359	 96.131988	 96.130716	 96.129545	 96.128472	 96.127498	 96.126622	 96.125845	 96.125165	 96.124583	 96.124098	  96.12371	  96.12342	 96.123226	 96.123129	
        99	 98.964745	 98.929496	 98.894256	 98.859031	 98.823826	 98.788646	 98.753495	 98.718379	 98.683302	  98.64827	 98.613286	 98.578357	 98.543486	 98.508679	 98.473941	 98.439275	 98.404687	 98.370182	 98.335764	 98.301437	 98.267207	 98.233077	 98.199053	 98.165139	 98.131338	 98.097656	 98.064097	 98.030664	 97.997363	 97.964198	 97.931171	 97.898288	 97.865553	 97.832969	  97.80054	  97.76827	 97.736163	 97.704223	 97.672452	 97.640855	 97.609435	 97.578195	  97.54714	 97.516271	 97.485593	 97.455107	 97.424819	  97.39473	 97.364843	 97.335161	 97.305687	 97.276423	 97.247373	 97.218538	 97.189921	 97.161525	 97.133352	 97.105403	 97.077682	 97.050189	 97.022928	   96.9959	 96.969106	 96.942549	  96.91623	 96.890151	 96.864313	 96.838717	 96.813366	 96.788259	 96.763399	 96.738786	 96.714422	 96.690307	 96.666443	 96.642829	 96.619467	 96.596358	 96.573501	 96.550898	 96.528549	 96.506454	 96.484613	 96.463027	 96.441696	 96.420619	 96.399797	  96.37923	 96.358918	  96.33886	 96.319056	 96.299505	 96.280208	 96.261164	 96.242373	 96.223833	 96.205544	 96.187506	 96.169717	 96.152178	 96.134886	 96.117841	 96.101043	  96.08449	 96.068181	 96.052115	 96.036291	 96.020708	 96.005364	 95.990258	  95.97539	 95.960756	 95.946357	 95.932191	 95.918256	 95.904551	 95.891075	 95.877825	   95.8648	 95.851999	  95.83942	 95.827061	 95.814922	 95.802999	 95.791291	 95.779797	 95.768515	 95.757443	  95.74658	 95.735923	 95.725471	 95.715222	 95.705174	 95.695325	 95.685674	 95.676219	 95.666958	 95.657889	  95.64901	  95.64032	 95.631817	 95.623498	 95.615363	 95.607408	 95.599634	 95.592037	 95.584615	 95.577369	 95.570294	  95.56339	 95.556656	 95.550088	 95.543686	 95.537448	 95.531373	 95.525458	 95.519702	 95.514103	 95.508661	 95.503373	 95.498237	 95.493254	  95.48842	 95.483734	 95.479196	 95.474804	 95.470556	 95.466451	 95.462487	 95.458665	 95.454981	 95.451436	 95.448028	 95.444756	 95.441619	 95.438615	 95.435745	 95.433006	 95.430398	  95.42792	 95.425571	 95.423351	 95.421259	 95.419293	 95.417453	 95.415739	  95.41415	 95.412686	 95.411345	 95.410128	 95.409034	 95.408062	 95.407212	 95.406485	 95.405879	 95.405394	 95.405031	 95.404789	 95.404668	
        99	 98.957705	 98.915417	  98.87314	 98.830881	 98.788646	  98.74644	  98.70427	 98.662142	  98.62006	 98.578032	 98.536063	 98.494158	 98.452325	 98.410567	 98.368891	 98.327303	 98.285809	 98.244413	 98.203122	  98.16194	 98.120874	  98.07993	 98.039111	 97.998424	 97.957874	 97.917466	 97.877205	 97.837096	 97.797145	 97.757357	 97.717735	 97.678286	 97.639014	 97.599923	 97.561018	 97.522304	 97.483786	 97.445467	 97.407352	 97.369445	 97.331751	 97.294273	 97.257016	 97.219983	 97.183178	 97.146606	 97.110269	 97.074171	 97.038316	 97.002707	 96.967347	  96.93224	 96.897388	 96.862795	 96.828464	 96.794398	 96.760598	 96.727069	 96.693811	 96.660829	 96.628124	 96.595698	 96.563554	 96.531694	 96.500119	 96.468832	 96.437834	 96.407128	 96.376714	 96.346594	 96.316769	 96.287242	 96.258012	 96.229082	 96.200451	 96.172122	 96.144095	 96.116371	  96.08895	 96.061834	 96.035021	 96.008514	 95.982312	 95.956415	 95.930824	 95.905539	 95.880559	 95.855885	 95.831516	 95.807453	 95.783694	  95.76024	  95.73709	 95.714243	 95.691698	 95.669456	 95.647515	 95.625875	 95.604534	 95.583492	 95.562747	 95.542299	 95.522147	 95.502288	 95.482722	 95.463448	 95.444464	 95.425769	 95.407361	 95.389239	 95.371401	 95.353846	 95.336571	 95.319576	 95.302859	 95.286417	 95.270249	 95.254353	 95.238728	  95.22337	  95.20828	 95.193453	 95.178889	 95.164585	  95.15054	 95.136751	 95.123216	 95.109933	   95.0969	 95.084115	 95.071575	  95.05928	 95.047225	  95.03541	 95.023832	 95.012489	 95.001378	 94.990498	 94.979847	 94.969421	 94.959219	  94.94924	  94.93948	 94.929937	  94.92061	 94.911496	 94.902593	 94.893899	 94.885411	 94.877129	 94.869049	  94.86117	  94.85349	 94.846007	 94.838718	 94.831621	 94.824716	    94.818	 94.811471	 94.805126	 94.798966	 94.792987	 94.787188	 94.781567	 94.776122	 94.770852	 94.765756	 94.760831	 94.756077	 94.751491	 94.747072	 94.742819	  94.73873	 94.734805	 94.731041	 94.727437	 94.723994	 94.720708	 94.717579	 94.714607	 94.711789	 94.709125	 94.706615	 94.704257	  94.70205	 94.699994	 94.698087	  94.69633	 94.694722	 94.693261	 94.691949	 94.690783	 94.689764	 94.688891	 94.688164	 94.687583	 94.687147	 94.686857	 94.686711	
        99	 98.950671	  98.90135	 98.852042	 98.802755	 98.753495	  98.70427	 98.655087	 98.605952	 98.556872	 98.507854	 98.458905	 98.410031	 98.361239	 98.312537	  98.26393	 98.215426	  98.16703	 98.118749	 98.070591	 98.022561	 97.974665	 97.926911	 97.879303	  97.83185	 97.784556	 97.737427	  97.69047	 97.643692	 97.597096	  97.55069	 97.504479	 97.458469	 97.412665	 97.367073	 97.321698	 97.276546	 97.231621	 97.186929	 97.142475	 97.098264	 97.054301	  97.01059	 96.967137	 96.923945	 96.881019	 96.838364	 96.795983	 96.753882	 96.712064	 96.670532	 96.629292	 96.588346	 96.547698	 96.507352	 96.467312	 96.427579	 96.388159	 96.349053	 96.310264	 96.271797	 96.233652	 96.195834	 96.158344	 96.121185	 96.084359	 96.047868	 96.011715	 95.975901	 95.940429	   95.9053	 95.870515	 95.836077	 95.801986	 95.768244	 95.734853	 95.701812	 95.669124	 95.636789	 95.604808	 95.573181	  95.54191	 95.510994	 95.480434	  95.45023	 95.420383	 95.390892	 95.361758	 95.332981	 95.304559	 95.276494	 95.248784	 95.221429	 95.194428	 95.167781	 95.141488	 95.115546	 95.089957	 95.064717	 95.039827	 95.015285	 94.991091	 94.967242	 94.943737	 94.920576	 94.897756	 94.875276	 94.853135	 94.831331	 94.809861	 94.788725	 94.767921	 94.747446	 94.727299	 94.707477	 94.687979	 94.668803	 94.649946	 94.631407	 94.613183	 94.595271	  94.57767	 94.560378	 94.543392	 94.526709	 94.510328	 94.494245	 94.478459	 94.462967	 94.447767	 94.432855	 94.418231	  94.40389	 94.389831	 94.376051	 94.362547	 94.349317	 94.336359	 94.323669	 94.311246	 94.299087	 94.287189	 94.275549	 94.264166	 94.253036	 94.242158	 94.231528	 94.221144	 94.211004	 94.201105	 94.191445	 94.182022	 94.172833	 94.163875	 94.155147	 94.146646	  94.13837	 94.130316	 94.122482	 94.114867	 94.107468	 94.100283	 94.093309	 94.086546	  94.07999	  94.07364	 94.067494	  94.06155	 94.055806	 94.050261	 94.044912	 94.039758	 94.034798	 94.030029	 94.025451	 94.021061	 94.016858	 94.012842	  94.00901	 94.005361	 94.001894	 93.998607	 93.995501	 93.992573	 93.989822	 93.987248	  93.98485	 93.982627	 93.980578	 93.978702	 93.976999	 93.975467	 93.974108	 93.972919	 93.971901	 93.971053	 93.970375	 93.969867	 93.969529	 93.969359	
        99	 98.943644	 98.887296	 98.830964	 98.774656	 98.718379	 98.662142	 98.605952	 98.549817	 98.493745	 98.437744	 98.381822	 98.325986	 98.270244	 98.214603	 98.159072	 98.103658	 98.048368	  97.99321	 97.938191	 97.883318	   97.8286	 97.774042	 97.719653	 97.665439	 97.611407	 97.557565	 97.503919	 97.450477	 97.397243	 97.344226	 97.291432	 97.238868	 97.186539	 97.134452	 97.082613	 97.031028	 96.979704	 96.928645	 96.877859	  96.82735	 96.777124	 96.727186	 96.677542	 96.628197	 96.579156	 96.530425	 96.482007	 96.433908	 96.386132	 96.338685	 96.291569	  96.24479	 96.198352	 96.152258	 96.106514	 96.061121	 96.016085	 95.971408	 95.927094	 95.883146	 95.839568	 95.796362	 95.753531	 95.711078	 95.669006	 95.627318	 95.586014	 95.545099	 95.504573	  95.46444	   95.4247	 95.385355	 95.346408	 95.307859	 95.269711	 95.231964	 95.194619	 95.157677	  95.12114	 95.085008	 95.049282	 95.013962	 94.979049	 94.944542	 94.910443	 94.876752	 94.843467	  94.81059	  94.77812	 94.746056	 94.714398	 94.683146	 94.652299	 94.621857	 94.591817	 94.562181	 94.532945	  94.50411	 94.475675	 94.447637	 94.419995	 94.392749	 94.365896	 94.339435	 94.313365	 94.287683	 94.262387	 94.237477	 94.212949	 94.188802	 94.165034	 94.141642	 94.118625	 94.095979	 94.073704	 94.051796	 94.030253	 94.009072	 93.988252	 93.967789	 93.947681	 93.927925	 93.908519	  93.88946	 93.870745	 93.852371	 93.834336	 93.816637	 93.799271	 93.782236	 93.765528	 93.749144	 93.733082	 93.717339	 93.701912	 93.686797	 93.671993	 93.657496	 93.643303	 93.629411	 93.615818	  93.60252	 93.589515	   93.5768	 93.564372	 93.552228	 93.540365	  93.52878	 93.517471	 93.506435	  93.49567	 93.485171	 93.474938	 93.464966	 93.455254	 93.445798	 93.436597	 93.427648	 93.418948	 93.410495	 93.402286	 93.394319	 93.386592	 93.379102	 93.371848	 93.364826	 93.358035	 93.351473	 93.345138	 93.339027	 93.333139	 93.327472	 93.322024	 93.316794	 93.311779	 93.306977	 93.302388	  93.29801	 93.293842	 93.289881	 93.286126	 93.282577	 93.279232	  93.27609	 93.273149	 93.270409	 93.267869	 93.265528	 93.263385	 93.261439	  93.25969	 93.258137	 93.256779	 93.255616	 93.254647	 93.253873	 93.253292	 93.252905	 93.252712	
        99	 98.936625	 98.873259	  98.80991	 98.746588	 98.683302	  98.62006	 98.556872	 98.493745	  98.43069	 98.367714	 98.304826	 98.242035	  98.17935	  98.11678	 98.054332	 97.992016	 97.929839	 97.867811	 97.805939	 97.744232	 97.682698	 97.621345	 97.560181	 97.499215	 97.438454	 97.377905	 97.317578	 97.257478	 97.197615	 97.137995	 97.078625	 97.019513	 96.960666	 96.902092	 96.843796	 96.785787	  96.72807	 96.670652	 96.613539	 96.556739	 96.500257	 96.444099	 96.388272	 96.332781	 96.277632	 96.222831	 96.168383	 96.114293	 96.060567	 96.007209	 95.954225	  95.90162	 95.849398	 95.797563	 95.746121	 95.695074	 95.644428	 95.594187	 95.544353	 95.494932	 95.445926	 95.397338	 95.349173	 95.301433	 95.254121	 95.207239	 95.160791	  95.11478	 95.069207	 95.024074	 94.979385	  94.93514	 94.891341	 94.847992	 94.805091	 94.762643	 94.720646	 94.679104	 94.638016	 94.597383	 94.557207	 94.517488	 94.478226	 94.439422	 94.401076	 94.363188	 94.325758	 94.288785	 94.252271	 94.216213	 94.180613	 94.145468	 94.110779	 94.076545	 94.042764	 94.009436	 93.976559	 93.944133	 93.912155	 93.880625	 93.849541	 93.818901	 93.788704	 93.758947	 93.729629	 93.700748	 93.672302	 93.644289	 93.616706	 93.589552	 93.562823	 93.536518	 93.510634	 93.485168	 93.460118	 93.435481	 93.411255	 93.387436	 93.364022	 93.341011	 93.318398	 93.296182	 93.274358	 93.252925	 93.231879	 93.211217	 93.190936	 93.171033	 93.151504	 93.132347	 93.113557	 93.095133	 93.077071	 93.059366	 93.042018	 93.025021	 93.008372	 92.992069	 92.976109	 92.960487	 92.945201	 92.930247	 92.915622	 92.901323	 92.887347	  92.87369	  92.86035	 92.847322	 92.834605	 92.822194	 92.810088	 92.798282	 92.786773	  92.77556	 92.764638	 92.754005	 92.743658	 92.733594	  92.72381	 92.714304	 92.705073	 92.696114	 92.687424	 92.679001	 92.670843	 92.662947	  92.65531	 92.647931	 92.640807	 92.633935	 92.627314	 92.620941	 92.614814	 92.608932	 92.603292	 92.597893	 92.592733	 92.587809	 92.583121	 92.578667	 92.574445	 92.570454	 92.566692	 92.563158	 92.559852	  92.55677	 92.553914	 92.551281	 92.548871	 92.546683	 92.544716	 92.542969	 92.541442	 92.540134	 92.539045	 92.538174	 92.537521	 92.537086	 92.536868	
        99	 98.929614	 98.859239	 98.788883	 98.718557	  98.64827	 98.578032	 98.507854	 98.437744	 98.367714	 98.297771	 98.227927	 98.158191	 98.088572	  98.01908	 97.949724	 97.880514	  97.81146	  97.74257	 97.673854	 97.605321	  97.53698	 97.468841	 97.400911	 97.333201	 97.265719	 97.198472	 97.131471	 97.064724	 96.998238	 96.932023	 96.866086	 96.800435	 96.735079	 96.670025	 96.605281	 96.540855	 96.476753	 96.412983	 96.349554	  96.28647	  96.22374	 96.161371	 96.099368	 96.037739	 95.976489	 95.915626	 95.855155	 95.795081	 95.735412	 95.676152	 95.617308	 95.558883	 95.500884	 95.443316	 95.386183	  95.32949	 95.273241	 95.217442	 95.162096	 95.107208	 95.052781	 94.998819	 94.945325	 94.892304	 94.839758	 94.787691	 94.736105	 94.685004	  94.63439	 94.584265	 94.534632	 94.485493	 94.436849	 94.388704	 94.341059	 94.293914	 94.247272	 94.201134	 94.155501	 94.110374	 94.065754	 94.021641	 93.978036	  93.93494	 93.892352	 93.850272	 93.808702	  93.76764	 93.727086	  93.68704	 93.647501	 93.608469	 93.569943	 93.531922	 93.494404	 93.457389	 93.420876	 93.384862	 93.349347	  93.31433	 93.279807	 93.245778	  93.21224	 93.179192	 93.146631	 93.114555	 93.082963	  93.05185	 93.021216	 92.991058	 92.961373	 92.932158	  92.90341	 92.875127	 92.847306	 92.819944	 92.793038	 92.766585	 92.740581	 92.715024	  92.68991	 92.665236	 92.640999	 92.617195	 92.593821	 92.570873	 92.548349	 92.526243	 92.504554	 92.483278	  92.46241	 92.441948	 92.421887	 92.402225	 92.382957	  92.36408	  92.34559	 92.327484	 92.309757	 92.292407	  92.27543	 92.258822	  92.24258	 92.226699	 92.211177	 92.196009	 92.181193	 92.166725	   92.1526	 92.138817	 92.125371	 92.112259	 92.099478	 92.087024	 92.074894	 92.063085	 92.051593	 92.040416	  92.02955	 92.018992	  92.00874	  91.99879	 91.989139	 91.979784	 91.970724	 91.961954	 91.953473	 91.945277	 91.937365	 91.929733	 91.922379	 91.915301	 91.908497	 91.901964	 91.895701	 91.889704	 91.883973	 91.878505	 91.873298	 91.868351	 91.863662	 91.859229	 91.855052	 91.851127	 91.847454	 91.844033	  91.84086	 91.837936	  91.83526	 91.832829	 91.830644	 91.828704	 91.827008	 91.825556	 91.824346	 91.823379	 91.822654	 91.822171	 91.821929	
        99	 98.922614	 98.845239	 98.767885	 98.690564	 98.613286	 98.536063	 98.458905	 98.381822	 98.304826	 98.227927	 98.151136	 98.074464	  97.99792	 97.921516	 97.845263	 97.769169	 97.693247	 97.617505	 97.541954	 97.466605	 97.391467	 97.316551	 97.241865	  97.16742	 97.093226	 97.019291	 96.945626	  96.87224	 96.799142	  96.72634	 96.653845	 96.581665	 96.509809	 96.438284	 96.367101	 96.296266	 96.225789	 96.155677	 96.085938	  96.01658	 95.947611	 95.879038	 95.810869	  95.74311	 95.675769	 95.608852	 95.542366	 95.476318	 95.410714	  95.34556	 95.280862	 95.216627	 95.152859	 95.089565	  95.02675	 94.964418	 94.902575	 94.841226	 94.780376	 94.720028	 94.660187	 94.600858	 94.542044	  94.48375	 94.425978	 94.368732	 94.312015	 94.255831	 94.200183	 94.145072	 94.090503	 94.036476	 93.982995	 93.930061	 93.877677	 93.825843	 93.774562	 93.723836	 93.673664	 93.624048	  93.57499	  93.52649	 93.478548	 93.431165	 93.384341	 93.338076	 93.292371	 93.247225	 93.202638	 93.158609	 93.115138	 93.072223	 93.029865	 92.988062	 92.946813	 92.906117	 92.865972	 92.826376	 92.787329	 92.748828	 92.710872	 92.673458	 92.636585	  92.60025	  92.56445	 92.529184	 92.494449	 92.460243	 92.426562	 92.393404	 92.360766	 92.328645	 92.297039	 92.265943	 92.235355	 92.205271	 92.175689	 92.146605	 92.118015	 92.089915	 92.062304	 92.035176	 92.008528	 91.982356	 91.956657	 91.931427	 91.906662	 91.882359	 91.858512	  91.83512	 91.812177	 91.789679	 91.767623	 91.746005	 91.724821	 91.704066	 91.683737	  91.66383	 91.644341	 91.625265	 91.606599	 91.588339	 91.570481	 91.553021	 91.535955	 91.519279	 91.502989	 91.487082	 91.471553	 91.456399	 91.441615	 91.427199	 91.413147	 91.399454	 91.386118	 91.373134	 91.360499	  91.34821	 91.336264	 91.324656	 91.313384	 91.302444	 91.291833	 91.281548	 91.271587	 91.261945	  91.25262	 91.243609	 91.234909	 91.226519	 91.218433	 91.210652	 91.203171	 91.195988	 91.189102	 91.182509	 91.176207	 91.170195	 91.164471	 91.159032	 91.153877	 91.149003	  91.14441	 91.140095	 91.136057	 91.132295	 91.128807	 91.125592	 91.122649	 91.119977	 91.117575	 91.115442	 91.113577	  91.11198	  91.11065	 91.109587	 91.108789	 91.108258	 91.107993	
        99	 98.915624	  98.83126	 98.746919	 98.662615	 98.578357	 98.494158	 98.410031	 98.325986	 98.242035	 98.158191	 98.074464	 97.990866	 97.907409	 97.824104	 97.740963	 97.657996	 97.575216	 97.492633	 97.410259	 97.328103	 97.246179	 97.164495	 97.083064	 97.001895	 96.920999	 96.840386	 96.760068	 96.680053	 96.600352	 96.520975	 96.441932	 96.363232	 96.284885	 96.206901	 96.129288	 96.052055	 95.975212	 95.898767	 95.822729	 95.747107	 95.671909	 95.597142	 95.522815	 95.448936	 95.375512	 95.302551	  95.23006	 95.158046	 95.086516	 95.015478	 94.944936	 94.874899	 94.805372	  94.73636	 94.667871	 94.599909	 94.532481	 94.465591	 94.399244	 94.333445	   94.2682	 94.203512	 94.139386	 94.075826	 94.012835	 93.950419	 93.888579	 93.827321	 93.766646	 93.706558	 93.647059	 93.588153	 93.529841	 93.472126	  93.41501	 93.358495	 93.302582	 93.247273	  93.19257	 93.138473	 93.084983	 93.032102	  92.97983	 92.928167	 92.877114	 92.826671	 92.776837	 92.727614	 92.678999	 92.630993	 92.583596	 92.536805	 92.490621	 92.445042	 92.400067	 92.355695	 92.311924	 92.268752	 92.226178	   92.1842	 92.142815	 92.102022	 92.061818	 92.022201	 91.983168	 91.944717	 91.906845	 91.869548	 91.832825	 91.796672	 91.761087	 91.726065	 91.691603	 91.657698	 91.624348	 91.591547	 91.559293	 91.527581	 91.496409	 91.465772	 91.435666	 91.406087	 91.377032	 91.348497	 91.320477	 91.292968	 91.265966	 91.239468	 91.213467	 91.187962	 91.162946	 91.138417	 91.114369	 91.090798	   91.0677	 91.045071	 91.022906	 91.001201	 90.979951	 90.959152	 90.938801	 90.918891	  90.89942	 90.880383	 90.861776	 90.843593	 90.825832	 90.808488	 90.791556	 90.775033	 90.758915	 90.743196	 90.727875	 90.712945	 90.698404	 90.684248	 90.670472	 90.657073	 90.644047	 90.631391	 90.619101	 90.607173	 90.595604	  90.58439	 90.573528	 90.563016	 90.552848	 90.543024	 90.533538	 90.524389	 90.515574	 90.507089	 90.498933	 90.491101	 90.483593	 90.476404	 90.469534	 90.462979	 90.456738	 90.450807	 90.445186	 90.439872	 90.434864	  90.43016	 90.425757	 90.421655	 90.417852	 90.414347	 90.411138	 90.408225	 90.405606	  90.40328	 90.401247	 90.399506	 90.398055	 90.396896	 90.396027	 90.395447	 90.395158	
        99	 98.908646	 98.817305	 98.725989	 98.634712	 98.543486	 98.452325	 98.361239	 98.270244	  98.17935	 98.088572	  97.99792	 97.907409	  97.81705	 97.726855	 97.636838	  97.54701	 97.457384	 97.367971	 97.278784	 97.189835	 97.101135	 97.012696	  96.92453	 96.836648	 96.749062	 96.661783	 96.574821	 96.488189	 96.401897	 96.315956	 96.230376	 96.145167	 96.060341	 95.975907	 95.891875	 95.808255	 95.725057	  95.64229	 95.559964	 95.478087	  95.39667	  95.31572	 95.235246	 95.155257	 95.075761	 94.996766	 94.918279	  94.84031	 94.762865	 94.685951	 94.609576	 94.533746	 94.458469	  94.38375	 94.309597	 94.236015	  94.16301	 94.090587	 94.018754	 93.947513	 93.876872	 93.806834	 93.737405	 93.668588	 93.600388	  93.53281	 93.465856	 93.399532	 93.333839	 93.268781	 93.204362	 93.140584	  93.07745	 93.014961	 92.953122	 92.891933	 92.831396	 92.771513	 92.712286	 92.653715	 92.595802	 92.538547	 92.481952	 92.426017	 92.370741	 92.316126	 92.262172	 92.208877	 92.156242	 92.104266	 92.052948	 92.002288	 91.952285	 91.902936	 91.854242	   91.8062	 91.758809	 91.712067	 91.665972	 91.620522	 91.575715	 91.531548	 91.488019	 91.445125	 91.402864	 91.361233	 91.320229	 91.279848	 91.240088	 91.200945	 91.162416	 91.124498	 91.087186	 91.050478	 91.014369	 90.978855	 90.943934	   90.9096	 90.875849	 90.842678	 90.810083	 90.778058	   90.7466	 90.715705	 90.685367	 90.655584	 90.626349	 90.597658	 90.569508	 90.541893	 90.514809	 90.488251	 90.462214	 90.436694	 90.411686	 90.387185	 90.363187	 90.339686	 90.316679	 90.294161	 90.272126	  90.25057	 90.229489	 90.208877	 90.188731	 90.169045	 90.149815	 90.131036	 90.112704	 90.094815	 90.077363	 90.060345	 90.043756	 90.027592	 90.011848	 89.996521	 89.981606	 89.967099	 89.952996	 89.939293	 89.925986	 89.913072	 89.900546	 89.888405	 89.876645	 89.865263	 89.854255	 89.843618	 89.833348	 89.823442	 89.813898	 89.804712	  89.79588	 89.787401	 89.779272	 89.771489	  89.76405	 89.756953	 89.750195	 89.743775	 89.737689	 89.731936	 89.726513	 89.721419	 89.716653	 89.712211	 89.708094	 89.704299	 89.700825	 89.697671	 89.694835	 89.692317	 89.690116	  89.68823	  89.68666	 89.685405	 89.684464	 89.683836	 89.683523	
        99	 98.901681	 98.803375	 98.705097	 98.606861	 98.508679	 98.410567	 98.312537	 98.214603	  98.11678	  98.01908	 97.921516	 97.824104	 97.726855	 97.629784	 97.532903	 97.436227	 97.339767	 97.243537	  97.14755	 97.051818	 96.956355	 96.861173	 96.766285	 96.671703	 96.577439	 96.483505	 96.389913	 96.296676	 96.203804	  96.11131	 96.019205	   95.9275	 95.836206	 95.745334	 95.654895	   95.5649	 95.475358	 95.386281	 95.297677	 95.209558	 95.121933	 95.034811	 94.948201	 94.862113	 94.776556	 94.691538	 94.607068	 94.523153	 94.439803	 94.357025	 94.274827	 94.193215	 94.112199	 94.031783	 93.951976	 93.872783	 93.794212	 93.716268	 93.638957	 93.562285	 93.486258	  93.41088	 93.336157	 93.262093	 93.188694	 93.115963	 93.043904	 92.972522	 92.901821	 92.831803	 92.762472	 92.693831	 92.625883	 92.558631	 92.492076	 92.426222	 92.361069	  92.29662	 92.232877	 92.169841	 92.107512	 92.045892	 91.984982	 91.924781	 91.865292	 91.806513	 91.748444	 91.691086	 91.634438	 91.578499	 91.523268	 91.468746	  91.41493	 91.361819	 91.309412	 91.257707	 91.206702	 91.156397	 91.106787	 91.057872	 91.009648	 90.962114	 90.915266	 90.869102	 90.823619	 90.778813	 90.734682	 90.691223	 90.648431	 90.606304	 90.564838	 90.524028	 90.483872	 90.444364	 90.405502	 90.367281	 90.329697	 90.292745	 90.256421	 90.220721	  90.18564	 90.151174	 90.117318	 90.084067	 90.051416	 90.019361	 89.987898	  89.95702	 89.926723	 89.897002	 89.867853	  89.83927	 89.811248	 89.783782	 89.756867	 89.730498	 89.704671	 89.679378	 89.654617	 89.630382	 89.606667	 89.583468	 89.560779	 89.538596	 89.516913	 89.495726	  89.47503	  89.45482	  89.43509	 89.415836	 89.397054	 89.378739	 89.360885	 89.343488	 89.326544	 89.310048	 89.293996	 89.278383	 89.263205	 89.248457	 89.234136	 89.220236	 89.206756	 89.193689	 89.181032	 89.168782	 89.156935	 89.145487	 89.134434	 89.123773	 89.113501	 89.103614	  89.09411	 89.084984	 89.076235	 89.067859	 89.059853	 89.052215	 89.044942	 89.038031	 89.031481	  89.02529	 89.019454	 89.013971	 89.008841	 89.004062	  88.99963	 88.995546	 88.991807	 88.988412	  88.98536	  88.98265	 88.980281	 88.978252	 88.976562	 88.975211	 88.974198	 88.973523	 88.973186	
        99	 98.894729	 98.789473	 98.684246	 98.579064	 98.473941	 98.368891	  98.26393	 98.159072	 98.054332	 97.949724	 97.845263	 97.740963	 97.636838	 97.532903	 97.429173	 97.325661	  97.22238	 97.119347	 97.016573	 96.914073	  96.81186	 96.709948	 96.608351	 96.507081	 96.406152	 96.305577	 96.205368	 96.105538	   96.0061	 95.907066	 95.808449	  95.71026	 95.612511	 95.515214	  95.41838	 95.322022	 95.226149	 95.130774	 95.035906	 94.941556	 94.847735	 94.754453	  94.66172	 94.569545	 94.477939	  94.38691	 94.296467	 94.206619	 94.117376	 94.028745	 93.940735	 93.853353	 93.766608	 93.680507	 93.595057	 93.510265	 93.426138	 93.342683	 93.259906	 93.177813	  93.09641	 93.015703	 92.935697	 92.856396	 92.777807	 92.699934	  92.62278	 92.546352	 92.470651	 92.395683	  92.32145	 92.247956	 92.175203	 92.103196	 92.031935	 91.961425	 91.891666	  91.82266	  91.75441	 91.686916	 91.620181	 91.554204	 91.488987	 91.424531	 91.360835	 91.297899	 91.235725	 91.174311	 91.113658	 91.053764	 90.994629	 90.936251	  90.87863	 90.821764	 90.765651	 90.710291	  90.65568	 90.601817	   90.5487	 90.496326	 90.444693	 90.393798	 90.343637	 90.294209	  90.24551	 90.197537	 90.150286	 90.103754	 90.057937	 90.012831	 89.968432	 89.924737	 89.881742	 89.839441	 89.797831	 89.756908	 89.716666	 89.677101	 89.638209	 89.599985	 89.562424	 89.525521	 89.489271	 89.453669	 89.418709	 89.384388	   89.3507	 89.317639	   89.2852	 89.253378	 89.222168	 89.191564	  89.16156	 89.132153	 89.103335	 89.075101	 89.047447	 89.020367	 88.993855	 88.967906	 88.942514	 88.917675	 88.893382	  88.86963	 88.846415	  88.82373	  88.80157	 88.779931	 88.758806	 88.738191	 88.718081	 88.698471	 88.679354	 88.660728	 88.642586	 88.624923	 88.607736	 88.591019	 88.574768	 88.558977	 88.543643	 88.528762	 88.514328	 88.500337	 88.486786	 88.473669	 88.460984	 88.448727	 88.436892	 88.425478	  88.41448	 88.403894	 88.393717	 88.383946	 88.374578	  88.36561	 88.357038	  88.34886	 88.341073	 88.333674	 88.326661	 88.320031	 88.313782	 88.307913	  88.30242	 88.297302	 88.292557	 88.288184	 88.284181	 88.280546	 88.277278	 88.274377	  88.27184	 88.269668	 88.267858	 88.266412	 88.265327	 88.264604	 88.264243	
        99	 98.887792	   98.7756	 98.663439	 98.551326	 98.439275	 98.327303	 98.215426	 98.103658	 97.992016	 97.880514	 97.769169	 97.657996	  97.54701	 97.436227	 97.325661	 97.215327	 97.105241	 96.995418	 96.885871	 96.776617	 96.667669	 96.559042	 96.450749	 96.342806	 96.235226	 96.128023	 96.021211	 95.914803	 95.808812	 95.703252	 95.598136	 95.493477	 95.389286	 95.285578	 95.182364	 95.079655	 94.977465	 94.875805	 94.774685	 94.674118	 94.574115	 94.474686	 94.375842	 94.277593	  94.17995	 94.082922	 93.986519	 93.890751	 93.795627	 93.701156	 93.607346	 93.514206	 93.421745	  93.32997	 93.238889	  93.14851	 93.058839	 92.969885	 92.881653	  92.79415	 92.707383	 92.621358	 92.536079	 92.451553	 92.367785	  92.28478	 92.202543	 92.121077	 92.040388	  91.96048	 91.881355	 91.803018	 91.725472	 91.648719	 91.572763	 91.497606	  91.42325	 91.349697	 91.276949	 91.205008	 91.133875	 91.063551	 90.994036	 90.925332	 90.857439	 90.790356	 90.724085	 90.658624	 90.593974	 90.530133	 90.467101	 90.404876	 90.343458	 90.282845	 90.223035	 90.164026	 90.105817	 90.048405	 89.991787	 89.935962	 89.880926	 89.826677	 89.773212	 89.720526	 89.668618	 89.617484	 89.567119	  89.51752	 89.468684	 89.420606	 89.373282	 89.326707	 89.280878	  89.23579	 89.191438	 89.147818	 89.104925	 89.062753	 89.021298	 88.980555	 88.940519	 88.901184	 88.862545	 88.824597	 88.787334	 88.750751	 88.714843	 88.679603	 88.645027	 88.611108	 88.577841	  88.54522	  88.51324	 88.481894	 88.451177	 88.421083	 88.391607	 88.362742	 88.334483	 88.306824	 88.279759	 88.253283	 88.227389	 88.202072	 88.177327	 88.153147	 88.129527	 88.106462	 88.083945	 88.061972	 88.040537	 88.019634	 87.999258	 87.979404	 87.960066	  87.94124	  87.92292	 87.905102	 87.887779	 87.870948	 87.854604	 87.838741	 87.823356	 87.808444	 87.793999	 87.780019	 87.766498	 87.753432	 87.740818	 87.728652	 87.716928	 87.705645	 87.694798	 87.684383	 87.674398	 87.664838	 87.655702	 87.646985	 87.638684	 87.630798	 87.623323	 87.616256	 87.609596	 87.603339	 87.597485	 87.592029	 87.586972	 87.582311	 87.578044	 87.574169	 87.570686	 87.567593	  87.56489	 87.562574	 87.560645	 87.559104	 87.557948	 87.557177	 87.556792	
        99	 98.880871	 98.761758	 98.642679	  98.52365	 98.404687	 98.285809	  98.16703	 98.048368	 97.929839	  97.81146	 97.693247	 97.575216	 97.457384	 97.339767	  97.22238	 97.105241	 96.988365	 96.871767	 96.755463	  96.63947	 96.523801	 96.408473	 96.293501	   96.1789	 96.064684	 95.950868	 95.837467	 95.724495	 95.611966	 95.499895	 95.388295	  95.27718	 95.166563	 95.056457	 94.946876	 94.837832	 94.729339	 94.621407	 94.514051	  94.40728	 94.301108	 94.195546	 94.090605	 93.986296	 93.882629	 93.779617	 93.677267	 93.575592	   93.4746	 93.374301	 93.274705	  93.17582	 93.077655	 92.980219	  92.88352	 92.787566	 92.692364	 92.597923	 92.504248	 92.411348	 92.319229	 92.227897	 92.137358	 92.047618	 91.958683	 91.870558	 91.783248	 91.696757	 91.611091	 91.526253	 91.442248	 91.359079	 91.276749	 91.195262	 91.114621	 91.034827	 90.955885	 90.877795	  90.80056	 90.724181	  90.64866	 90.573998	 90.500196	 90.427254	 90.355172	 90.283952	 90.213593	 90.144094	 90.075456	 90.007677	 89.940757	 89.874694	 89.809487	 89.745135	 89.681636	 89.618987	 89.557187	 89.496234	 89.436124	 89.376855	 89.318424	 89.260829	 89.204066	 89.148131	 89.093021	 89.038732	  88.98526	 88.932602	 88.880754	  88.82971	 88.779466	 88.730019	 88.681363	 88.633494	 88.586406	 88.540095	 88.494556	 88.449783	 88.405771	 88.362515	 88.320009	 88.278247	 88.237225	 88.196936	 88.157375	 88.118536	 88.080412	 88.042999	  88.00629	 87.970279	 87.934959	 87.900326	 87.866373	 87.833094	 87.800483	 87.768533	 87.737238	 87.706593	  87.67659	 87.647225	 87.618491	 87.590381	  87.56289	 87.536012	  87.50974	 87.484069	 87.458992	 87.434504	 87.410598	  87.38727	 87.364512	  87.34232	 87.320687	 87.299608	 87.279078	 87.259091	 87.239641	 87.220723	 87.202332	 87.184463	  87.16711	 87.150269	 87.133935	 87.118103	 87.102767	 87.087925	  87.07357	 87.059698	 87.046306	 87.033389	 87.020943	 87.008963	 86.997447	  86.98639	 86.975789	 86.965639	 86.955939	 86.946684	 86.937872	 86.929499	 86.921563	  86.91406	 86.906989	 86.900347	 86.894131	 86.888339	  86.88297	 86.878021	 86.873491	 86.869377	  86.86568	 86.862396	 86.859525	 86.857067	 86.855019	 86.853382	 86.852155	 86.851337	 86.850928	
