Time step 5:
        99	        99	        99	        99	        99	        99	        99	        99	        99	        99	        99	        99	        99	        99	        99	        99	        99	        99	        99	        99	        99	        99	        99	        99	        99	        99	        99	        99	        99	        99	        99	        99	        99	        99	        99	        99	        99	        99	        99	        99	        99	        99	        99	        99	        99	        99	        99	        99	        99	        99	        99	        99	        99	        99	        99	        99	        99	        99	        99	        99	        99	        99	        99	        99	        99	        99	        99	        99	        99	        99	        99	        99	        99	        99	        99	        99	        99	        99	        99	        99	        99	        99	        99	        99	        99	        99	        99	        99	        99	        99	        99	        99	        99	        99	        99	        99	        99	        99	        99	        99	        99	        99	        99	        99	        99	        99	        99	        99	        99	        99	        99	        99	        99	        99	        99	        99	        99	        99	        99	        99	        99	        99	        99	        99	        99	        99	        99	        99	        99	        99	        99	        99	        99	        99	        99	        99	        99	        99	        99	        99	        99	        99	        99	        99	        99	        99	        99	        99	        99	        99	        99	        99	        99	        99	        99	        99	        99	        99	        99	        99	        99	        99	        99	        99	        99	        99	        99	        99	        99	        99	        99	        99	        99	        99	        99	        99	        99	        99	        99	        99	        99	        99	        99	        99	        99	        99	        99	        99	        99	        99	        99	        99	        99	        99	        99	        99	        99	        99	        99	        99	
        99	 98.873081	 98.746483	 98.620523	 98.495514	 98.371763	 98.249564	 98.129205	 98.010955	 97.895072	 97.781793	 97.671341	 97.563917	   97.4597	  97.35885	 97.261505	 97.167779	 97.077766	 96.991537	  96.90914	 96.830604	 96.755937	 96.685126	 96.618143	 96.554939	 96.495453	 96.439605	 96.387306	 96.338453	 96.292934	 96.250629	  96.21141	 96.175142	 96.141688	 96.110908	 96.082659	 96.056798	 96.033182	 96.011671	 95.992127	 95.974414	 95.958401	 95.943961	 95.930973	 95.919319	  95.90889	 95.899578	 95.891287	 95.883922	 95.877396	 95.871628	 95.866543	 95.862072	 95.858149	 95.854717	 95.851721	 95.849113	 95.846848	 95.844886	  95.84319	 95.841728	 95.840472	 95.839394	 95.838472	 95.837685	 95.837015	 95.836446	 95.835964	 95.835557	 95.835214	 95.834925	 95.834683	 95.834481	 95.834312	 95.834171	 95.834055	 95.833958	 95.833878	 95.833812	 95.833758	 95.833714	 95.833677	 95.833648	 95.833624	 95.833604	 95.833588	 95.833575	 95.833565	 95.833557	  95.83355	 95.833545	  95.83354	 95.833537	 95.833534	 95.833532	  95.83353	 95.833529	 95.833528	 95.833527	 95.833527	 95.833526	 95.833526	 95.833525	 95.833525	 95.833525	 95.833525	 95.833525	 95.833525	 95.833525	 95.833525	 95.833525	 95.833524	 95.833524	 95.833524	 95.833524	 95.833524	 95.833524	 95.833524	 95.833524	 95.833524	 95.833524	 95.833524	 95.833524	 95.833524	 95.833524	 95.833524	 95.833524	 95.833524	 95.833524	 95.833524	 95.833524	 95.833524	 95.833524	 95.833524	 95.833524	 95.833524	 95.833524	 95.833524	 95.833524	 95.833524	 95.833524	 95.833524	 95.833524	 95.833524	 95.833524	 95.833524	 95.833524	 95.833524	 95.833524	 95.833524	 95.833524	 95.833524	 95.833524	 95.833524	 95.833524	 95.833524	 95.833524	 95.833524	 95.833524	 95.833524	 95.833524	 95.833524	 95.833524	 95.833524	 95.833524	 95.833524	 95.833524	 95.833524	 95.833524	 95.833524	 95.833524	 95.833524	 95.833524	 95.833524	 95.833524	 95.833524	 95.833524	 95.833524	 95.833524	 95.833524	 95.833524	 95.833524	 95.833524	 95.833524	 95.833524	 95.833524	 95.833524	 95.833524	 95.833524	 95.833524	 95.833524	 95.833524	 95.833524	 95.833524	 95.833524	 95.833524	 95.833524	 95.833524	 95.833524	 95.833524	
        99	 98.746483	 98.493606	 98.242004	 97.992302	  97.74511	 97.501022	 97.260607	 97.024406	 96.792932	 96.566661	 96.346036	 96.131458	 95.923287	 95.721842	 95.527397	 95.340182	 95.160384	 94.988142	 94.823557	 94.666683	 94.517537	 94.376095	 94.242297	 94.116049	 93.997226	 93.885671	 93.781205	 93.683623	   93.5927	 93.508197	 93.429857	 93.357413	  93.29059	 93.229107	  93.17268	 93.121023	 93.073851	 93.030884	 92.991845	 92.956464	 92.924478	 92.895635	 92.869691	 92.846413	  92.82558	 92.806981	 92.790419	 92.775707	 92.762672	 92.751151	 92.740994	 92.732062	 92.724227	 92.717371	 92.711387	 92.706178	 92.701653	 92.697733	 92.694346	 92.691427	 92.688917	 92.686764	 92.684922	  92.68335	 92.682012	 92.680875	 92.679913	 92.679099	 92.678414	 92.677838	 92.677354	  92.67695	 92.676613	 92.676332	 92.676099	 92.675906	 92.675746	 92.675614	 92.675506	 92.675418	 92.675345	 92.675286	 92.675238	 92.675199	 92.675167	 92.675141	 92.675121	 92.675104	 92.675091	  92.67508	 92.675071	 92.675065	 92.675059	 92.675055	 92.675052	 92.675049	 92.675047	 92.675045	 92.675044	 92.675043	 92.675042	 92.675042	 92.675041	 92.675041	 92.675041	  92.67504	  92.67504	  92.67504	  92.67504	  92.67504	  92.67504	  92.67504	  92.67504	  92.67504	  92.67504	  92.67504	  92.67504	  92.67504	  92.67504	  92.67504	  92.67504	  92.67504	  92.67504	  92.67504	  92.67504	  92.67504	  92.67504	  92.67504	  92.67504	  92.67504	  92.67504	  92.67504	  92.67504	  92.67504	  92.67504	  92.67504	  92.67504	  92.67504	  92.67504	  92.67504	  92.67504	  92.67504	  92.67504	  92.67504	  92.67504	  92.67504	  92.67504	  92.67504	  92.67504	  92.67504	  92.67504	  92.67504	  92.67504	  92.67504	  92.67504	  92.67504	  92.67504	  92.67504	  92.67504	  92.67504	  92.67504	  92.67504	  92.67504	  92.67504	  92.67504	  92.67504	  92.67504	  92.67504	  92.67504	  92.67504	  92.67504	  92.67504	  92.67504	  92.67504	  92.67504	  92.67504	  92.67504	  92.67504	  92.67504	  92.67504	  92.67504	  92.67504	  92.67504	  92.67504	  92.67504	  92.67504	  92.67504	  92.67504	  92.67504	  92.67504	  92.67504	  92.67504	  92.67504	  92.67504	  92.67504	  92.67504	  92.67504	  92.67504	  92.67504	
        99	 98.620523	 98.242004	 97.865393	 97.491626	 97.121617	 96.756254	 96.396387	  96.04283	 95.696347	 95.357654	 95.027411	 94.706219	 94.394619	 94.093086	 93.802031	 93.521798	 93.252666	 92.994846	 92.748486	 92.513669	  92.29042	 92.078702	 91.878427	 91.689453	 91.511592	 91.344611	 91.188241	 91.042175	 90.906078	 90.779588	 90.662325	 90.553887	 90.453863	 90.361833	 90.277369	 90.200046	 90.129437	 90.065122	 90.006686	 89.953726	 89.905848	 89.862674	  89.82384	 89.788997	 89.757812	 89.729973	 89.705182	  89.68316	 89.663649	 89.646404	   89.6312	  89.61783	 89.606102	  89.59584	 89.586883	 89.579085	 89.572312	 89.566445	 89.561375	 89.557005	 89.553248	 89.550025	 89.547268	 89.544915	 89.542912	 89.541211	  89.53977	 89.538553	 89.537527	 89.536664	 89.535941	 89.535336	 89.534831	  89.53441	 89.534061	 89.533772	 89.533533	 89.533337	 89.533175	 89.533042	 89.532933	 89.532845	 89.532773	 89.532714	 89.532666	 89.532628	 89.532597	 89.532572	 89.532552	 89.532536	 89.532524	 89.532514	 89.532506	 89.532499	 89.532494	  89.53249	 89.532487	 89.532485	 89.532483	 89.532481	  89.53248	 89.532479	 89.532478	 89.532478	 89.532477	 89.532477	 89.532477	 89.532477	 89.532477	 89.532476	 89.532476	 89.532476	 89.532476	 89.532476	 89.532476	 89.532476	 89.532476	 89.532476	 89.532476	 89.532476	 89.532476	 89.532476	 89.532476	 89.532476	 89.532476	 89.532476	 89.532476	 89.532476	 89.532476	 89.532476	 89.532476	 89.532476	 89.532476	 89.532476	 89.532476	 89.532476	 89.532476	 89.532476	 89.532476	 89.532476	 89.532476	 89.532476	 89.532476	 89.532476	 89.532476	 89.532476	 89.532476	 89.532476	 89.532476	 89.532476	 89.532476	 89.532476	 89.532476	 89.532476	 89.532476	 89.532476	 89.532476	 89.532476	 89.532476	 89.532476	 89.532476	 89.532476	 89.532476	 89.532476	 89.532476	 89.532476	 89.532476	 89.532476	 89.532476	 89.532476	 89.532476	 89.532476	 89.532476	 89.532476	 89.532476	 89.532476	 89.532476	 89.532476	 89.532476	 89.532476	 89.532476	 89.532476	 89.532476	 89.532476	 89.532476	 89.532476	 89.532476	 89.532476	 89.532476	 89.532476	 89.532476	 89.532476	 89.532476	 89.532476	 89.532476	 89.532476	 89.532476	 89.532476	 89.532476	
        99	 98.495514	 97.992302	 97.491626	 96.994731	 96.502832	 96.017109	 95.538694	 95.068666	 94.608044	 94.157777	 93.718744	 93.291743	 92.877494	 92.476629	 92.089693	 91.717145	 91.359354	 91.016603	 90.689085	 90.376915	 90.080121	 89.798659	 89.532408	 89.281181	 89.044728	  88.82274	 88.614857	 88.420674	 88.239743	 88.071585	 87.915692	 87.771532	 87.638558	 87.516211	 87.403923	 87.301128	 87.207259	 87.121756	  87.04407	 86.973663	 86.910014	 86.852618	  86.80099	 86.754668	 86.713211	 86.676201	 86.643243	 86.613967	 86.588028	 86.565102	  86.54489	 86.527116	 86.511524	 86.497882	 86.485974	 86.475607	 86.466603	 86.458803	 86.452063	 86.446254	 86.441258	 86.436974	 86.433309	 86.430181	 86.427518	 86.425256	 86.423341	 86.421723	 86.420359	 86.419212	  86.41825	 86.417446	 86.416774	 86.416216	 86.415751	 86.415367	  86.41505	 86.414788	 86.414573	 86.414396	 86.414252	 86.414134	 86.414038	  86.41396	 86.413897	 86.413846	 86.413805	 86.413772	 86.413745	 86.413724	 86.413707	 86.413694	 86.413683	 86.413675	 86.413668	 86.413663	 86.413658	 86.413655	 86.413653	 86.413651	 86.413649	 86.413648	 86.413647	 86.413646	 86.413646	 86.413645	 86.413645	 86.413645	 86.413645	 86.413644	 86.413644	 86.413644	 86.413644	 86.413644	 86.413644	 86.413644	 86.413644	 86.413644	 86.413644	 86.413644	 86.413644	 86.413644	 86.413644	 86.413644	 86.413644	 86.413644	 86.413644	 86.413644	 86.413644	 86.413644	 86.413644	 86.413644	 86.413644	 86.413644	 86.413644	 86.413644	 86.413644	 86.413644	 86.413644	 86.413644	 86.413644	 86.413644	 86.413644	 86.413644	 86.413644	 86.413644	 86.413644	 86.413644	 86.413644	 86.413644	 86.413644	 86.413644	 86.413644	 86.413644	 86.413644	 86.413644	 86.413644	 86.413644	 86.413644	 86.413644	 86.413644	 86.413644	 86.413644	 86.413644	 86.413644	 86.413644	 86.413644	 86.413644	 86.413644	 86.413644	 86.413644	 86.413644	 86.413644	 86.413644	 86.413644	 86.413644	 86.413644	 86.413644	 86.413644	 86.413644	 86.413644	 86.413644	 86.413644	 86.413644	 86.413644	 86.413644	 86.413644	 86.413644	 86.413644	 86.413644	 86.413644	 86.413644	 86.413644	 86.413644	 86.413644	 86.413644	 86.413644	 86.413644	 86.413644	
        99	 98.371763	  97.74511	 97.121617	 96.502832	  95.89027	 95.285398	 94.689626	 94.104299	 93.530684	 92.969966	 92.423236	 91.891492	 91.375626	 90.876427	 90.394575	  89.93064	 89.485082	 89.058252	 88.650394	 88.261647	 87.892049	 87.541543	 87.209981	 86.897127	 86.602671	 86.326229	 86.067352	 85.825535	 85.600221	 85.390814	 85.196679	 85.017157	 84.851564	 84.699204	 84.559372	 84.431361	 84.314466	 84.207989	 84.111246	 84.023569	 83.944306	  83.87283	 83.808538	 83.750854	 83.699227	 83.653137	 83.612095	 83.575638	 83.543335	 83.514786	 83.489616	 83.467482	 83.448066	 83.431076	 83.416248	 83.403337	 83.392125	 83.382412	 83.374019	 83.366784	 83.360563	 83.355228	 83.350663	 83.346768	 83.343452	 83.340636	 83.338251	 83.336235	 83.334537	 83.333109	 83.331911	 83.330909	 83.330073	 83.329377	 83.328799	 83.328321	 83.327925	 83.327599	 83.327331	 83.327111	 83.326932	 83.326785	 83.326665	 83.326568	  83.32649	 83.326426	 83.326375	 83.326334	 83.326301	 83.326275	 83.326254	 83.326237	 83.326224	 83.326213	 83.326205	 83.326198	 83.326193	 83.326189	 83.326186	 83.326183	 83.326181	  83.32618	 83.326179	 83.326178	 83.326177	 83.326176	 83.326176	 83.326176	 83.326175	 83.326175	 83.326175	 83.326175	 83.326175	 83.326175	 83.326175	 83.326175	 83.326175	 83.326175	 83.326175	 83.326175	 83.326175	 83.326175	 83.326175	 83.326175	 83.326175	 83.326175	 83.326175	 83.326175	 83.326175	 83.326175	 83.326175	 83.326175	 83.326175	 83.326175	 83.326175	 83.326175	 83.326175	 83.326175	 83.326175	 83.326175	 83.326175	 83.326175	 83.326175	 83.326175	 83.326175	 83.326175	 83.326175	 83.326175	 83.326175	 83.326175	 83.326175	 83.326175	 83.326175	 83.326175	 83.326175	 83.326175	 83.326175	 83.326175	 83.326175	 83.326175	 83.326175	 83.326175	 83.326175	 83.326175	 83.326175	 83.326175	 83.326175	 83.326175	 83.326175	 83.326175	 83.326175	 83.326175	 83.326175	 83.326175	 83.326175	 83.326175	 83.326175	 83.326175	 83.326175	 83.326175	 83.326175	 83.326175	 83.326175	 83.326175	 83.326175	 83.326175	 83.326175	 83.326175	 83.326175	 83.326175	 83.326175	 83.326175	 83.326175	 83.326175	 83.326175	 83.326175	 83.326175	 83.326175	 83.326175	
        99	 98.249564	 97.501022	 96.756254	 96.017109	 95.285398	 94.562872	 93.851217	 93.152038	  92.46685	 91.797066	 91.143993	 90.508819	 89.892612	 89.296315	 88.720738	 88.166563	  87.63434	 87.124487	 86.637297	 86.172935	 85.731447	 85.312764	 84.916709	 84.543003	 84.191272	 83.861059	 83.551828	 83.262975	 82.993836	 82.743697	 82.511802	  82.29736	 82.099558	 81.917563	 81.750532	 81.597621	 81.457989	 81.330801	 81.215241	 81.110509	 81.015829	 80.930451	 80.853654	 80.784749	  80.72308	 80.668026	    80.619	 80.575452	 80.536866	 80.502764	 80.472698	 80.446259	 80.423066	 80.402772	 80.385059	 80.369637	 80.356244	 80.344642	 80.334616	 80.325974	 80.318543	  80.31217	 80.306718	 80.302064	 80.298103	  80.29474	 80.291891	 80.289483	 80.287454	 80.285749	 80.284318	 80.283121	 80.282123	 80.281291	 80.280601	 80.280029	 80.279557	 80.279167	 80.278847	 80.278585	  80.27837	 80.278195	 80.278052	 80.277936	 80.277842	 80.277766	 80.277705	 80.277656	 80.277617	 80.277585	  80.27756	  80.27754	 80.277524	 80.277512	 80.277502	 80.277494	 80.277488	 80.277483	 80.277479	 80.277476	 80.277474	 80.277472	  80.27747	 80.277469	 80.277469	 80.277468	 80.277467	 80.277467	 80.277467	 80.277467	 80.277466	 80.277466	 80.277466	 80.277466	 80.277466	 80.277466	 80.277466	 80.277466	 80.277466	 80.277466	 80.277466	 80.277466	 80.277466	 80.277466	 80.277466	 80.277466	 80.277466	 80.277466	 80.277466	 80.277466	 80.277466	 80.277466	 80.277466	 80.277466	 80.277466	 80.277466	 80.277466	 80.277466	 80.277466	 80.277466	 80.277466	 80.277466	 80.277466	 80.277466	 80.277466	 80.277466	 80.277466	 80.277466	 80.277466	 80.277466	 80.277466	 80.277466	 80.277466	 80.277466	 80.277466	 80.277466	 80.277466	 80.277466	 80.277466	 80.277466	 80.277466	 80.277466	 80.277466	 80.277466	 80.277466	 80.277466	 80.277466	 80.277466	 80.277466	 80.277466	 80.277466	 80.277466	 80.277466	 80.277466	 80.277466	 80.277466	 80.277466	 80.277466	 80.277466	 80.277466	 80.277466	 80.277466	 80.277466	 80.277466	 80.277466	 80.277466	 80.277466	 80.277466	 80.277466	 80.277466	 80.277466	 80.277466	 80.277466	 80.277466	 80.277466	 80.277466	 80.277466	 80.277466	 80.277466	
        99	 98.129205	 97.260607	 96.396387	 95.538694	 94.689626	 93.851217	 93.025423	 92.214105	 91.419022	 90.641814	 89.883996	 89.146949	 88.431912	 87.739976	 87.072084	 86.429027	 85.811443	 85.219817	 84.654488	 84.115649	 83.603352	 83.117518	 82.657941	 82.224298	 81.816155	  81.43298	 81.074153	 80.738971	 80.426666	 80.136408	  79.86732	 79.618485	 79.388958	 79.177773	 78.983953	 78.806517	  78.64449	 78.496903	 78.362809	 78.241279	 78.131414	 78.032342	 77.943227	 77.863271	 77.791711	 77.727827	 77.670938	 77.620406	 77.575632	 77.536059	 77.501172	 77.470492	 77.443579	  77.42003	 77.399476	 77.381581	  77.36604	 77.352577	 77.340943	 77.330915	 77.322292	 77.314897	  77.30857	 77.303171	 77.298574	 77.294671	 77.291365	 77.288572	 77.286218	 77.284238	 77.282578	 77.281189	  77.28003	 77.279066	 77.278265	 77.277601	 77.277053	 77.276601	  77.27623	 77.275925	 77.275676	 77.275473	 77.275307	 77.275173	 77.275064	 77.274976	 77.274905	 77.274848	 77.274802	 77.274765	 77.274736	 77.274713	 77.274695	  77.27468	 77.274668	 77.274659	 77.274652	 77.274646	 77.274642	 77.274639	 77.274636	 77.274634	 77.274632	 77.274631	  77.27463	 77.274629	 77.274629	 77.274628	 77.274628	 77.274628	 77.274628	 77.274627	 77.274627	 77.274627	 77.274627	 77.274627	 77.274627	 77.274627	 77.274627	 77.274627	 77.274627	 77.274627	 77.274627	 77.274627	 77.274627	 77.274627	 77.274627	 77.274627	 77.274627	 77.274627	 77.274627	 77.274627	 77.274627	 77.274627	 77.274627	 77.274627	 77.274627	 77.274627	 77.274627	 77.274627	 77.274627	 77.274627	 77.274627	 77.274627	 77.274627	 77.274627	 77.274627	 77.274627	 77.274627	 77.274627	 77.274627	 77.274627	 77.274627	 77.274627	 77.274627	 77.274627	 77.274627	 77.274627	 77.274627	 77.274627	 77.274627	 77.274627	 77.274627	 77.274627	 77.274627	 77.274627	 77.274627	 77.274627	 77.274627	 77.274627	 77.274627	 77.274627	 77.274627	 77.274627	 77.274627	 77.274627	 77.274627	 77.274627	 77.274627	 77.274627	 77.274627	 77.274627	 77.274627	 77.274627	 77.274627	 77.274627	 77.274627	 77.274627	 77.274627	 77.274627	 77.274627	 77.274627	 77.274627	 77.274627	 77.274627	 77.274627	 77.274627	 77.274627	 77.274627	
        99	 98.010955	 97.024406	  96.04283	 95.068666	 94.104299	 93.152038	 92.214105	 91.292615	 90.389563	 89.506814	 88.646089	 87.808955	 86.996818	 86.210921	 85.452333	 84.721953	 84.020503	 83.348538	  82.70644	 82.094429	 81.512565	 80.960757	 80.438772	 79.946242	 79.482675	 79.047467	 78.639913	 78.259215	 77.904501	 77.574827	 77.269198	 76.986573	 76.725877	 76.486014	 76.265875	 76.064344	 75.880314	 75.712686	 75.560382	  75.42235	 75.297565	 75.185039	 75.083824	  74.99301	 74.911733	 74.839173	 74.774559	 74.717165	 74.666311	 74.621364	 74.581739	 74.546893	 74.516326	 74.489579	 74.466234	 74.445909	 74.428257	 74.412966	 74.399752	 74.388362	 74.378569	 74.370169	 74.362983	 74.356851	  74.35163	 74.347197	 74.343442	 74.340269	 74.337595	 74.335347	 74.333462	 74.331884	 74.330568	 74.329472	 74.328563	 74.327809	 74.327186	 74.326673	 74.326251	 74.325905	 74.325622	 74.325391	 74.325203	 74.325051	 74.324927	 74.324827	 74.324746	 74.324682	  74.32463	 74.324588	 74.324555	 74.324529	 74.324508	 74.324491	 74.324478	 74.324467	 74.324459	 74.324453	 74.324448	 74.324444	 74.324441	 74.324439	 74.324437	 74.324435	 74.324434	 74.324433	 74.324433	 74.324432	 74.324432	 74.324432	 74.324431	 74.324431	 74.324431	 74.324431	 74.324431	 74.324431	 74.324431	 74.324431	 74.324431	 74.324431	 74.324431	 74.324431	 74.324431	 74.324431	 74.324431	 74.324431	 74.324431	 74.324431	 74.324431	 74.324431	 74.324431	 74.324431	 74.324431	 74.324431	 74.324431	 74.324431	 74.324431	 74.324431	 74.324431	 74.324431	 74.324431	 74.324431	 74.324431	 74.324431	 74.324431	 74.324431	 74.324431	 74.324431	 74.324431	 74.324431	 74.324431	 74.324431	 74.324431	 74.324431	 74.324431	 74.324431	 74.324431	 74.324431	 74.324431	 74.324431	 74.324431	 74.324431	 74.324431	 74.324431	 74.324431	 74.324431	 74.324431	 74.324431	 74.324431	 74.324431	 74.324431	 74.324431	 74.324431	 74.324431	 74.324431	 74.324431	 74.324431	 74.324431	 74.324431	 74.324431	 74.324431	 74.324431	 74.324431	 74.324431	 74.324431	 74.324431	 74.324431	 74.324431	 74.324431	 74.324431	 74.324431	 74.324431	 74.324431	 74.324431	 74.324431	 74.324431	 74.324431	 74.324431	 74.324431	
        99	 97.895072	 96.792932	 95.696347	 94.608044	 93.530684	  92.46685	 91.419022	 90.389563	 89.380704	 88.394526	 87.432952	 86.497733	 85.590441	 84.712463	 83.864993	 83.049036	   82.2654	 81.514702	 80.797372	 80.113653	 79.463614	 78.847153	 78.264008	 77.713769	 77.195888	 76.709688	 76.254382	 75.829079	 75.432804	 75.064503	 74.723064	 74.407325	 74.116084	 73.848117	 73.602185	 73.377042	 73.171449	 72.984181	 72.814032	 72.659826	 72.520421	 72.394711	 72.281637	 72.180182	 72.089382	 72.008321	 71.936137	 71.872017	 71.815205	 71.764992	 71.720724	 71.681795	 71.647646	 71.617766	 71.591686	 71.568979	 71.549259	 71.532176	 71.517414	  71.50469	 71.493749	 71.484366	 71.476337	 71.469486	 71.463654	 71.458702	 71.454507	 71.450962	 71.447975	 71.445463	 71.443357	 71.441595	 71.440124	   71.4389	 71.437884	 71.437042	 71.436346	 71.435773	 71.435302	 71.434915	 71.434599	 71.434341	 71.434131	  71.43396	 71.433822	  71.43371	  71.43362	 71.433548	  71.43349	 71.433444	 71.433407	 71.433377	 71.433354	 71.433335	  71.43332	 71.433309	   71.4333	 71.433293	 71.433287	 71.433283	 71.433279	 71.433277	 71.433275	 71.433273	 71.433272	 71.433271	  71.43327	 71.433269	 71.433269	 71.433269	 71.433269	 71.433268	 71.433268	 71.433268	 71.433268	 71.433268	 71.433268	 71.433268	 71.433268	 71.433268	 71.433268	 71.433268	 71.433268	 71.433268	 71.433268	 71.433268	 71.433268	 71.433268	 71.433268	 71.433268	 71.433268	 71.433268	 71.433268	 71.433268	 71.433268	 71.433268	 71.433268	 71.433268	 71.433268	 71.433268	 71.433268	 71.433268	 71.433268	 71.433268	 71.433268	 71.433268	 71.433268	 71.433268	 71.433268	 71.433268	 71.433268	 71.433268	 71.433268	 71.433268	 71.433268	 71.433268	 71.433268	 71.433268	 71.433268	 71.433268	 71.433268	 71.433268	 71.433268	 71.433268	 71.433268	 71.433268	 71.433268	 71.433268	 71.433268	 71.433268	 71.433268	 71.433268	 71.433268	 71.433268	 71.433268	 71.433268	 71.433268	 71.433268	 71.433268	 71.433268	 71.433268	 71.433268	 71.433268	 71.433268	 71.433268	 71.433268	 71.433268	 71.433268	 71.433268	 71.433268	 71.433268	 71.433268	 71.433268	 71.433268	 71.433268	 71.433268	 71.433268	 71.433268	 71.433268	
        99	 97.781793	 96.566661	 95.357654	 94.157777	 92.969966	 91.797066	 90.641814	 89.506814	 88.394526	 87.307245	 86.247089	 85.215991	 84.215683	 83.247693	 82.313341	 81.413731	 80.549756	 79.722096	 78.931224	  78.17741	 77.460728	 76.781067	 76.138138	 75.531489	 74.960513	 74.424468	 73.922483	 73.453579	 73.016676	 72.610618	 72.234174	 71.886064	 71.564966	 71.269527	 70.998381	 70.750156	 70.523486	 70.317019	 70.129426	 69.959411	 69.805714	 69.667116	 69.542449	 69.430594	 69.330485	 69.241113	 69.161528	 69.090835	 69.028198	 68.972838	 68.924032	 68.881112	 68.843462	 68.810518	 68.781764	  68.75673	 68.734988	 68.716154	 68.699878	 68.685849	 68.673787	 68.663441	  68.65459	 68.647037	 68.640607	 68.635146	 68.630521	 68.626613	  68.62332	 68.620551	 68.618228	 68.616286	 68.614664	 68.613315	 68.612194	 68.611266	 68.610499	 68.609867	 68.609347	 68.608921	 68.608573	 68.608288	 68.608057	 68.607868	 68.607716	 68.607593	 68.607494	 68.607414	  68.60735	 68.607299	 68.607258	 68.607225	   68.6072	 68.607179	 68.607163	  68.60715	  68.60714	 68.607132	 68.607126	 68.607121	 68.607118	 68.607115	 68.607112	 68.607111	 68.607109	 68.607108	 68.607108	 68.607107	 68.607106	 68.607106	 68.607106	 68.607106	 68.607106	 68.607105	 68.607105	 68.607105	 68.607105	 68.607105	 68.607105	 68.607105	 68.607105	 68.607105	 68.607105	 68.607105	 68.607105	 68.607105	 68.607105	 68.607105	 68.607105	 68.607105	 68.607105	 68.607105	 68.607105	 68.607105	 68.607105	 68.607105	 68.607105	 68.607105	 68.607105	 68.607105	 68.607105	 68.607105	 68.607105	 68.607105	 68.607105	 68.607105	 68.607105	 68.607105	 68.607105	 68.607105	 68.607105	 68.607105	 68.607105	 68.607105	 68.607105	 68.607105	 68.607105	 68.607105	 68.607105	 68.607105	 68.607105	 68.607105	 68.607105	 68.607105	 68.607105	 68.607105	 68.607105	 68.607105	 68.607105	 68.607105	 68.607105	 68.607105	 68.607105	 68.607105	 68.607105	 68.607105	 68.607105	 68.607105	 68.607105	 68.607105	 68.607105	 68.607105	 68.607105	 68.607105	 68.607105	 68.607105	 68.607105	 68.607105	 68.607105	 68.607105	 68.607105	 68.607105	 68.607105	 68.607105	 68.607105	 68.607105	 68.607105	 68.607105	 68.607105	
        99	 97.671341	 96.346036	 95.027411	 93.718744	 92.423236	 91.143993	 89.883996	 88.646089	 87.432952	 86.247089	 85.090812	 83.966226	 82.875223	 81.819468	   80.8004	 79.819224	 78.876914	 77.974212	 77.111634	 76.289473	 75.507812	 74.766527	 74.065305	 73.403652	 72.780908	 72.196261	 71.648762	 71.137343	 70.660828	 70.217953	 69.807378	 69.427706	 69.077494	 68.755268	 68.459538	 68.188807	 67.941586	 67.716398	 67.511798	 67.326368	 67.158735	 67.007571	 66.871601	 66.749603	 66.640418	 66.542943	 66.456142	  66.37904	 66.310724	 66.250344	 66.197113	 66.150301	 66.109238	 66.073307	 66.041946	 66.014642	 65.990929	 65.970387	 65.952636	 65.937335	 65.924179	 65.912895	 65.903242	 65.895003	  65.88799	 65.882035	  65.87699	 65.872728	 65.869136	 65.866116	 65.863583	 65.861464	 65.859696	 65.858224	 65.857002	 65.855989	 65.855153	 65.854463	 65.853897	 65.853432	 65.853052	 65.852741	 65.852489	 65.852284	 65.852117	 65.851983	 65.851875	 65.851788	 65.851718	 65.851662	 65.851618	 65.851582	 65.851554	 65.851532	 65.851514	   65.8515	 65.851489	 65.851481	 65.851474	 65.851469	 65.851465	 65.851462	 65.851459	 65.851457	 65.851456	 65.851455	 65.851454	 65.851453	 65.851453	 65.851452	 65.851452	 65.851452	 65.851451	 65.851451	 65.851451	 65.851451	 65.851451	 65.851451	 65.851451	 65.851451	 65.851451	 65.851451	 65.851451	 65.851451	 65.851451	 65.851451	 65.851451	 65.851451	 65.851451	 65.851451	 65.851451	 65.851451	 65.851451	 65.851451	 65.851451	 65.851451	 65.851451	 65.851451	 65.851451	 65.851451	 65.851451	 65.851451	 65.851451	 65.851451	 65.851451	 65.851451	 65.851451	 65.851451	 65.851451	 65.851451	 65.851451	 65.851451	 65.851451	 65.851451	 65.851451	 65.851451	 65.851451	 65.851451	 65.851451	 65.851451	 65.851451	 65.851451	 65.851451	 65.851451	 65.851451	 65.851451	 65.851451	 65.851451	 65.851451	 65.851451	 65.851451	 65.851451	 65.851451	 65.851451	 65.851451	 65.851451	 65.851451	 65.851451	 65.851451	 65.851451	 65.851451	 65.851451	 65.851451	 65.851451	 65.851451	 65.851451	 65.851451	 65.851451	 65.851451	 65.851451	 65.851451	 65.851451	 65.851451	 65.851451	 65.851451	 65.851451	 65.851451	 65.851451	 65.851451	
        99	 97.563917	 96.131458	 94.706219	 93.291743	 91.891492	 90.508819	 89.146949	 87.808955	 86.497733	 85.215991	 83.966226	 82.750716	 81.571502	 80.430387	 79.328925	  78.26842	 77.249922	 76.274235	 75.341916	 74.453282	 73.608421	 72.807202	 72.049285	 71.334136	 70.661042	 70.029125	  69.43736	 68.884591	 68.369549	 67.890867	 67.447096	 67.036727	   66.6582	 66.309921	 65.990281	 65.697661	 65.430451	 65.187057	 64.965913	 64.765491	 64.584305	 64.420919	 64.273955	 64.142094	 64.024081	 63.918726	 63.824907	  63.74157	  63.66773	 63.602469	 63.544934	 63.494338	 63.449954	 63.411118	 63.377221	  63.34771	  63.32208	 63.299877	  63.28069	 63.264152	 63.249933	 63.237737	 63.227303	 63.218398	 63.210818	 63.204381	 63.198929	 63.194322	 63.190439	 63.187175	 63.184437	 63.182147	 63.180236	 63.178645	 63.177324	  63.17623	 63.175326	 63.174581	 63.173968	 63.173466	 63.173055	 63.172719	 63.172446	 63.172225	 63.172045	   63.1719	 63.171783	 63.171689	 63.171614	 63.171553	 63.171505	 63.171467	 63.171436	 63.171412	 63.171393	 63.171378	 63.171366	 63.171357	  63.17135	 63.171344	  63.17134	 63.171336	 63.171333	 63.171331	  63.17133	 63.171329	 63.171328	 63.171327	 63.171326	 63.171326	 63.171326	 63.171325	 63.171325	 63.171325	 63.171325	 63.171325	 63.171325	 63.171325	 63.171325	 63.171325	 63.171325	 63.171325	 63.171325	 63.171325	 63.171325	 63.171325	 63.171325	 63.171325	 63.171325	 63.171325	 63.171325	 63.171325	 63.171325	 63.171325	 63.171325	 63.171325	 63.171325	 63.171325	 63.171325	 63.171325	 63.171325	 63.171325	 63.171325	 63.171325	 63.171325	 63.171325	 63.171325	 63.171325	 63.171325	 63.171325	 63.171325	 63.171325	 63.171325	 63.171325	 63.171325	 63.171325	 63.171325	 63.171325	 63.171325	 63.171325	 63.171325	 63.171325	 63.171325	 63.171325	 63.171325	 63.171325	 63.171325	 63.171325	 63.171325	 63.171325	 63.171325	 63.171325	 63.171325	 63.171325	 63.171325	 63.171325	 63.171325	 63.171325	 63.171325	 63.171325	 63.171325	 63.171325	 63.171325	 63.171325	 63.171325	 63.171325	 63.171325	 63.171325	 63.171325	 63.171325	 63.171325	 63.171325	 63.171325	 63.171325	 63.171325	 63.171325	 63.171325	 63.171325	 63.171325	
        99	   97.4597	 95.923287	 94.394619	 92.877494	 91.375626	 89.892612	 88.431912	 86.996818	 85.590441	 84.215683	 82.875223	 81.571502	 80.306713	 79.082787	 77.901392	 76.763925	 75.671515	 74.625023	 73.625044	 72.671922	  71.76575	 70.906386	 70.093467	  69.32642	 68.604479	 67.926703	 67.291994	 66.699111	 66.146692	 65.633271	 65.157296	 64.717147	 64.311149	 63.937597	  63.59476	 63.280904	 62.994303	 62.733246	 62.496054	 62.281087	 62.086752	 61.911509	  61.75388	  61.61245	 61.485872	 61.372871	 61.272244	  61.18286	 61.103662	 61.033664	 60.971954	 60.917685	 60.870081	 60.828427	  60.79207	 60.760417	 60.732927	 60.709113	 60.688534	 60.670796	 60.655544	 60.642463	 60.631272	 60.621721	 60.613591	 60.606687	 60.600839	 60.595898	 60.591733	 60.588232	 60.585296	 60.582839	 60.580789	 60.579083	 60.577666	 60.576493	 60.575523	 60.574724	 60.574067	 60.573528	 60.573087	 60.572727	 60.572435	 60.572197	 60.572004	 60.571848	 60.571723	 60.571622	 60.571541	 60.571477	 60.571425	 60.571384	 60.571351	 60.571325	 60.571305	 60.571289	 60.571276	 60.571266	 60.571258	 60.571252	 60.571247	 60.571244	 60.571241	 60.571239	 60.571237	 60.571236	 60.571235	 60.571234	 60.571233	 60.571233	 60.571232	 60.571232	 60.571232	 60.571232	 60.571232	 60.571232	 60.571232	 60.571232	 60.571232	 60.571232	 60.571232	 60.571231	 60.571231	 60.571231	 60.571231	 60.571231	 60.571231	 60.571231	 60.571231	 60.571231	 60.571231	 60.571231	 60.571231	 60.571231	 60.571231	 60.571231	 60.571231	 60.571231	 60.571231	 60.571231	 60.571231	 60.571231	 60.571231	 60.571231	 60.571231	 60.571231	 60.571231	 60.571231	 60.571231	 60.571231	 60.571231	 60.571231	 60.571231	 60.571231	 60.571231	 60.571231	 60.571231	 60.571231	 60.571231	 60.571231	 60.571231	 60.571231	 60.571231	 60.571231	 60.571231	 60.571231	 60.571231	 60.571231	 60.571231	 60.571231	 60.571231	 60.571231	 60.571231	 60.571231	 60.571231	 60.571231	 60.571231	 60.571231	 60.571231	 60.571231	 60.571231	 60.571231	 60.571231	 60.571231	 60.571231	 60.571231	 60.571231	 60.571231	 60.571231	 60.571231	 60.571231	 60.571231	 60.571231	 60.571231	 60.571231	 60.571231	 60.571231	 60.571231	 60.571231	
        99	  97.35885	 95.721842	 94.093086	 92.476629	 90.876427	 89.296315	 87.739976	 86.210921	 84.712463	 83.247693	 81.819468	 80.430387	 79.082787	 77.778726	  76.51998	 75.308039	 74.144104	 73.029094	 71.963643	 70.948116	 69.982613	 69.066983	 68.200839	  67.38357	  66.61436	 65.892208	 65.215942	  64.58424	 63.995652	 63.448616	 62.941477	 62.472509	 62.039929	 61.641918	 61.276635	  60.94223	 60.636863	 60.358714	 60.105992	 59.876951	 59.669891	 59.483175	 59.315225	 59.164535	  59.02967	  58.90927	 58.802054	 58.706818	 58.622434	 58.547854	 58.482103	 58.424282	  58.37356	 58.329179	 58.290442	 58.256716	 58.227426	 58.202053	 58.180127	 58.161227	 58.144977	 58.131039	 58.119115	 58.108939	 58.100277	 58.092921	  58.08669	 58.081425	 58.076988	 58.073258	 58.070129	 58.067512	 58.065328	  58.06351	    58.062	  58.06075	 58.059716	 58.058865	 58.058165	 58.057591	 58.057121	 58.056738	 58.056426	 58.056172	 58.055967	 58.055801	 58.055668	  58.05556	 58.055474	 58.055405	  58.05535	 58.055306	 58.055271	 58.055244	 58.055222	 58.055205	 58.055191	 58.055181	 58.055172	 58.055166	 58.055161	 58.055157	 58.055154	 58.055151	  58.05515	 58.055148	 58.055147	 58.055146	 58.055146	 58.055145	 58.055145	 58.055145	 58.055144	 58.055144	 58.055144	 58.055144	 58.055144	 58.055144	 58.055144	 58.055144	 58.055144	 58.055144	 58.055144	 58.055144	 58.055144	 58.055144	 58.055144	 58.055144	 58.055144	 58.055144	 58.055144	 58.055144	 58.055144	 58.055144	 58.055144	 58.055144	 58.055144	 58.055144	 58.055144	 58.055144	 58.055144	 58.055144	 58.055144	 58.055144	 58.055144	 58.055144	 58.055144	 58.055144	 58.055144	 58.055144	 58.055144	 58.055144	 58.055144	 58.055144	 58.055144	 58.055144	 58.055144	 58.055144	 58.055144	 58.055144	 58.055144	 58.055144	 58.055144	 58.055144	 58.055144	 58.055144	 58.055144	 58.055144	 58.055144	 58.055144	 58.055144	 58.055144	 58.055144	 58.055144	 58.055144	 58.055144	 58.055144	 58.055144	 58.055144	 58.055144	 58.055144	 58.055144	 58.055144	 58.055144	 58.055144	 58.055144	 58.055144	 58.055144	 58.055144	 58.055144	 58.055144	 58.055144	 58.055144	 58.055144	 58.055144	 58.055144	 58.055144	 58.055144	 58.055144	
        99	 97.261505	 95.527397	 93.802031	 92.089693	 90.394575	 88.720738	 87.072084	 85.452333	 83.864993	 82.313341	   80.8004	 79.328925	 77.901392	  76.51998	 75.186571	 73.902744	  72.66977	 71.488622	 70.359974	  69.28421	 68.261438	 67.291498	 66.373978	 65.508232	 64.693397	  63.92841	 63.212031	  62.54286	  61.91936	 61.339876	 60.802656	  60.30587	 59.847632	 59.426014	 59.039063	 58.684823	 58.361343	 58.066695	 57.798983	 57.556356	 57.337015	 57.139224	 56.961312	 56.801684	 56.658819	 56.531278	 56.417702	 56.316817	 56.227428	 56.148424	 56.078773	 56.017522	 55.963792	 55.916778	 55.875743	 55.840017	  55.80899	 55.782111	 55.758885	 55.738864	  55.72165	 55.706886	 55.694254	 55.683475	 55.674298	 55.666506	 55.659906	 55.654329	 55.649628	 55.645677	 55.642363	  55.63959	 55.637276	  55.63535	 55.633751	 55.632427	 55.631332	  55.63043	 55.629689	 55.629081	 55.628583	 55.628177	 55.627846	 55.627578	 55.627361	 55.627185	 55.627043	  55.62693	 55.626838	 55.626765	 55.626707	  55.62666	 55.626624	 55.626594	 55.626571	 55.626553	 55.626539	 55.626527	 55.626519	 55.626512	 55.626507	 55.626502	 55.626499	 55.626497	 55.626495	 55.626493	 55.626492	 55.626491	 55.626491	  55.62649	  55.62649	 55.626489	 55.626489	 55.626489	 55.626489	 55.626489	 55.626489	 55.626489	 55.626489	 55.626489	 55.626489	 55.626489	 55.626489	 55.626489	 55.626489	 55.626489	 55.626489	 55.626489	 55.626489	 55.626489	 55.626489	 55.626489	 55.626489	 55.626489	 55.626489	 55.626489	 55.626489	 55.626489	 55.626489	 55.626489	 55.626489	 55.626489	 55.626489	 55.626489	 55.626489	 55.626489	 55.626489	 55.626489	 55.626489	 55.626489	 55.626489	 55.626489	 55.626489	 55.626489	 55.626489	 55.626489	 55.626489	 55.626489	 55.626489	 55.626489	 55.626489	 55.626489	 55.626489	 55.626489	 55.626489	 55.626489	 55.626489	 55.626489	 55.626489	 55.626489	 55.626489	 55.626489	 55.626489	 55.626489	 55.626489	 55.626489	 55.626489	 55.626489	 55.626489	 55.626489	 55.626489	 55.626489	 55.626489	 55.626489	 55.626489	 55.626489	 55.626489	 55.626489	 55.626489	 55.626489	 55.626489	 55.626489	 55.626489	 55.626489	 55.626489	 55.626489	 55.626489	 55.626489	 55.626489	
        99	 97.167779	 95.340182	 93.521798	 91.717145	  89.93064	 88.166563	 86.429027	 84.721953	 83.049036	 81.413731	 79.819224	  78.26842	 76.763925	 75.308039	 73.902744	 72.549702	 71.250257	  70.00543	 68.815935	 67.682175	 66.604263	 65.582031	 64.615046	 63.702627	 62.843862	 62.037633	 61.282633	 60.577385	 59.920271	 59.309546	 58.743363	 58.219796	 57.736853	 57.292504	 56.884692	 56.511354	 56.170435	 55.859902	 55.577757	  55.32205	 55.090884	 54.882429	 54.694926	 54.526691	 54.376124	 54.241707	 54.122009	 54.015684	 53.921476	 53.838213	 53.764807	 53.700254	 53.643627	 53.594079	 53.550832	 53.513179	 53.480479	 53.452152	 53.427673	 53.406573	 53.388431	 53.372871	 53.359559	 53.348198	 53.338527	 53.330314	 53.323358	 53.317481	 53.312527	 53.308362	 53.304869	 53.301947	 53.299509	 53.297479	 53.295794	 53.294398	 53.293244	 53.292294	 53.291512	 53.290871	 53.290347	 53.289919	  53.28957	 53.289288	 53.289058	 53.288873	 53.288724	 53.288604	 53.288508	 53.288431	 53.288369	  53.28832	 53.288282	 53.288251	 53.288226	 53.288207	 53.288192	  53.28818	 53.288171	 53.288164	 53.288158	 53.288154	  53.28815	 53.288148	 53.288146	 53.288144	 53.288143	 53.288142	 53.288141	 53.288141	 53.288141	  53.28814	  53.28814	  53.28814	  53.28814	  53.28814	  53.28814	 53.288139	 53.288139	 53.288139	 53.288139	 53.288139	 53.288139	 53.288139	 53.288139	 53.288139	 53.288139	 53.288139	 53.288139	 53.288139	 53.288139	 53.288139	 53.288139	 53.288139	 53.288139	 53.288139	 53.288139	 53.288139	 53.288139	 53.288139	 53.288139	 53.288139	 53.288139	 53.288139	 53.288139	 53.288139	 53.288139	 53.288139	 53.288139	 53.288139	 53.288139	 53.288139	 53.288139	 53.288139	 53.288139	 53.288139	 53.288139	 53.288139	 53.288139	 53.288139	 53.288139	 53.288139	 53.288139	 53.288139	 53.288139	 53.288139	 53.288139	 53.288139	 53.288139	 53.288139	 53.288139	 53.288139	 53.288139	 53.288139	 53.288139	 53.288139	 53.288139	 53.288139	 53.288139	 53.288139	 53.288139	 53.288139	 53.288139	 53.288139	 53.288139	 53.288139	 53.288139	 53.288139	 53.288139	 53.288139	 53.288139	 53.288139	 53.288139	 53.288139	 53.288139	 53.288139	 53.288139	 53.288139	 53.288139	
        99	 97.077766	 95.160384	 93.252666	 91.359354	 89.485082	  87.63434	 85.811443	 84.020503	   82.2654	 80.549756	 78.876914	 77.249922	 75.671515	 74.144104	  72.66977	 71.250257	 69.886972	  68.58099	 67.333057	 66.143598	 65.012731	 63.940279	 62.925788	 61.968543	  61.06759	 60.221753	 59.429661	 58.689766	 58.000369	  57.35964	 56.765643	 56.216353	 55.709685	 55.243506	 54.815659	  54.42398	 54.066312	 53.740523	 53.444517	 53.176247	 52.933725	 52.715029	 52.518314	 52.341815	 52.183851	  52.04283	 51.917251	 51.805703	 51.706867	 51.619513	 51.542501	 51.474776	 51.415368	 51.363385	 51.318013	 51.278511	 51.244205	 51.214486	 51.188804	 51.166668	 51.147634	  51.13131	 51.117343	 51.105425	 51.095278	 51.086663	 51.079365	 51.073198	 51.068001	 51.063632	 51.059967	 51.056902	 51.054344	 51.052214	 51.050446	 51.048981	 51.047771	 51.046774	 51.045954	 51.045281	 51.044731	 51.044282	 51.043917	  51.04362	  51.04338	 51.043186	 51.043029	 51.042903	 51.042802	 51.042721	 51.042657	 51.042606	 51.042565	 51.042532	 51.042507	 51.042487	 51.042471	 51.042459	 51.042449	 51.042441	 51.042435	 51.042431	 51.042427	 51.042425	 51.042422	 51.042421	  51.04242	 51.042419	 51.042418	 51.042417	 51.042417	 51.042417	 51.042416	 51.042416	 51.042416	 51.042416	 51.042416	 51.042416	 51.042416	 51.042416	 51.042416	 51.042416	 51.042416	 51.042416	 51.042416	 51.042416	 51.042416	 51.042416	 51.042416	 51.042416	 51.042416	 51.042416	 51.042416	 51.042416	 51.042416	 51.042416	 51.042416	 51.042416	 51.042416	 51.042416	 51.042416	 51.042416	 51.042416	 51.042416	 51.042416	 51.042416	 51.042416	 51.042416	 51.042416	 51.042416	 51.042416	 51.042416	 51.042416	 51.042416	 51.042416	 51.042416	 51.042416	 51.042416	 51.042416	 51.042416	 51.042416	 51.042416	 51.042416	 51.042416	 51.042416	 51.042416	 51.042416	 51.042416	 51.042416	 51.042416	 51.042416	 51.042416	 51.042416	 51.042416	 51.042416	 51.042416	 51.042416	 51.042416	 51.042416	 51.042416	 51.042416	 51.042416	 51.042416	 51.042416	 51.042416	 51.042416	 51.042416	 51.042416	 51.042416	 51.042416	 51.042416	 51.042416	 51.042416	 51.042416	 51.042416	 51.042416	 51.042416	 51.042416	 51.042416	
