Time step 43:
        99	        99	        99	        99	        99	        99	        99	        99	        99	        99	        99	        99	        99	        99	        99	        99	        99	        99	        99	        99	        99	        99	        99	        99	        99	        99	        99	        99	        99	        99	        99	        99	        99	        99	        99	        99	        99	        99	        99	        99	        99	        99	        99	        99	        99	        99	        99	        99	        99	        99	        99	        99	        99	        99	        99	        99	        99	        99	        99	        99	        99	        99	        99	        99	        99	        99	        99	        99	        99	        99	        99	        99	        99	        99	        99	        99	        99	        99	        99	        99	        99	        99	        99	        99	        99	        99	        99	        99	        99	        99	        99	        99	        99	        99	        99	        99	        99	        99	        99	        99	        99	        99	        99	        99	        99	        99	        99	        99	        99	        99	        99	        99	        99	        99	        99	        99	        99	        99	        99	        99	        99	        99	        99	        99	        99	        99	        99	        99	        99	        99	        99	        99	        99	        99	        99	        99	        99	        99	        99	        99	        99	        99	        99	        99	        99	        99	        99	        99	        99	        99	        99	        99	        99	        99	        99	        99	        99	        99	        99	        99	        99	        99	        99	        99	        99	        99	        99	        99	        99	        99	        99	        99	        99	        99	        99	        99	        99	        99	        99	        99	        99	        99	        99	        99	        99	        99	        99	        99	        99	        99	        99	        99	        99	        99	        99	        99	        99	        99	        99	        99	
        99	 98.985234	 98.970472	 98.955719	 98.940978	 98.926255	 98.911554	 98.896878	 98.882233	 98.867622	  98.85305	  98.83852	 98.824037	 98.809605	 98.795228	  98.78091	 98.766655	 98.752467	  98.73835	 98.724307	 98.710342	 98.696459	 98.682661	 98.668952	 98.655335	 98.641814	 98.628392	 98.615072	 98.601857	  98.58875	 98.575754	 98.562873	 98.550108	 98.537462	 98.524939	  98.51254	 98.500267	 98.488124	 98.476112	 98.464233	  98.45249	 98.440883	 98.429416	 98.418089	 98.406904	 98.395863	 98.384967	 98.374216	 98.363614	 98.353159	 98.342854	 98.332699	 98.322695	 98.312843	 98.303143	 98.293595	 98.284201	 98.274959	 98.265871	 98.256937	 98.248156	 98.239528	 98.231053	 98.222732	 98.214563	 98.206545	  98.19868	 98.190965	 98.183401	 98.175986	  98.16872	 98.161602	 98.154631	 98.147805	 98.141125	 98.134587	 98.128193	 98.121939	 98.115825	  98.10985	 98.104011	 98.098308	  98.09274	 98.087303	 98.081998	 98.076822	 98.071773	  98.06685	 98.062052	 98.057375	  98.05282	 98.048383	 98.044063	 98.039859	 98.035767	 98.031787	 98.027917	 98.024154	 98.020496	 98.016943	 98.013491	 98.010139	 98.006885	 98.003727	 98.000664	 97.997692	  97.99481	 97.992017	  97.98931	 97.986688	 97.984148	 97.981689	 97.979309	 97.977006	 97.974778	 97.972623	  97.97054	 97.968527	 97.966582	 97.964703	 97.962888	 97.961136	 97.959446	 97.957815	 97.956242	 97.954725	 97.953263	 97.951853	 97.950496	 97.949189	  97.94793	 97.946718	 97.945552	 97.944431	 97.943352	 97.942316	 97.941319	 97.940362	 97.939442	 97.938559	 97.937712	 97.936898	 97.936118	  97.93537	 97.934652	 97.933964	 97.933306	 97.932675	  97.93207	 97.931492	 97.930938	 97.930409	 97.929903	 97.929419	 97.928956	 97.928514	 97.928092	  97.92769	 97.927306	 97.926939	  97.92659	 97.926257	 97.925939	 97.925637	  97.92535	 97.925076	 97.924816	 97.924569	 97.924335	 97.924112	 97.923901	 97.923701	 97.923512	 97.923332	 97.923163	 97.923003	 97.922852	  97.92271	 97.922576	  97.92245	 97.922332	 97.922222	 97.922119	 97.922023	 97.921934	 97.921851	 97.921775	 97.921705	 97.921641	 97.921583	 97.921531	 97.921484	 97.921443	 97.921407	 97.921376	 97.921351	 97.921331	 97.921316	 97.921306	 97.921301	
        99	 98.970472	 98.940952	  98.91145	 98.881974	 98.852532	 98.823134	 98.793787	 98.764501	 98.735283	 98.706143	 98.677087	 98.648126	 98.619267	 98.590517	 98.561885	  98.53338	 98.505007	 98.476776	 98.448694	 98.420769	 98.393006	 98.365415	 98.338001	 98.310771	 98.283733	 98.256892	 98.230256	  98.20383	 98.177621	 98.151633	 98.125874	 98.100348	 98.075061	 98.050017	 98.025223	 98.000682	 97.976399	 97.952378	 97.928624	  97.90514	 97.881931	 97.858999	 97.836349	 97.813982	 97.791903	 97.770114	 97.748617	 97.727414	 97.706508	 97.685901	 97.665595	  97.64559	 97.625888	 97.606491	 97.587398	 97.568612	 97.550132	 97.531958	 97.514092	 97.496532	 97.479279	 97.462333	 97.445692	 97.429356	 97.413324	 97.397595	 97.382168	 97.367042	 97.352215	 97.337685	  97.32345	  97.30951	 97.295861	 97.282501	 97.269429	 97.256641	 97.244136	  97.23191	 97.219961	 97.208286	 97.196882	 97.185745	 97.174874	 97.164265	 97.153914	 97.143818	 97.133974	 97.124379	 97.115028	 97.105918	 97.097046	 97.088407	 97.079999	 97.071818	 97.063859	 97.056119	 97.048594	  97.04128	 97.034174	 97.027272	 97.020569	 97.014062	 97.007747	  97.00162	 96.995678	 96.989916	  96.98433	 96.978917	 96.973674	 96.968595	 96.963678	 96.958918	 96.954312	 96.949857	 96.945549	 96.941383	 96.937357	 96.933467	 96.929709	 96.926081	 96.922578	 96.919197	 96.915936	  96.91279	 96.909756	 96.906832	 96.904015	   96.9013	 96.898686	 96.896169	 96.893746	 96.891414	 96.889172	 96.887015	 96.884942	 96.882949	 96.881035	 96.879196	  96.87743	 96.875735	 96.874109	 96.872548	 96.871052	 96.869617	 96.868242	 96.866924	 96.865662	 96.864454	 96.863297	 96.862191	 96.861132	 96.860119	 96.859152	 96.858227	 96.857343	   96.8565	 96.855694	 96.854926	 96.854193	 96.853494	 96.852828	 96.852194	  96.85159	 96.851015	 96.850468	 96.849949	 96.849455	 96.848986	  96.84854	 96.848118	 96.847718	 96.847339	 96.846981	 96.846642	 96.846322	  96.84602	 96.845736	 96.845468	 96.845217	 96.844981	 96.844761	 96.844555	 96.844363	 96.844184	 96.844019	 96.843867	 96.843727	 96.843599	 96.843483	 96.843378	 96.843285	 96.843202	  96.84313	 96.843069	 96.843019	 96.842978	 96.842948	 96.842928	 96.842918	
        99	 98.955719	  98.91145	 98.867208	 98.823004	 98.778853	 98.734766	 98.690757	 98.646838	 98.603022	 98.559322	  98.51575	 98.472318	 98.429039	 98.385926	 98.342989	  98.30024	 98.257693	 98.215357	 98.173244	 98.131365	 98.089732	 98.048355	 98.007244	  97.96641	 97.925862	 97.885611	 97.845667	 97.806037	 97.766733	 97.727761	 97.689132	 97.650852	  97.61293	 97.575374	 97.538192	 97.501389	 97.464973	 97.428951	 97.393329	 97.358112	 97.323307	 97.288917	  97.25495	 97.221409	 97.188298	 97.155622	 97.123384	 97.091588	 97.060237	 97.029334	 96.998882	 96.968882	 96.939336	 96.910247	 96.881616	 96.853443	  96.82573	 96.798476	 96.771683	  96.74535	 96.719477	 96.694063	 96.669108	  96.64461	 96.620568	 96.596981	 96.573846	 96.551162	 96.528927	 96.507137	 96.485791	 96.464885	 96.444417	 96.424382	 96.404778	 96.385601	 96.366848	 96.348513	 96.330594	 96.313086	 96.295984	 96.279284	 96.262981	 96.247071	 96.231549	 96.216409	 96.201646	 96.187256	 96.173233	 96.159572	 96.146267	 96.133312	 96.120703	 96.108434	 96.096498	 96.084891	 96.073607	 96.062639	 96.051983	 96.041632	  96.03158	 96.021822	 96.012352	 96.003164	 95.994252	 95.985611	 95.977235	 95.969118	 95.961254	 95.953638	 95.946264	 95.939126	 95.932219	 95.925538	 95.919077	  95.91283	 95.906792	 95.900959	 95.895324	 95.889882	 95.884629	 95.879559	 95.874668	 95.869951	 95.865402	 95.861017	 95.856791	  95.85272	   95.8488	 95.845025	 95.841391	 95.837895	 95.834532	 95.831298	 95.828189	 95.825201	  95.82233	 95.819572	 95.816924	 95.814382	 95.811943	 95.809603	 95.807359	 95.805207	 95.803145	 95.801169	 95.799277	 95.797465	  95.79573	  95.79407	 95.792483	 95.790964	 95.789513	 95.788126	 95.786801	 95.785536	 95.784328	 95.783176	 95.782077	 95.781029	 95.780031	 95.779079	 95.778173	 95.777311	 95.776491	 95.775712	 95.774971	 95.774268	   95.7736	 95.772967	 95.772367	 95.771799	 95.771261	 95.770753	 95.770273	  95.76982	 95.769394	 95.768993	 95.768616	 95.768263	 95.767932	 95.767623	 95.767335	 95.767068	  95.76682	 95.766591	 95.766381	  95.76619	 95.766015	 95.765858	 95.765718	 95.765595	 95.765487	 95.765395	 95.765319	 95.765259	 95.765213	 95.765183	 95.765168	
        99	 98.940978	 98.881974	 98.823004	 98.764086	 98.705238	 98.646475	 98.587817	 98.529278	 98.470877	  98.41263	 98.354554	 98.296665	  98.23898	 98.181515	 98.124285	 98.067307	 98.010596	 97.954167	 97.898036	 97.842217	 97.786725	 97.731574	 97.676778	 97.622351	 97.568307	 97.514657	 97.461416	 97.408595	 97.356207	 97.304262	 97.252774	 97.201752	 97.151207	  97.10115	  97.05159	 97.002536	 96.953999	 96.905986	 96.858505	 96.811566	 96.765174	 96.719338	 96.674063	 96.629357	 96.585224	 96.541671	 96.498702	 96.456322	 96.414535	 96.373345	 96.332756	  96.29277	 96.253389	 96.214617	 96.176455	 96.138904	 96.101965	  96.06564	 96.029928	 95.994829	 95.960344	  95.92647	 95.893208	 95.860555	  95.82851	 95.797071	 95.766236	 95.736001	 95.706364	 95.677321	 95.648869	 95.621004	 95.593722	 95.567019	 95.540889	 95.515329	 95.490332	 95.465895	 95.442011	 95.418674	  95.39588	 95.373621	 95.351891	 95.330685	 95.309995	 95.289815	 95.270139	 95.250959	 95.232268	 95.214059	 95.196325	 95.179058	 95.162252	 95.145898	  95.12999	 95.114519	 95.099479	  95.08486	 95.070656	 95.056859	 95.043462	 95.030455	 95.017833	 95.005587	 94.993708	 94.982191	 94.971026	 94.960207	 94.949726	 94.939574	 94.929745	 94.920232	 94.911026	 94.902121	 94.893509	 94.885182	 94.877135	 94.869359	 94.861849	 94.854596	 94.847594	 94.840837	 94.834318	  94.82803	 94.821966	 94.816122	  94.81049	 94.805064	 94.799838	 94.794807	 94.789964	 94.785304	 94.780821	 94.776511	 94.772366	 94.768384	 94.764557	 94.760881	 94.757352	 94.753964	 94.750713	 94.747594	 94.744603	 94.741735	 94.738986	 94.736353	  94.73383	 94.731415	 94.729103	 94.726891	 94.724774	 94.722751	 94.720816	 94.718968	 94.717202	 94.715515	 94.713906	  94.71237	 94.710905	 94.709508	 94.708177	 94.706909	 94.705702	 94.704553	  94.70346	 94.702421	 94.701434	 94.700496	 94.699606	 94.698762	 94.697963	 94.697205	 94.696489	 94.695811	 94.695172	 94.694569	    94.694	 94.693465	 94.692963	 94.692492	 94.692051	 94.691639	 94.691256	 94.690899	 94.690569	 94.690264	 94.689985	 94.689729	 94.689497	 94.689288	 94.689101	 94.688936	 94.688793	  94.68867	 94.688569	 94.688488	 94.688428	 94.688388	 94.688367	
        99	 98.926255	 98.852532	 98.778853	 98.705238	 98.631709	 98.558289	 98.484997	 98.411857	 98.338887	 98.266111	 98.193548	 98.121218	 98.049144	 97.977343	 97.905838	 97.834646	 97.763789	 97.693284	 97.623151	 97.553408	 97.484073	 97.415165	 97.346701	 97.278697	 97.211171	 97.144139	 97.077616	 97.011619	 96.946162	 96.881261	 96.816928	 96.753179	 96.690026	 96.627481	 96.565559	 96.504269	 96.443624	 96.383634	  96.32431	 96.265661	 96.207697	 96.150427	 96.093858	    96.038	 95.982858	 95.928441	 95.874753	 95.821802	 95.769591	 95.718126	 95.667412	 95.617451	 95.568247	 95.519803	 95.472121	 95.425204	 95.379051	 95.333664	 95.289044	  95.24519	 95.202102	 95.159778	 95.118219	 95.077421	 95.037382	 94.998101	 94.959573	 94.921796	 94.884766	 94.848479	 94.812929	 94.778114	 94.744026	 94.710661	 94.678014	 94.646078	 94.614846	 94.584313	 94.554471	 94.525313	 94.496832	  94.46902	  94.44187	 94.415374	 94.389524	  94.36431	 94.339725	  94.31576	 94.292407	 94.269656	 94.247498	 94.225925	 94.204926	 94.184493	 94.164616	 94.145286	 94.126494	 94.108229	 94.090482	 94.073243	 94.056503	 94.040253	 94.024482	  94.00918	 93.994339	 93.979949	 93.965999	 93.952481	 93.939385	 93.926701	 93.914421	 93.902534	 93.891032	 93.879905	 93.869144	 93.858741	 93.848687	 93.838971	 93.829587	 93.820525	 93.811777	 93.803334	 93.795188	 93.787332	 93.779756	 93.772454	 93.765416	 93.758637	 93.752108	 93.745821	  93.73977	 93.733948	 93.728347	 93.722961	 93.717783	 93.712807	 93.708026	 93.703433	 93.699023	  93.69479	 93.690728	 93.686831	 93.683094	 93.679511	 93.676076	 93.672786	 93.669634	 93.666617	 93.663728	 93.660964	 93.658319	 93.655791	 93.653374	 93.651064	 93.648858	 93.646751	  93.64474	 93.642821	  93.64099	 93.639245	 93.637582	 93.635998	  93.63449	 93.633054	 93.631688	  93.63039	 93.629156	 93.627985	 93.626873	 93.625819	  93.62482	 93.623873	 93.622978	 93.622132	 93.621333	 93.620579	 93.619869	 93.619201	 93.618573	 93.617984	 93.617433	 93.616919	  93.61644	 93.615994	 93.615582	 93.615201	 93.614852	 93.614532	 93.614242	 93.613981	 93.613747	 93.613541	 93.613362	 93.613209	 93.613083	 93.612982	 93.612906	 93.612856	 93.612831	
        99	 98.911554	 98.823134	 98.734766	 98.646475	 98.558289	 98.470231	 98.382329	 98.294607	 98.207091	 98.119806	 98.032777	 97.946029	 97.859586	 97.773472	 97.687711	 97.602327	 97.517344	 97.432784	 97.348669	 97.265023	 97.181866	 97.099221	 97.017107	 96.935547	 96.854559	 96.774163	 96.694379	 96.615226	  96.53672	  96.45888	 96.381722	 96.305264	 96.229521	 96.154508	 96.080241	 96.006733	 95.933997	 95.862048	 95.790897	 95.720557	 95.651038	  95.58235	 95.514505	 95.447511	 95.381377	  95.31611	  95.25172	 95.188212	 95.125593	 95.063869	 95.003044	 94.943123	 94.884111	 94.826009	 94.768822	  94.71255	 94.657197	 94.602762	 94.549246	  94.49665	 94.444972	 94.394211	 94.344367	 94.295435	 94.247415	 94.200303	 94.154094	 94.108786	 94.064374	 94.020853	 93.978216	  93.93646	 93.895577	 93.855561	 93.816405	 93.778102	 93.740644	 93.704024	 93.668232	 93.633262	 93.599103	 93.565747	 93.533185	 93.501407	 93.470402	 93.440163	 93.410677	 93.381934	 93.353925	 93.326639	 93.300064	 93.274189	 93.249004	 93.224498	 93.200659	 93.177475	 93.154936	  93.13303	 93.111745	  93.09107	 93.070993	 93.051503	 93.032588	 93.014236	 92.996436	 92.979177	 92.962446	 92.946233	 92.930526	 92.915314	 92.900585	 92.886329	 92.872534	 92.859189	 92.846283	 92.833806	 92.821747	 92.810095	  92.79884	 92.787971	 92.777479	 92.767353	 92.757584	 92.748161	 92.739075	 92.730317	 92.721876	 92.713746	 92.705915	 92.698375	 92.691118	 92.684135	 92.677418	 92.670958	 92.664748	 92.658779	 92.653045	 92.647537	 92.642248	 92.637171	 92.632299	 92.627625	 92.623142	 92.618845	 92.614726	  92.61078	    92.607	  92.60338	 92.599916	 92.596601	 92.593429	 92.590397	 92.587498	 92.584728	 92.582081	 92.579554	 92.577142	 92.574841	 92.572646	 92.570553	 92.568558	 92.566658	 92.564849	 92.563127	 92.561489	 92.559932	 92.558452	 92.557047	 92.555714	 92.554449	 92.553251	 92.552116	 92.551042	 92.550027	 92.549069	 92.548165	 92.547313	 92.546512	 92.545759	 92.545053	 92.544392	 92.543775	   92.5432	 92.542666	 92.542171	 92.541715	 92.541296	 92.540913	 92.540565	 92.540251	 92.539971	 92.539724	 92.539509	 92.539326	 92.539174	 92.539053	 92.538963	 92.538902	 92.538872	
        99	 98.896878	 98.793787	 98.690757	 98.587817	 98.484997	 98.382329	 98.279842	 98.177564	 98.075527	 97.973759	  97.87229	 97.771148	 97.670361	 97.569959	 97.469969	 97.370418	 97.271333	 97.172742	 97.074671	 96.977145	 96.880191	 96.783832	 96.688094	 96.593001	 96.498575	  96.40484	 96.311817	  96.21953	 96.127998	 96.037242	 95.947282	 95.858138	 95.769827	 95.682368	 95.595777	 95.510072	 95.425268	 95.341381	 95.258424	 95.176412	 95.095358	 95.015274	 94.936171	 94.858061	 94.780953	 94.704858	 94.629784	 94.555738	 94.482729	 94.410763	 94.339846	 94.269983	 94.201178	 94.133436	  94.06676	 94.001152	 93.936613	 93.873146	 93.810751	 93.749428	 93.689175	 93.629992	 93.571877	 93.514827	 93.458838	 93.403909	 93.350034	 93.297208	 93.245426	 93.194683	 93.144973	 93.096288	 93.048621	 93.001965	 92.956312	 92.911654	 92.867981	 92.825284	 92.783554	 92.742781	 92.702955	 92.664064	 92.626099	 92.589048	 92.552899	 92.517642	 92.483263	 92.449752	 92.417096	 92.385281	 92.354297	 92.324129	 92.294766	 92.266193	 92.238398	 92.211368	 92.185089	 92.159548	 92.134731	 92.110626	 92.087218	 92.064493	  92.04244	 92.021043	  92.00029	 91.980167	  91.96066	 91.941757	 91.923444	 91.905708	 91.888535	 91.871913	 91.855829	  91.84027	 91.825223	 91.810675	 91.796615	  91.78303	 91.769907	 91.757235	 91.745002	 91.733196	 91.721805	 91.710819	 91.700226	 91.690014	 91.680174	 91.670693	 91.661563	 91.652773	 91.644311	  91.63617	 91.628338	 91.620806	 91.613566	 91.606607	 91.599921	 91.593499	 91.587332	 91.581413	 91.575733	 91.570283	 91.565057	 91.560047	 91.555244	 91.550643	 91.546236	 91.542016	 91.537976	 91.534111	 91.530414	 91.526878	 91.523498	 91.520268	 91.517183	 91.514237	 91.511424	 91.508741	 91.506181	 91.503741	 91.501416	   91.4992	 91.497091	 91.495083	 91.493174	 91.491358	 91.489633	 91.487995	  91.48644	 91.484966	 91.483569	 91.482245	 91.480994	  91.47981	 91.478693	 91.477639	 91.476646	 91.475711	 91.474834	 91.474011	  91.47324	 91.472521	  91.47185	 91.471228	 91.470651	 91.470119	  91.46963	 91.469183	 91.468778	 91.468412	 91.468086	 91.467798	 91.467547	 91.467333	 91.467156	 91.467015	  91.46691	 91.466839	 91.466804	
        99	 98.882233	 98.764501	 98.646838	 98.529278	 98.411857	 98.294607	 98.177564	 98.060762	 97.944233	 97.828012	 97.712132	 97.596626	 97.481526	 97.366864	 97.252673	 97.138984	 97.025827	 96.913234	 96.801235	 96.689859	 96.579135	 96.469091	 96.359757	 96.251158	 96.143322	 96.036274	 95.930041	 95.824647	 95.720115	  95.61647	 95.513735	  95.41193	 95.311077	 95.211197	 95.112309	 95.014432	 94.917584	 94.821783	 94.727045	 94.633385	  94.54082	 94.449362	 94.359025	 94.269821	 94.181763	 94.094861	 94.009124	 93.924563	 93.841185	 93.758998	 93.678009	 93.598224	 93.519648	 93.442285	  93.36614	 93.291214	  93.21751	 93.145029	 93.073773	  93.00374	  92.93493	 92.867342	 92.800973	 92.735821	 92.671881	  92.60915	 92.547624	 92.487296	  92.42816	 92.370211	  92.31344	 92.257841	 92.203405	 92.150123	 92.097986	 92.046985	  91.99711	 91.948349	 91.900693	 91.854129	 91.808647	 91.764233	 91.720876	 91.678563	  91.63728	 91.597015	 91.557755	 91.519484	  91.48219	 91.445857	 91.410472	  91.37602	 91.342486	 91.309856	 91.278114	 91.247245	 91.217233	 91.188065	 91.159724	 91.132195	 91.105462	 91.079511	 91.054325	 91.029889	 91.006189	 90.983208	 90.960931	 90.939343	 90.918429	 90.898174	 90.878563	  90.85958	 90.841212	 90.823443	 90.806259	 90.789645	 90.773588	 90.758074	 90.743087	 90.728616	 90.714645	 90.701162	 90.688154	 90.675607	  90.66351	 90.651848	  90.64061	 90.629783	 90.619356	 90.609317	 90.599654	 90.590356	 90.581412	 90.572811	 90.564542	 90.556595	 90.548959	 90.541625	 90.534583	 90.527823	 90.521336	 90.515113	 90.509144	 90.503422	 90.497938	 90.492683	  90.48765	 90.482831	 90.478218	 90.473803	 90.469581	 90.465543	 90.461683	 90.457994	 90.454471	 90.451106	 90.447895	  90.44483	 90.441907	  90.43912	 90.436464	 90.433934	 90.431525	 90.429233	 90.427052	 90.424979	 90.423009	 90.421138	 90.419362	 90.417679	 90.416083	 90.414572	 90.413142	 90.411791	 90.410514	 90.409311	 90.408177	  90.40711	 90.406107	 90.405168	 90.404288	 90.403466	   90.4027	 90.401989	  90.40133	 90.400723	 90.400165	 90.399654	 90.399191	 90.398774	 90.398401	 90.398072	 90.397786	 90.397542	  90.39734	 90.397178	 90.397058	 90.396978	 90.396938	
        99	 98.867622	 98.735283	 98.603022	 98.470877	 98.338887	 98.207091	 98.075527	 97.944233	 97.813248	 97.682607	  97.55235	 97.422513	 97.293133	 97.164246	 97.035887	 96.908093	 96.780898	 96.654336	 96.528441	 96.403246	 96.278785	 96.155089	 96.032189	 95.910117	 95.788902	 95.668574	  95.54916	  95.43069	  95.31319	 95.196686	 95.081204	 94.966768	 94.853403	 94.741131	 94.629974	 94.519954	 94.411091	 94.303404	 94.196912	 94.091633	 93.987583	 93.884778	 93.783233	 93.682962	 93.583979	 93.486295	 93.389921	 93.294869	 93.201146	 93.108763	 93.017726	 92.928042	 92.839717	 92.752756	 92.667163	 92.582942	 92.500093	  92.41862	 92.338523	 92.259802	 92.182455	 92.106481	 92.031878	 91.958643	  91.88677	 91.816257	 91.747097	 91.679284	 91.612811	 91.547672	 91.483858	 91.421361	 91.360171	 91.300279	 91.241674	 91.184346	 91.128282	 91.073472	 91.019903	 90.967562	 90.916437	 90.866513	 90.817777	 90.770214	  90.72381	 90.678549	 90.634417	 90.591399	 90.549477	 90.508637	 90.468862	 90.430136	 90.392441	 90.355763	 90.320082	 90.285383	 90.251649	 90.218862	 90.187004	  90.15606	  90.12601	 90.096839	 90.068529	 90.041062	 90.014421	 89.988588	 89.963548	 89.939282	 89.915773	 89.893005	  89.87096	 89.849622	 89.828975	 89.809002	 89.789686	 89.771011	 89.752962	 89.735522	 89.718677	  89.70241	 89.686706	  89.67155	 89.656928	 89.642825	 89.629226	 89.616117	 89.603485	 89.591315	 89.579595	  89.56831	 89.557448	 89.546997	 89.536943	 89.527275	  89.51798	 89.509047	 89.500464	  89.49222	 89.484304	 89.476705	 89.469413	 89.462418	 89.455709	 89.449277	 89.443112	 89.437206	 89.431548	 89.426131	 89.420946	 89.415984	 89.411237	 89.406698	 89.402359	 89.398213	 89.394253	 89.390471	  89.38686	 89.383416	  89.38013	 89.376997	 89.374012	 89.371168	  89.36846	 89.365883	 89.363432	 89.361101	 89.358887	 89.356784	 89.354788	 89.352896	 89.351102	 89.349403	 89.347796	 89.346277	 89.344843	  89.34349	 89.342215	 89.341015	 89.339889	 89.338832	 89.337843	  89.33692	 89.336059	  89.33526	 89.334519	 89.333836	 89.333209	 89.332635	 89.332115	 89.331645	 89.331226	 89.330856	 89.330535	 89.330261	 89.330033	 89.329852	 89.329717	 89.329626	 89.329581	
        99	  98.85305	 98.706143	 98.559322	  98.41263	 98.266111	 98.119806	 97.973759	 97.828012	 97.682607	 97.537586	  97.39299	 97.248861	 97.105238	 96.962162	 96.819674	 96.677812	 96.536614	  96.39612	 96.256367	 96.117391	 95.979228	 95.841916	 95.705487	 95.569977	 95.435418	 95.301844	 95.169285	 95.037773	 94.907338	  94.77801	 94.649815	 94.522782	 94.396937	 94.272306	 94.148913	 94.026782	 93.905935	 93.786393	 93.668178	  93.55131	 93.435806	 93.321684	 93.208961	 93.097652	 92.987772	 92.879335	 92.772352	 92.666836	 92.562797	 92.460244	 92.359185	 92.259629	 92.161581	 92.065047	 91.970032	 91.876539	 91.784571	 91.694129	 91.605215	 91.517827	 91.431966	 91.347629	 91.264813	 91.183516	 91.103732	 91.025456	 90.948682	 90.873404	 90.799615	 90.727305	 90.656466	 90.587089	 90.519163	 90.452678	 90.387622	 90.323983	 90.261748	 90.200904	 90.141438	 90.083336	 90.026582	 89.971162	 89.917061	 89.864262	  89.81275	 89.762507	 89.713517	 89.665763	 89.619227	 89.573891	 89.529737	 89.486748	 89.444904	 89.404188	 89.364579	 89.326061	 89.288613	 89.252216	 89.216852	 89.182501	 89.149144	 89.116761	 89.085334	 89.054844	  89.02527	 88.996594	 88.968797	 88.941859	 88.915763	 88.890488	 88.866017	  88.84233	  88.81941	 88.797238	 88.775796	 88.755065	 88.735029	  88.71567	  88.69697	 88.678912	  88.66148	 88.644656	 88.628424	 88.612768	 88.597672	 88.583121	 88.569098	 88.555588	 88.542578	 88.530051	 88.517993	 88.506391	 88.495231	 88.484498	  88.47418	 88.464264	 88.454736	 88.445584	 88.436797	 88.428362	 88.420267	 88.412502	 88.405054	 88.397914	 88.391071	 88.384514	 88.378234	  88.37222	 88.366464	 88.360956	 88.355687	 88.350648	 88.345832	 88.341229	 88.336833	 88.332634	 88.328627	 88.324803	 88.321155	 88.317678	 88.314364	 88.311207	 88.308201	  88.30534	 88.302619	 88.300032	 88.297574	 88.295239	 88.293024	 88.290923	 88.288932	 88.287046	 88.285262	 88.283576	 88.281983	 88.280481	 88.279066	 88.277735	 88.276484	 88.275311	 88.274214	 88.273188	 88.272233	 88.271346	 88.270524	 88.269765	 88.269069	 88.268432	 88.267854	 88.267333	 88.266868	 88.266458	 88.266101	 88.265796	 88.265544	 88.265343	 88.265192	 88.265092	 88.265042	
        99	  98.83852	 98.677087	  98.51575	 98.354554	 98.193548	 98.032777	  97.87229	 97.712132	  97.55235	  97.39299	 97.234097	 97.075717	 96.917893	 96.760671	 96.604094	 96.448206	 96.293047	 96.138662	  95.98509	 95.832373	  95.68055	  95.52966	 95.379742	 95.230833	  95.08297	 94.936189	 94.790523	 94.646009	 94.502677	 94.360561	 94.219691	 94.080098	  93.94181	 93.804856	 93.669262	 93.535055	 93.402259	 93.270898	 93.140995	 93.012571	 92.885647	 92.760241	 92.636372	 92.514058	 92.393314	 92.274155	 92.156594	 92.040645	 91.926319	 91.813626	 91.702575	 91.593175	 91.485433	 91.379354	 91.274945	 91.172207	 91.071146	 90.971762	 90.874056	 90.778028	 90.683677	 90.591002	 90.499998	 90.410662	 90.322989	 90.236974	 90.152609	 90.069888	 89.988803	 89.909343	   89.8315	 89.755264	 89.680622	 89.607563	 89.536074	 89.466142	 89.397754	 89.330894	 89.265549	 89.201701	 89.139336	 89.078437	 89.018986	 88.960967	 88.904362	 88.849151	 88.795317	 88.742841	 88.691704	 88.641885	 88.593366	 88.546126	 88.500145	 88.455403	 88.411878	 88.369551	   88.3284	 88.288405	 88.249544	 88.211797	 88.175141	 88.139557	 88.105023	 88.071517	  88.03902	 88.007508	 87.976963	 87.947362	 87.918685	 87.890911	 87.864021	 87.837992	 87.812806	 87.788441	 87.764879	 87.742099	 87.720082	 87.698808	 87.678259	 87.658416	  87.63926	 87.620772	 87.602936	 87.585732	 87.569143	 87.553153	 87.537744	 87.522898	 87.508601	 87.494836	 87.481586	 87.468837	 87.456573	 87.444779	 87.433441	 87.422544	 87.412074	 87.402018	 87.392361	 87.383092	 87.374197	 87.365664	  87.35748	 87.349634	 87.342114	 87.334909	 87.328008	   87.3214	 87.315074	 87.309022	 87.303232	 87.297695	 87.292402	 87.287344	 87.282513	   87.2779	 87.273496	 87.269294	 87.265286	 87.261465	 87.257823	 87.254354	 87.251051	 87.247907	 87.244917	 87.242074	 87.239373	 87.236807	 87.234373	 87.232064	 87.229876	 87.227804	 87.225844	 87.223991	 87.222241	  87.22059	 87.219035	 87.217572	 87.216198	 87.214909	 87.213703	 87.212576	 87.211526	 87.210551	 87.209648	 87.208815	 87.208049	  87.20735	 87.206715	 87.206142	 87.205631	  87.20518	 87.204788	 87.204453	 87.204176	 87.203955	 87.203789	 87.203679	 87.203624	
        99	 98.824037	 98.648126	 98.472318	 98.296665	 98.121218	 97.946029	 97.771148	 97.596626	 97.422513	 97.248861	 97.075717	 96.903132	 96.731153	  96.55983	  96.38921	  96.21934	 96.050266	 95.882034	 95.714689	 95.548274	 95.382835	 95.218412	 95.055048	 94.892784	 94.731659	 94.571713	 94.412983	 94.255507	  94.09932	 93.944458	 93.790954	 93.638841	 93.488151	 93.338913	 93.191159	 93.044915	 92.900209	 92.757066	 92.615512	  92.47557	 92.337262	 92.200609	 92.065631	 91.932346	 91.800773	 91.670926	 91.542822	 91.416474	 91.291894	 91.169093	 91.048083	 90.928871	 90.811465	 90.695873	 90.582099	 90.470147	 90.360022	 90.251724	 90.145255	 90.040615	 89.937802	 89.836814	 89.737648	   89.6403	 89.544764	 89.451034	 89.359103	 89.268963	 89.180605	 89.094019	 89.009195	 88.926121	 88.844784	 88.765173	 88.687272	 88.611068	 88.536546	  88.46369	 88.392484	  88.32291	 88.254952	 88.188591	 88.123808	 88.060585	 87.998903	 87.938741	 87.880078	 87.822896	 87.767172	 87.712885	 87.660015	 87.608538	 87.558433	 87.509677	 87.462249	 87.416126	 87.371285	 87.327702	 87.285356	 87.244223	  87.20428	 87.165505	 87.127873	 87.091362	  87.05595	 87.021612	 86.988327	 86.956072	 86.924823	 86.894558	 86.865255	 86.836892	 86.809447	 86.782897	 86.757222	 86.732399	 86.708407	 86.685225	 86.662833	  86.64121	 86.620336	 86.600191	 86.580754	 86.562008	 86.543931	 86.526507	 86.509715	 86.493539	 86.477959	 86.462959	 86.448521	 86.434629	 86.421265	 86.408413	 86.396058	 86.384183	 86.372775	 86.361816	 86.351294	 86.341194	 86.331501	 86.322202	 86.313285	 86.304735	 86.296541	 86.288689	 86.281169	 86.273968	 86.267075	  86.26048	  86.25417	 86.248137	  86.24237	 86.236858	 86.231594	 86.226566	 86.221768	 86.217189	 86.212821	 86.208657	 86.204689	 86.200909	 86.197309	 86.193884	 86.190626	 86.187528	 86.184584	 86.181789	 86.179136	  86.17662	 86.174236	 86.171978	 86.169842	 86.167823	 86.165916	 86.164117	 86.162423	 86.160828	 86.159331	 86.157926	 86.156612	 86.155384	  86.15424	 86.153177	 86.152193	 86.151285	 86.150451	 86.149689	 86.148997	 86.148373	 86.147816	 86.147325	 86.146897	 86.146533	  86.14623	 86.145989	 86.145809	 86.145689	  86.14563	
        99	 98.809605	 98.619267	 98.429039	  98.23898	 98.049144	 97.859586	 97.670361	 97.481526	 97.293133	 97.105238	 96.917893	 96.731153	  96.54507	 96.359696	 96.175082	 95.991279	 95.808338	 95.626308	 95.445238	 95.265175	 95.086167	 94.908259	 94.731496	 94.555924	 94.381584	  94.20852	 94.036771	  93.86638	 93.697383	 93.529819	 93.363725	 93.199136	 93.036087	  92.87461	 92.714736	 92.556498	 92.399924	 92.245041	 92.091877	 91.940457	 91.790806	 91.642945	 91.496896	  91.35268	 91.210316	  91.06982	 90.931209	 90.794498	   90.6597	 90.526828	 90.395893	 90.266903	 90.139869	 90.014796	  89.89169	 89.770557	 89.651399	 89.534219	 89.419018	 89.305796	  89.19455	  89.08528	 88.977981	 88.872648	 88.769277	 88.667859	 88.568389	 88.470856	 88.375251	 88.281563	 88.189782	 88.099894	 88.011887	 87.925746	 87.841456	 87.759002	 87.678368	 87.599537	  87.52249	 87.447211	 87.373678	 87.301874	 87.231779	  87.16337	 87.096629	 87.031532	 86.968059	 86.906187	 86.845892	 86.787153	 86.729946	 86.674247	 86.620033	 86.567279	 86.515961	 86.466055	 86.417536	 86.370379	 86.324559	 86.280053	 86.236834	 86.194878	  86.15416	 86.114655	 86.076338	 86.039184	 86.003169	 85.968268	 85.934456	  85.90171	 85.870004	 85.839314	 85.809618	 85.780891	 85.753109	  85.72625	 85.700291	 85.675208	  85.65098	 85.627583	 85.604997	 85.583199	 85.562169	 85.541884	 85.522326	 85.503472	 85.485303	   85.4678	 85.450943	 85.434712	  85.41909	 85.404058	 85.389598	 85.375692	 85.362324	 85.349476	 85.337131	 85.325274	 85.313889	  85.30296	 85.292472	 85.282411	 85.272762	 85.263511	 85.254645	 85.246149	 85.238012	 85.230221	 85.222763	 85.215626	 85.208799	 85.202271	 85.196031	 85.190067	 85.184371	 85.178931	 85.173739	 85.168784	 85.164059	 85.159553	  85.15526	 85.151169	 85.147275	 85.143568	 85.140043	 85.136691	 85.133506	 85.130481	 85.127611	 85.124889	 85.122309	 85.119866	 85.117554	 85.115369	 85.113306	  85.11136	 85.109527	 85.107802	 85.106181	 85.104662	 85.103239	 85.101911	 85.100673	 85.099523	 85.098458	 85.097476	 85.096573	 85.095749	    85.095	 85.094325	 85.093722	  85.09319	 85.092728	 85.092334	 85.092006	 85.091746	 85.091551	 85.091421	 85.091356	
        99	 98.795228	 98.590517	 98.385926	 98.181515	 97.977343	 97.773472	 97.569959	 97.366864	 97.164246	 96.962162	 96.760671	  96.55983	 96.359696	 96.160323	 95.961769	 95.764088	 95.567333	 95.371557	 95.176814	 94.983155	 94.790629	 94.599287	 94.409177	 94.220347	 94.032843	  93.84671	 93.661993	 93.478734	 93.296977	  93.11676	 92.938124	 92.761107	 92.585745	 92.412075	  92.24013	 92.069943	 91.901545	 91.734967	 91.570238	 91.407384	 91.246432	 91.087406	 90.930329	 90.775223	 90.622109	 90.471004	 90.321926	 90.174892	 90.029915	  89.88701	 89.746188	 89.607458	 89.470831	 89.336313	 89.203912	 89.073632	 88.945477	 88.819448	 88.695548	 88.573776	 88.454131	 88.336609	 88.221208	 88.107921	 87.996744	 87.887669	 87.780687	 87.675789	 87.572965	 87.472203	 87.373491	 87.276816	 87.182163	 87.089517	 86.998863	 86.910183	  86.82346	 86.738676	 86.655812	 86.574847	 86.495763	 86.418537	 86.343148	 86.269574	 86.197793	 86.127781	 86.059515	  85.99297	 85.928123	 85.864949	 85.803422	 85.743517	 85.685209	 85.628471	 85.573278	 85.519603	  85.46742	 85.416703	 85.367424	 85.319556	 85.273074	  85.22795	 85.184157	 85.141669	 85.100459	   85.0605	 85.021765	 84.984228	 84.947863	 84.912644	 84.878544	 84.845537	 84.813598	 84.782702	 84.752823	 84.723935	 84.696016	 84.669039	 84.642981	 84.617818	 84.593526	 84.570082	 84.547464	 84.525648	 84.504612	 84.484335	 84.464794	 84.445969	 84.427839	 84.410383	 84.393581	 84.377414	 84.361862	 84.346907	 84.332529	  84.31871	 84.305434	 84.292681	 84.280436	 84.268682	 84.257402	 84.246581	 84.236204	 84.226254	 84.216718	 84.207582	  84.19883	  84.19045	 84.182429	 84.174754	 84.167411	  84.16039	 84.153679	 84.147265	 84.141138	 84.135288	 84.129703	 84.124375	 84.119292	 84.114447	 84.109829	  84.10543	 84.101241	 84.097255	 84.093463	 84.089858	 84.086432	 84.083179	 84.080092	 84.077164	  84.07439	 84.071762	 84.069276	 84.066926	 84.064707	 84.062614	 84.060642	 84.058787	 84.057045	  84.05541	  84.05388	 84.052452	  84.05112	 84.049884	 84.048738	 84.047682	 84.046711	 84.045824	 84.045019	 84.044293	 84.043645	 84.043073	 84.042575	 84.042151	 84.041799	 84.041519	 84.041309	  84.04117	   84.0411	
        99	  98.78091	 98.561885	 98.342989	 98.124285	 97.905838	 97.687711	 97.469969	 97.252673	 97.035887	 96.819674	 96.604094	  96.38921	 96.175082	 95.961769	 95.749332	 95.537828	 95.327316	 95.117852	 94.909492	 94.702291	 94.496304	 94.291583	  94.08818	 93.886147	 93.685532	 93.486384	 93.288752	  93.09268	 92.898213	 92.705396	 92.514269	 92.324875	 92.137252	 91.951438	  91.76747	 91.585383	 91.405211	 91.226986	 91.050738	 90.876497	 90.704291	 90.534146	 90.366086	 90.200135	 90.036315	 89.874644	 89.715143	 89.557828	 89.402714	 89.249817	 89.099148	 88.950718	 88.804538	 88.660615	 88.518956	 88.379566	  88.24245	  88.10761	 87.975046	  87.84476	 87.716748	  87.59101	 87.467539	 87.346332	 87.227381	 87.110679	 86.996216	 86.883984	  86.77397	 86.666163	 86.560549	 86.457114	 86.355843	 86.256719	 86.159726	 86.064846	 85.972059	 85.881347	 85.792689	 85.706063	 85.621449	 85.538823	 85.458163	 85.379445	 85.302644	 85.227737	 85.154697	   85.0835	 85.014119	 84.946527	 84.880698	 84.816605	  84.75422	 84.693515	 84.634463	 84.577035	 84.521203	 84.466939	 84.414215	    84.363	 84.313268	 84.264989	 84.218134	 84.172675	 84.128583	  84.08583	 84.044387	 84.004226	 83.965318	 83.927636	 83.891152	 83.855837	 83.821665	 83.788608	  83.75664	 83.725733	 83.695861	 83.666998	 83.639118	 83.612195	 83.586205	 83.561122	 83.536922	 83.513581	 83.491074	 83.469379	 83.448472	 83.428331	 83.408933	 83.390256	  83.37228	 83.354982	 83.338343	 83.322342	 83.306958	 83.292174	 83.277969	 83.264325	 83.251223	 83.238647	 83.226579	 83.215002	 83.203898	 83.193253	  83.18305	 83.173275	 83.163911	 83.154946	 83.146363	 83.138151	 83.130296	 83.122784	 83.115603	 83.108741	 83.102186	 83.095926	 83.089951	  83.08425	 83.078812	 83.073628	 83.068687	  83.06398	 83.059499	 83.055234	 83.051177	 83.047319	 83.043654	 83.040174	 83.036871	 83.033739	  83.03077	 83.027959	 83.025299	 83.022785	 83.020411	 83.018171	 83.016061	 83.014076	 83.012212	 83.010463	 83.008827	 83.007298	 83.005874	  83.00455	 83.003325	 83.002194	 83.001156	 83.000207	 82.999345	 82.998569	 82.997875	 82.997263	 82.996731	 82.996277	 82.995901	 82.995601	 82.995376	 82.995227	 82.995153	
        99	 98.766655	  98.53338	  98.30024	 98.067307	 97.834646	 97.602327	 97.370418	 97.138984	 96.908093	 96.677812	 96.448206	  96.21934	 95.991279	 95.764088	 95.537828	 95.312563	 95.088354	 94.865261	 94.643344	 94.422662	 94.203272	 93.985231	 93.768594	 93.553415	 93.339748	 93.127643	 92.917151	 92.708322	 92.501202	 92.295839	 92.092277	  91.89056	 91.690729	 91.492825	 91.296888	 91.102953	 90.911058	 90.721237	 90.533522	 90.347944	 90.164534	 89.983318	 89.804323	 89.627575	 89.453095	 89.280906	 89.111027	 88.943476	  88.77827	 88.615424	 88.454952	 88.296865	 88.141173	 87.987886	  87.83701	 87.688551	 87.542513	   87.3989	 87.257711	 87.118947	 86.982607	 86.848687	 86.717183	 86.588089	 86.461399	 86.337104	 86.215194	 86.095659	 85.978487	 85.863666	  85.75118	 85.641015	 85.533155	 85.427582	 85.324278	 85.223224	   85.1244	 85.027786	 84.933359	 84.841097	 84.750977	 84.662976	 84.577067	 84.493227	  84.41143	 84.331649	 84.253857	 84.178027	 84.104132	 84.032142	  83.96203	 83.893767	 83.827322	 83.762668	 83.699773	 83.638609	 83.579145	  83.52135	 83.465195	 83.410648	  83.35768	  83.30626	 83.256356	  83.20794	 83.160979	 83.115444	 83.071305	  83.02853	 82.987091	 82.946957	 82.908099	 82.870487	 82.834091	 82.798884	 82.764835	 82.731917	 82.700102	 82.669361	 82.639667	 82.610992	 82.583311	 82.556596	 82.530822	 82.505962	 82.481991	 82.458884	 82.436617	 82.415165	 82.394505	 82.374613	 82.355467	 82.337044	 82.319322	  82.30228	 82.285895	 82.270149	 82.255019	 82.240488	 82.226534	  82.21314	 82.200286	 82.187955	  82.17613	 82.164792	 82.153925	 82.143514	 82.133541	 82.123992	 82.114851	 82.106105	 82.097738	 82.089737	 82.082089	 82.074781	 82.067799	 82.061132	 82.054769	 82.048697	 82.042905	 82.037383	 82.032121	 82.027108	 82.022335	 82.017792	 82.013471	 82.009363	  82.00546	 82.001753	 81.998235	 81.994899	 81.991737	 81.988743	  81.98591	 81.983232	 81.980704	 81.978318	 81.976071	 81.973957	 81.971971	 81.970109	 81.968366	 81.966738	 81.965221	 81.963811	 81.962506	 81.961302	 81.960196	 81.959185	 81.958268	  81.95744	 81.956702	  81.95605	 81.955483	    81.955	 81.954599	 81.954279	  81.95404	 81.953881	 81.953802	
        99	 98.752467	 98.505007	 98.257693	 98.010596	 97.763789	 97.517344	 97.271333	 97.025827	 96.780898	 96.536614	 96.293047	 96.050266	 95.808338	 95.567333	 95.327316	 95.088354	 94.850512	 94.613854	 94.378444	 94.144344	 93.911614	 93.680315	 93.450506	 93.222244	 92.995584	 92.770583	 92.547292	 92.325765	 92.106052	 91.888202	 91.672263	 91.458281	 91.246299	 91.036362	 90.828511	 90.622785	 90.419222	 90.217859	  90.01873	 89.821869	 89.627306	 89.435072	 89.245194	 89.057698	 88.872609	  88.68995	 88.509742	 88.332003	 88.156753	 87.984005	 87.813776	 87.646076	 87.480918	  87.31831	  87.15826	 87.000775	 86.845858	 86.693512	 86.543738	 86.396537	 86.251907	 86.109844	 85.970344	 85.833401	 85.699007	 85.567155	 85.437832	 85.311029	 85.186733	  85.06493	 84.945605	 84.828741	 84.714323	  84.60233	 84.492745	 84.385547	 84.280714	 84.178225	 84.078057	 83.980185	 83.884586	 83.791234	 83.700102	 83.611164	 83.524393	 83.439761	 83.357239	 83.276799	  83.19841	 83.122043	 83.047668	 82.975254	  82.90477	 82.836184	 82.769465	 82.704582	 82.641502	 82.580193	 82.520624	  82.46276	 82.406572	 82.352025	 82.299087	 82.247726	  82.19791	 82.149607	 82.102783	 82.057408	 82.013449	 81.970875	 81.929654	 81.889755	 81.851147	 81.813798	 81.777679	  81.74276	  81.70901	   81.6764	   81.6449	 81.614483	 81.585118	 81.556779	 81.529437	 81.503065	 81.477637	 81.453125	 81.429504	 81.406748	 81.384832	 81.363731	  81.34342	 81.323877	 81.305078	 81.286999	 81.269618	 81.252914	 81.236865	  81.22145	 81.206648	 81.192439	 81.178804	 81.165723	 81.153179	 81.141151	 81.129624	 81.118579	    81.108	 81.097871	 81.088174	 81.078896	 81.070021	 81.061533	  81.05342	 81.045667	 81.038261	 81.031189	 81.024439	 81.017997	 81.011853	 81.005996	 81.000414	 80.995096	 80.990033	 80.985214	  80.98063	 80.976272	 80.972131	 80.968199	 80.964467	 80.960928	 80.957574	 80.954398	 80.951393	 80.948552	  80.94587	  80.94334	 80.940956	 80.938713	 80.936607	 80.934631	 80.932782	 80.931055	 80.929446	 80.927951	 80.926566	 80.925289	 80.924115	 80.923043	  80.92207	 80.921192	 80.920409	 80.919717	 80.919116	 80.918603	 80.918178	 80.917839	 80.917586	 80.917417	 80.917333	
