Time step 87:
        99	        99	        99	        99	        99	        99	        99	        99	        99	        99	        99	        99	        99	        99	        99	        99	        99	        99	        99	        99	        99	        99	        99	        99	        99	        99	        99	        99	        99	        99	        99	        99	        99	        99	        99	        99	        99	        99	        99	        99	        99	        99	        99	        99	        99	        99	        99	        99	        99	        99	        99	        99	        99	        99	        99	        99	        99	        99	        99	        99	        99	        99	        99	        99	        99	        99	        99	        99	        99	        99	        99	        99	        99	        99	        99	        99	        99	        99	        99	        99	        99	        99	        99	        99	        99	        99	        99	        99	        99	        99	        99	        99	        99	        99	        99	        99	        99	        99	        99	        99	        99	        99	        99	        99	        99	        99	        99	        99	        99	        99	        99	        99	        99	        99	        99	        99	        99	        99	        99	        99	        99	        99	        99	        99	        99	        99	        99	        99	        99	        99	        99	        99	        99	        99	        99	        99	        99	        99	        99	        99	        99	        99	        99	        99	        99	        99	        99	        99	        99	        99	        99	        99	        99	        99	        99	        99	        99	        99	        99	        99	        99	        99	        99	        99	        99	        99	        99	        99	        99	        99	        99	        99	        99	        99	        99	        99	        99	        99	        99	        99	        99	        99	        99	        99	        99	        99	        99	        99	        99	        99	        99	        99	        99	        99	        99	        99	        99	        99	        99	        99	
        99	 98.992702	 98.985405	 98.978109	 98.970818	  98.96353	 98.956248	 98.948971	 98.941703	 98.934443	 98.927192	 98.919952	 98.912723	 98.905507	 98.898305	 98.891117	 98.883944	 98.876789	 98.869651	 98.862532	 98.855432	 98.848353	 98.841295	  98.83426	 98.827249	 98.820262	   98.8133	 98.806364	 98.799456	 98.792575	 98.785724	 98.778902	 98.772111	 98.765352	 98.758624	  98.75193	  98.74527	 98.738645	 98.732055	 98.725501	 98.718984	 98.712506	 98.706065	 98.699664	 98.693303	 98.686982	 98.680702	 98.674464	 98.668269	 98.662117	 98.656008	 98.649944	 98.643924	  98.63795	 98.632021	 98.626139	 98.620304	 98.614516	 98.608776	 98.603084	 98.597441	 98.591846	 98.586302	 98.580806	 98.575361	 98.569967	 98.564623	 98.559331	 98.554089	   98.5489	 98.543762	 98.538676	 98.533643	 98.528662	 98.523734	 98.518858	 98.514036	 98.509266	  98.50455	 98.499888	 98.495278	 98.490722	  98.48622	 98.481771	 98.477376	 98.473034	 98.468746	 98.464512	 98.460331	 98.456203	 98.452129	 98.448108	  98.44414	 98.440225	 98.436363	 98.432554	 98.428798	 98.425094	 98.421443	 98.417843	 98.414296	   98.4108	 98.407356	 98.403963	 98.400622	 98.397331	 98.394091	   98.3909	  98.38776	  98.38467	 98.381629	 98.378638	 98.375695	   98.3728	 98.369954	 98.367156	 98.364405	 98.361701	 98.359044	 98.356434	  98.35387	 98.351351	 98.348878	  98.34645	 98.344067	 98.341727	 98.339432	  98.33718	 98.334971	 98.332805	 98.330681	 98.328599	 98.326559	 98.324559	 98.322601	 98.320682	 98.318804	 98.316965	 98.315165	 98.313403	  98.31168	 98.309995	 98.308347	 98.306737	 98.305163	 98.303625	 98.302123	 98.300657	 98.299226	  98.29783	 98.296468	 98.295139	 98.293845	 98.292584	 98.291355	  98.29016	 98.288996	 98.287864	 98.286764	 98.285694	 98.284656	 98.283648	  98.28267	 98.281722	 98.280803	 98.279914	 98.279053	 98.278221	 98.277418	 98.276642	 98.275895	 98.275174	 98.274481	 98.273815	 98.273176	 98.272563	 98.271977	 98.271417	 98.270883	 98.270374	 98.269891	 98.269433	    98.269	 98.268592	 98.268209	 98.267851	 98.267517	 98.267208	 98.266923	 98.266662	 98.266425	 98.266212	 98.266023	 98.265857	 98.265716	 98.265598	 98.265504	 98.265433	 98.265386	 98.265362	
        99	 98.985405	 98.970811	 98.956222	 98.941639	 98.927065	 98.912501	  98.89795	 98.883414	 98.868895	 98.854394	 98.839915	 98.825459	 98.811028	 98.796624	 98.782249	 98.767906	 98.753596	 98.739321	 98.725083	 98.710885	 98.696728	 98.682614	 98.668545	 98.654523	  98.64055	 98.626627	 98.612757	 98.598941	 98.585181	 98.571479	 98.557837	 98.544255	 98.530737	 98.517284	 98.503896	 98.490577	 98.477327	 98.464148	 98.451042	  98.43801	 98.425053	 98.412173	 98.399371	  98.38665	 98.374009	 98.361451	 98.348976	 98.336586	 98.324282	 98.312066	 98.299938	   98.2879	 98.275952	 98.264096	 98.252333	 98.240663	 98.229088	 98.217609	 98.206226	  98.19494	 98.183752	 98.172663	 98.161674	 98.150785	 98.139996	  98.12931	 98.118725	 98.108243	 98.097865	  98.08759	 98.077419	 98.067353	 98.057392	 98.047536	 98.037786	 98.028142	 98.018604	 98.009173	 97.999848	  97.99063	 97.981519	 97.972515	 97.963618	 97.954828	 97.946145	  97.93757	 97.929101	 97.920739	 97.912485	 97.904337	 97.896295	  97.88836	 97.880531	 97.872808	 97.865191	 97.857679	 97.850272	 97.842969	 97.835771	 97.828677	 97.821686	 97.814799	 97.808013	 97.801331	 97.794749	 97.788269	 97.781889	  97.77561	  97.76943	 97.763348	 97.757365	  97.75148	 97.745692	     97.74	 97.734403	 97.728902	 97.723495	 97.718182	 97.712962	 97.707834	 97.702797	 97.697851	 97.692995	 97.688229	  97.68355	  97.67896	 97.674456	 97.670039	 97.665707	  97.66146	 97.657296	 97.653215	 97.649217	   97.6453	 97.641463	 97.637706	 97.634028	 97.630429	 97.626906	  97.62346	  97.62009	 97.616795	 97.613574	 97.610426	 97.607351	 97.604348	 97.601416	 97.598554	 97.595761	 97.593037	 97.590381	 97.587793	  97.58527	 97.582814	 97.580422	 97.578095	 97.575831	 97.573631	 97.571492	 97.569415	   97.5674	 97.565444	 97.563548	 97.561711	 97.559932	 97.558211	 97.556547	  97.55494	  97.55339	 97.551894	 97.550454	 97.549068	 97.547736	 97.546458	 97.545233	  97.54406	  97.54294	 97.541871	 97.540854	 97.539887	 97.538972	 97.538106	 97.537291	 97.536525	 97.535808	 97.535141	 97.534522	 97.533952	  97.53343	 97.532956	  97.53253	 97.532152	 97.531821	 97.531538	 97.531302	 97.531114	 97.530973	 97.530879	 97.530832	
        99	 98.978109	 98.956222	 98.934341	  98.91247	 98.890611	 98.868768	 98.846944	 98.825142	 98.803366	 98.781618	 98.759902	  98.73822	 98.716576	 98.694973	 98.673413	 98.651901	 98.630438	 98.609029	 98.587675	  98.56638	 98.545147	 98.523979	 98.502878	 98.481847	  98.46089	 98.440008	 98.419205	 98.398484	 98.377847	 98.357296	 98.336835	 98.316466	 98.296191	 98.276013	 98.255935	 98.235958	 98.216086	  98.19632	 98.176662	 98.157116	 98.137683	 98.118366	 98.099166	 98.080086	 98.061127	 98.042292	 98.023582	    98.005	 97.986546	 97.968224	 97.950034	 97.931979	  97.91406	 97.896278	 97.878635	 97.861133	 97.843772	 97.826555	 97.809483	 97.792556	 97.775776	 97.759145	 97.742663	 97.726331	 97.710151	 97.694123	 97.678248	 97.662527	 97.646961	  97.63155	 97.616296	 97.601199	 97.586259	 97.571477	 97.556854	 97.542389	 97.528084	 97.513939	 97.499953	 97.486128	 97.472463	 97.458959	 97.445615	 97.432432	 97.419409	 97.406547	 97.393846	 97.381305	 97.368925	 97.356704	 97.344643	 97.332742	    97.321	 97.309417	 97.297992	 97.286725	 97.275616	 97.264664	 97.253868	 97.243228	 97.232743	 97.222413	 97.212237	 97.202213	 97.192343	 97.182623	 97.173055	 97.163637	 97.154368	 97.145247	 97.136274	 97.127447	 97.118765	 97.110228	 97.101835	 97.093584	 97.085474	 97.077506	 97.069676	 97.061985	 97.054431	 97.047013	  97.03973	 97.032581	 97.025565	  97.01868	 97.011925	   97.0053	 96.998803	 96.992432	 96.986188	 96.980067	  96.97407	 96.968195	 96.962441	 96.956806	  96.95129	 96.945891	 96.940608	  96.93544	 96.930386	 96.925444	 96.920613	 96.915892	  96.91128	 96.906775	 96.902377	 96.898085	 96.893896	 96.889811	 96.885828	 96.881945	 96.878162	 96.874478	 96.870891	 96.867401	 96.864006	 96.860705	 96.857498	 96.854383	 96.851359	 96.848426	 96.845582	 96.842827	 96.840159	 96.837578	 96.835083	 96.832673	 96.830347	 96.828104	 96.825944	 96.823865	 96.821868	 96.819951	 96.818113	 96.816354	 96.814674	 96.813071	 96.811545	 96.810096	 96.808722	 96.807424	 96.806201	 96.805053	 96.803978	 96.802977	 96.802049	 96.801193	 96.800411	   96.7997	 96.799061	 96.798494	 96.797998	 96.797574	  96.79722	 96.796938	 96.796726	 96.796584	 96.796514	
        99	 98.970818	 98.941639	  98.91247	 98.883313	 98.854173	 98.825054	  98.79596	 98.766896	 98.737866	 98.708873	 98.679923	 98.651019	 98.622165	 98.593366	 98.564625	 98.535946	 98.507335	 98.478793	 98.450327	 98.421938	 98.393632	 98.365412	 98.337282	 98.309246	 98.281308	 98.253471	 98.225738	 98.198115	 98.170603	 98.143207	  98.11593	 98.088775	 98.061747	 98.034848	 98.008081	  97.98145	 97.954958	 97.928608	 97.902402	 97.876345	 97.850439	 97.824687	 97.799091	 97.773655	 97.748381	 97.723272	  97.69833	 97.673557	 97.648957	 97.624532	 97.600283	 97.576213	 97.552325	  97.52862	   97.5051	 97.481767	 97.458624	 97.435672	 97.412912	 97.390347	 97.367978	 97.345807	 97.323834	 97.302062	 97.280492	 97.259125	 97.237962	 97.217004	 97.196253	 97.175709	 97.155374	 97.135248	 97.115331	 97.095625	 97.076131	 97.056848	 97.037778	 97.018921	 97.000276	 96.981846	 96.963629	 96.945626	 96.927837	 96.910263	 96.892902	 96.875756	 96.858824	 96.842106	 96.825601	  96.80931	 96.793231	 96.777366	 96.761713	 96.746271	 96.731041	 96.716021	 96.701211	  96.68661	 96.672218	 96.658034	 96.644057	 96.630285	 96.616719	 96.603357	 96.590198	 96.577242	 96.564486	  96.55193	 96.539574	 96.527415	 96.515452	 96.503685	 96.492112	 96.480731	 96.469542	 96.458542	 96.447732	 96.437108	 96.426671	 96.416417	 96.406347	 96.396458	 96.386749	 96.377219	 96.367865	 96.358687	 96.349683	  96.34085	 96.332189	 96.323696	 96.315371	 96.307212	 96.299218	 96.291386	 96.283715	 96.276203	  96.26885	 96.261652	  96.25461	  96.24772	 96.240982	 96.234393	 96.227953	  96.22166	 96.215511	 96.209506	 96.203644	 96.197921	 96.192337	 96.186891	 96.181581	 96.176405	 96.171362	  96.16645	 96.161669	 96.157016	  96.15249	  96.14809	 96.143814	 96.139662	 96.135631	 96.131721	  96.12793	 96.124256	   96.1207	 96.117259	 96.113933	  96.11072	 96.107619	 96.104629	 96.101749	 96.098978	 96.096315	  96.09376	  96.09131	 96.088965	 96.086725	 96.084588	 96.082554	 96.080622	 96.078791	 96.077061	  96.07543	 96.073899	 96.072466	 96.071132	 96.069894	 96.068754	 96.067711	 96.066763	 96.065912	 96.065156	 96.064495	 96.063929	 96.063458	 96.063081	 96.062798	  96.06261	 96.062516	
        99	  98.96353	 98.927065	 98.890611	 98.854173	 98.817755	 98.781365	 98.745005	 98.708683	 98.672403	 98.636171	 98.599991	 98.563868	 98.527809	 98.491818	 98.455899	 98.420059	 98.384302	 98.348633	 98.313058	  98.27758	 98.242205	 98.206938	 98.171783	 98.136746	 98.101831	 98.067042	 98.032384	 97.997861	 97.963479	 97.929242	 97.895153	 97.861217	 97.827439	 97.793822	 97.760371	 97.727089	 97.693982	 97.661051	 97.628302	 97.595738	 97.563362	 97.531179	 97.499191	 97.467403	 97.435817	 97.404437	 97.373266	 97.342308	 97.311564	 97.281039	 97.250734	 97.220654	   97.1908	 97.161175	 97.131782	 97.102622	   97.0737	 97.045015	 97.016572	 96.988372	 96.960417	 96.932709	 96.905249	  96.87804	 96.851083	  96.82438	 96.797932	 96.771741	 96.745807	 96.720133	 96.694719	 96.669567	 96.644677	  96.62005	 96.595687	 96.571589	 96.547757	  96.52419	  96.50089	 96.477856	  96.45509	 96.432592	  96.41036	 96.388397	 96.366701	 96.345273	 96.324113	 96.303219	 96.282593	 96.262233	  96.24214	 96.222312	  96.20275	 96.183452	 96.164418	 96.145647	 96.127139	 96.108892	 96.090906	  96.07318	 96.055712	 96.038501	 96.021547	 96.004848	 95.988403	 95.972211	  95.95627	 95.940579	 95.925137	 95.909941	 95.894991	 95.880285	 95.865822	 95.851599	 95.837615	 95.823869	 95.810359	 95.797083	 95.784038	 95.771225	  95.75864	 95.746281	 95.734148	 95.722237	 95.710548	 95.699077	 95.687824	 95.676786	 95.665962	 95.655349	 95.644945	 95.634748	 95.624757	 95.614969	 95.605383	 95.595995	 95.586805	 95.577811	 95.569009	 95.560399	 95.551978	 95.543744	 95.535696	 95.527831	 95.520147	 95.512642	 95.505315	 95.498164	 95.491186	  95.48438	 95.477743	 95.471275	 95.464972	 95.458834	 95.452858	 95.447043	 95.441387	 95.435888	 95.430545	 95.425355	 95.420318	 95.415431	 95.410693	 95.406103	 95.401659	 95.397359	 95.393202	 95.389186	 95.385311	 95.381574	 95.377975	 95.374512	 95.371184	  95.36799	 95.364929	 95.361999	 95.359199	 95.356529	 95.353987	 95.351572	 95.349284	 95.347121	 95.345084	  95.34317	 95.341379	 95.339711	 95.338165	  95.33674	 95.335436	 95.334252	 95.333188	 95.332243	 95.331417	  95.33071	 95.330121	  95.32965	 95.329297	 95.329062	 95.328944	
        99	 98.956248	 98.912501	 98.868768	 98.825054	 98.781365	 98.737707	 98.694088	 98.650513	 98.606989	 98.563521	 98.520117	 98.476781	 98.433522	 98.390343	 98.347253	 98.304256	 98.261359	 98.218568	 98.175889	 98.133327	 98.090888	 98.048579	 98.006405	 97.964371	 97.922483	 97.880748	 97.839169	 97.797754	 97.756506	 97.715432	 97.674536	 97.633824	 97.593301	 97.552972	 97.512841	 97.472914	 97.433195	 97.393689	   97.3544	 97.315333	 97.276493	 97.237883	 97.199508	 97.161373	  97.12348	 97.085834	 97.048439	 97.011298	 96.974416	 96.937795	  96.90144	 96.865353	 96.829537	 96.793997	 96.758734	 96.723752	 96.689054	 96.654643	  96.62052	 96.586689	 96.553151	  96.51991	 96.486967	 96.454325	 96.421986	  96.38995	 96.358221	   96.3268	 96.295688	 96.264888	 96.234399	 96.204224	 96.174364	  96.14482	 96.115592	 96.086682	 96.058091	 96.029818	 96.001865	 95.974233	 95.946921	 95.919929	 95.893259	  95.86691	 95.840882	 95.815175	 95.789789	 95.764724	 95.739979	 95.715554	 95.691448	 95.667661	 95.644193	 95.621041	 95.598207	 95.575688	 95.553484	 95.531594	 95.510016	  95.48875	 95.467794	 95.447147	 95.426808	 95.406774	 95.387046	  95.36762	 95.348496	 95.329672	 95.311146	 95.292916	 95.274981	 95.257338	 95.239987	 95.222924	 95.206148	 95.189657	 95.173449	 95.157521	 95.141873	   95.1265	 95.111402	 95.096576	  95.08202	 95.067731	 95.053707	 95.039947	 95.026446	 95.013205	 95.000219	 94.987486	 94.975005	 94.962772	 94.950786	 94.939044	 94.927543	 94.916281	 94.905256	 94.894465	 94.883906	 94.873577	 94.863474	 94.853596	 94.843941	 94.834505	 94.825287	 94.816284	 94.807494	 94.798914	 94.790543	 94.782378	 94.774416	 94.766656	 94.759095	 94.751731	 94.744562	 94.737586	   94.7308	 94.724203	 94.717793	 94.711567	 94.705524	 94.699662	 94.693978	 94.688471	 94.683139	  94.67798	 94.672993	 94.668176	 94.663527	 94.659044	 94.654726	 94.650572	  94.64658	 94.642748	 94.639075	  94.63556	 94.632201	 94.628997	 94.625948	 94.623051	 94.620306	 94.617712	 94.615267	 94.612971	 94.610823	 94.608822	 94.606967	 94.605258	 94.603693	 94.602273	 94.600996	 94.599863	 94.598872	 94.598023	 94.597317	 94.596752	 94.596328	 94.596046	 94.595905	
        99	 98.948971	  98.89795	 98.846944	  98.79596	 98.745005	 98.694088	 98.643215	 98.592393	 98.541631	 98.490935	 98.440312	  98.38977	 98.339316	 98.288958	 98.238701	 98.188554	 98.138523	 98.088616	 98.038839	 97.989199	 97.939703	 97.890357	  97.84117	 97.792146	 97.743292	 97.694616	 97.646123	  97.59782	 97.549713	 97.501808	 97.454112	 97.406629	 97.359367	 97.312331	 97.265526	 97.218959	 97.172635	 97.126559	 97.080737	 97.035173	 96.989874	 96.944843	 96.900087	 96.855609	 96.811415	 96.767508	 96.723894	 96.680577	 96.637561	 96.594851	 96.552449	 96.510361	 96.468589	 96.427139	 96.386012	 96.345213	 96.304744	  96.26461	 96.224812	 96.185355	  96.14624	 96.107471	  96.06905	  96.03098	 95.993262	 95.955899	 95.918894	 95.882247	 95.845961	 95.810039	  95.77448	 95.739287	 95.704461	 95.670003	 95.635915	 95.602197	 95.568851	 95.535877	 95.503276	 95.471048	 95.439194	 95.407714	 95.376608	 95.345877	 95.315521	 95.285539	 95.255931	 95.226697	 95.197837	  95.16935	 95.141236	 95.113493	 95.086122	 95.059121	 95.032489	 95.006225	 94.980328	 94.954798	 94.929632	 94.904829	 94.880388	 94.856308	 94.832586	 94.809221	 94.786211	 94.763555	 94.741251	 94.719296	 94.697689	 94.676428	  94.65551	 94.634934	 94.614696	 94.594796	  94.57523	 94.555997	 94.537093	 94.518517	 94.500266	 94.482337	 94.464728	 94.447437	  94.43046	 94.413794	 94.397439	  94.38139	 94.365644	   94.3502	 94.335055	 94.320205	 94.305648	 94.291381	 94.277402	 94.263706	 94.250293	 94.237158	   94.2243	 94.211715	   94.1994	 94.187352	  94.17557	 94.164049	 94.152788	 94.141783	 94.131032	 94.120532	  94.11028	 94.100274	  94.09051	 94.080987	 94.071701	 94.062651	 94.053832	 94.045244	 94.036883	 94.028746	 94.020832	 94.013139	 94.005662	 93.998401	 93.991353	 93.984515	 93.977886	 93.971464	 93.965245	 93.959229	 93.953412	 93.947794	 93.942371	 93.937143	 93.932107	 93.927262	 93.922606	 93.918137	 93.913853	 93.909753	 93.905836	   93.9021	 93.898543	 93.895165	 93.891963	 93.888937	 93.886086	 93.883408	 93.880903	 93.878569	 93.876406	 93.874412	 93.872588	 93.870931	 93.869442	  93.86812	 93.866964	 93.865975	 93.865151	 93.864492	 93.863998	 93.863669	 93.863504	
        99	 98.941703	 98.883414	 98.825142	 98.766896	 98.708683	 98.650513	 98.592393	 98.534333	 98.476339	 98.418422	 98.360588	 98.302847	 98.245207	 98.187675	  98.13026	 98.072969	 98.015812	 97.958796	 97.901928	 97.845217	 97.788671	 97.732297	 97.676103	 97.620096	 97.564283	 97.508673	 97.453273	  97.39809	  97.34313	 97.288402	 97.233911	 97.179665	 97.125671	 97.071935	 97.018463	 96.965263	  96.91234	 96.859701	 96.807351	 96.755298	 96.703546	 96.652101	 96.600969	 96.550156	 96.499666	 96.449506	 96.399679	 96.350192	 96.301049	 96.252254	 96.203813	  96.15573	 96.108008	 96.060653	 96.013668	 95.967057	 95.920824	 95.874973	 95.829507	 95.784429	 95.739743	 95.695451	 95.651557	 95.608064	 95.564974	 95.522289	 95.480012	 95.438146	 95.396691	 95.355651	 95.315028	 95.274822	 95.235035	 95.195669	 95.156725	 95.118205	 95.080109	 95.042438	 95.005192	 94.968374	 94.931982	 94.896018	 94.860482	 94.825374	 94.790693	  94.75644	 94.722615	 94.689218	 94.656247	 94.623702	 94.591583	 94.559888	 94.528618	 94.497771	 94.467345	  94.43734	 94.407755	 94.378588	 94.349837	 94.321501	 94.293579	 94.266068	 94.238967	 94.212274	 94.185987	 94.160104	 94.134622	  94.10954	 94.084856	 94.060566	 94.036669	 94.013161	 93.990041	 93.967306	 93.944954	 93.922981	 93.901385	 93.880162	 93.859311	 93.838829	 93.818711	 93.798957	 93.779561	 93.760522	 93.741837	 93.723502	 93.705514	  93.68787	 93.670567	 93.653602	 93.636971	 93.620672	 93.604701	 93.589055	 93.573731	 93.558726	 93.544036	 93.529658	 93.515589	 93.501825	 93.488364	 93.475203	 93.462338	 93.449765	 93.437483	 93.425487	 93.413775	 93.402343	 93.391189	 93.380309	 93.369701	 93.359361	 93.349286	 93.339474	 93.329922	 93.320627	 93.311586	 93.302796	 93.294255	 93.285959	 93.277907	 93.270096	 93.262522	 93.255185	  93.24808	 93.241207	 93.234562	 93.228143	 93.221948	 93.215976	 93.210223	 93.204687	 93.199368	 93.194262	 93.189368	 93.184684	 93.180209	  93.17594	 93.171877	 93.168017	  93.16436	 93.160903	 93.157646	 93.154587	 93.151724	 93.149058	 93.146587	 93.144309	 93.142224	 93.140332	 93.138631	 93.137121	   93.1358	  93.13467	 93.133728	 93.132975	 93.132411	 93.132035	 93.131847	
        99	 98.934443	 98.868895	 98.803366	 98.737866	 98.672403	 98.606989	 98.541631	 98.476339	 98.411124	 98.345993	 98.280957	 98.216025	 98.151206	 98.086509	 98.021944	 97.957519	 97.893243	 97.829126	 97.765177	 97.701403	 97.637815	  97.57442	 97.511227	 97.448245	 97.385482	 97.322947	 97.260647	 97.198591	 97.136787	 97.075243	 97.013966	 96.952964	 96.892246	 96.831817	 96.771687	 96.711861	 96.652347	 96.593152	 96.534283	 96.475747	  96.41755	 96.359698	 96.302199	 96.245057	  96.18828	 96.131872	 96.075841	 96.020191	 95.964927	 95.910056	 95.855582	  95.80151	 95.747846	 95.694593	 95.641756	 95.589341	  95.53735	 95.485789	  95.43466	 95.383968	 95.333717	  95.28391	 95.234549	 95.185639	 95.137183	 95.089182	  95.04164	  94.99456	 94.947943	 94.901792	 94.856109	 94.810896	 94.766154	 94.721886	 94.678092	 94.634774	 94.591933	 94.549571	 94.507687	 94.466283	  94.42536	 94.384917	 94.344955	 94.305474	 94.266475	 94.227956	 94.189919	 94.152362	 94.115285	 94.078687	 94.042568	 94.006926	 93.971762	 93.937072	 93.902858	 93.869116	 93.835847	 93.803047	 93.770715	 93.738851	 93.707451	 93.676514	 93.646038	 93.616021	  93.58646	 93.557353	 93.528698	 93.500493	 93.472734	 93.445419	 93.418546	 93.392111	 93.366112	 93.340545	 93.315409	 93.290699	 93.266414	 93.242548	 93.219101	 93.196067	 93.173444	 93.151229	 93.129419	 93.108009	 93.086996	 93.066378	 93.046149	 93.026308	 93.006851	 92.987773	 92.969071	 92.950742	 92.932782	 92.915188	 92.897955	 92.881081	 92.864561	 92.848393	 92.832571	 92.817094	 92.801957	 92.787156	 92.772689	 92.758551	 92.744738	 92.731249	 92.718078	 92.705222	 92.692679	 92.680444	 92.668515	 92.656887	 92.645558	 92.634524	 92.623783	  92.61333	 92.603163	 92.593278	 92.583673	 92.574344	 92.565289	 92.556505	 92.547989	 92.539737	 92.531748	 92.524019	 92.516546	 92.509328	 92.502362	 92.495645	 92.489176	 92.482951	 92.476969	 92.471227	 92.465724	 92.460457	 92.455424	 92.450624	 92.446055	 92.441714	 92.437601	 92.433714	 92.430051	 92.426611	 92.423392	 92.420394	 92.417615	 92.415054	 92.412709	 92.410581	 92.408668	  92.40697	 92.405485	 92.404214	 92.403155	 92.402308	 92.401674	 92.401251	  92.40104	
        99	 98.927192	 98.854394	 98.781618	 98.708873	 98.636171	 98.563521	 98.490935	 98.418422	 98.345993	 98.273659	  98.20143	 98.129317	 98.057329	 97.985476	  97.91377	 97.842219	 97.770835	 97.699626	 97.628604	 97.557777	 97.487155	 97.416749	 97.346567	 97.276619	 97.206915	 97.137463	 97.068272	 96.999353	 96.930713	 96.862362	 96.794308	  96.72656	 96.659125	 96.592014	 96.525232	  96.45879	 96.392694	 96.326952	 96.261572	 96.196562	 96.131928	 96.067678	 96.003819	 95.940357	   95.8773	 95.814654	 95.752425	  95.69062	 95.629244	 95.568304	 95.507805	 95.447753	 95.388153	 95.329011	  95.27033	 95.212118	 95.154377	 95.097112	 95.040329	 94.984031	 94.928222	 94.872905	 94.818086	 94.763766	  94.70995	 94.656641	 94.603841	 94.551553	  94.49978	 94.448525	 94.397789	 94.347575	 94.297885	 94.248721	 94.200084	 94.151975	 94.104396	 94.057348	 94.010832	 93.964849	 93.919399	 93.874483	 93.830101	 93.786254	 93.742941	 93.700162	 93.657918	 93.616207	 93.575029	 93.534383	 93.494269	 93.454686	 93.415632	 93.377106	 93.339108	 93.301634	 93.264685	 93.228257	  93.19235	 93.156961	 93.122089	  93.08773	 93.053883	 93.020546	 92.987716	  92.95539	 92.923566	  92.89224	 92.861411	 92.831075	  92.80123	 92.771871	 92.742997	 92.714603	 92.686686	 92.659244	 92.632272	 92.605767	 92.579726	 92.554145	  92.52902	 92.504348	 92.480125	 92.456347	 92.433011	 92.410112	 92.387646	 92.365611	 92.344001	 92.322813	 92.302043	 92.281687	  92.26174	   92.2422	 92.223061	 92.204321	 92.185974	 92.168017	 92.150446	 92.133257	 92.116446	 92.100008	  92.08394	 92.068238	 92.052899	 92.037917	 92.023289	 92.009012	 91.995082	 91.981494	 91.968245	 91.955331	 91.942749	 91.930495	 91.918565	 91.906956	 91.895664	 91.884687	 91.874019	 91.863659	 91.853603	 91.843847	 91.834388	 91.825224	 91.816352	 91.807767	 91.799468	 91.791452	 91.783715	 91.776256	  91.76907	 91.762157	 91.755514	 91.749137	 91.743025	 91.737175	 91.731586	 91.726255	  91.72118	  91.71636	 91.711792	 91.707475	 91.703407	 91.699586	 91.696011	 91.692681	 91.689595	  91.68675	 91.684147	 91.681783	 91.679659	 91.677773	 91.676124	 91.674712	 91.673536	 91.672596	 91.671891	 91.671421	 91.671186	
        99	 98.919952	 98.839915	 98.759902	 98.679923	 98.599991	 98.520117	 98.440312	 98.360588	 98.280957	  98.20143	 98.122019	 98.042734	 97.963587	  97.88459	 97.805752	 97.727087	 97.648604	 97.570314	 97.492229	 97.414359	 97.336715	 97.259307	 97.182146	 97.105242	 97.028606	 96.952248	 96.876177	 96.800404	 96.724939	  96.64979	 96.574969	 96.500483	 96.426343	 96.352558	 96.279136	 96.206086	 96.133417	 96.061138	 95.989257	 95.917781	  95.84672	 95.776081	 95.705871	 95.636099	 95.566772	 95.497896	 95.429479	 95.361528	 95.294049	 95.227048	 95.160533	  95.09451	 95.028983	 94.963959	 94.899443	 94.835442	 94.771959	    94.709	  94.64657	 94.584674	 94.523315	 94.462498	 94.402227	 94.342505	 94.283338	 94.224727	 94.166676	 94.109189	 94.052268	 93.995916	 93.940135	 93.884928	 93.830296	 93.776243	 93.722769	 93.669876	 93.617566	 93.565839	 93.514698	 93.464142	 93.414172	  93.36479	 93.315995	 93.267787	 93.220167	 93.173134	 93.126689	  93.08083	 93.035557	  92.99087	 92.946767	 92.903247	  92.86031	 92.817953	 92.776175	 92.734976	 92.694352	 92.654302	 92.614824	 92.575916	 92.537576	   92.4998	 92.462588	 92.425935	  92.38984	   92.3543	 92.319311	 92.284871	 92.250976	 92.217623	  92.18481	 92.152532	 92.120786	 92.089568	 92.058875	 92.028704	  91.99905	  91.96991	 91.941279	 91.913154	 91.885531	 91.858406	 91.831774	 91.805631	 91.779974	 91.754798	 91.730098	 91.705872	 91.682113	 91.658818	 91.635982	 91.613602	 91.591672	 91.570189	 91.549147	 91.528543	 91.508372	 91.488629	 91.469311	 91.450412	 91.431929	 91.413857	 91.396191	 91.378928	 91.362063	 91.345591	 91.329509	 91.313812	 91.298496	 91.283557	 91.268991	 91.254793	  91.24096	 91.227487	 91.214371	 91.201607	 91.189193	 91.177123	 91.165395	 91.154005	 91.142948	 91.132222	 91.121823	 91.111748	 91.101993	 91.092555	 91.083431	 91.074617	 91.066111	  91.05791	  91.05001	 91.042409	 91.035105	 91.028094	 91.021374	 91.014943	 91.008798	 91.002937	 90.997358	 90.992058	 90.987036	 90.982289	 90.977816	 90.973616	 90.969686	 90.966025	 90.962631	 90.959504	 90.956641	 90.954043	 90.951707	 90.949633	  90.94782	 90.946268	 90.944975	 90.943942	 90.943167	  90.94265	 90.942392	
        99	 98.912723	 98.825459	  98.73822	 98.651019	 98.563868	 98.476781	  98.38977	 98.302847	 98.216025	 98.129317	 98.042734	 97.956289	 97.869995	 97.783864	 97.697908	 97.612138	 97.526568	 97.441208	 97.356072	  97.27117	 97.186514	 97.102116	 97.017987	 96.934139	 96.850582	 96.767328	 96.684388	 96.601773	 96.519492	 96.437558	  96.35598	 96.274768	 96.193933	 96.113484	 96.033432	 95.953785	 95.874554	 95.795748	 95.717376	 95.639446	 95.561968	 95.484949	   95.4084	 95.332327	 95.256739	 95.181643	 95.107048	  95.03296	 94.959388	 94.886337	 94.813816	  94.74183	 94.670386	  94.59949	 94.529148	 94.459367	 94.390152	 94.321508	  94.25344	 94.185954	 94.119054	 94.052745	 93.987031	 93.921917	 93.857406	 93.793502	  93.73021	 93.667531	  93.60547	 93.544029	 93.483211	 93.423018	 93.363453	 93.304519	 93.246216	 93.188546	 93.131512	 93.075115	 93.019355	 92.964234	 92.909752	  92.85591	 92.802708	 92.750147	 92.698227	 92.646947	 92.596308	 92.546308	 92.496947	 92.448224	 92.400138	 92.352688	 92.305873	 92.259692	 92.214142	 92.169221	 92.124929	 92.081262	  92.03822	 91.995798	 91.953995	 91.912809	 91.872236	 91.832274	 91.792919	 91.754169	 91.716021	  91.67847	 91.641515	  91.60515	 91.569373	  91.53418	 91.499568	 91.465531	 91.432067	 91.399171	 91.366839	 91.335067	 91.303851	 91.273186	 91.243069	 91.213494	 91.184457	 91.155954	  91.12798	  91.10053	   91.0736	 91.047185	 91.021281	 90.995883	 90.970985	 90.946583	 90.922673	  90.89925	 90.876308	 90.853843	 90.831851	 90.810325	 90.789262	 90.768657	 90.748505	 90.728801	  90.70954	 90.690718	 90.672329	 90.654371	 90.636836	 90.619722	 90.603023	 90.586735	 90.570853	 90.555373	  90.54029	 90.525601	   90.5113	 90.497384	 90.483849	 90.470689	 90.457902	 90.445483	 90.433428	 90.421733	 90.410395	  90.39941	 90.388774	 90.378484	 90.368536	 90.358926	 90.349652	  90.34071	 90.332097	  90.32381	 90.315846	 90.308202	 90.300876	 90.293864	 90.287164	 90.280773	  90.27469	 90.268912	 90.263436	 90.258261	 90.253384	 90.248804	 90.244519	 90.240528	 90.236828	 90.233418	 90.230297	 90.227464	 90.224917	 90.222656	  90.22068	 90.218987	 90.217577	  90.21645	 90.215606	 90.215043	 90.214761	
        99	 98.905507	 98.811028	 98.716576	 98.622165	 98.527809	 98.433522	 98.339316	 98.245207	 98.151206	 98.057329	 97.963587	 97.869995	 97.776566	 97.683314	  97.59025	  97.49739	 97.404744	 97.312327	 97.220152	  97.12823	 97.036575	 96.945199	 96.854114	 96.763333	 96.672868	 96.582731	 96.492933	 96.403487	 96.314404	 96.225695	 96.137372	 96.049446	 95.961927	 95.874827	 95.788156	 95.701924	 95.616142	  95.53082	 95.445968	 95.361595	 95.277711	 95.194325	 95.111446	 95.029083	 94.947246	 94.865941	 94.785178	 94.704965	  94.62531	 94.546219	 94.467702	 94.389764	 94.312413	 94.235655	 94.159498	 94.083947	 94.009009	 93.934689	 93.860994	 93.787928	 93.715497	 93.643705	 93.572558	  93.50206	 93.432216	 93.363029	 93.294503	 93.226642	  93.15945	 93.092929	 93.027082	 92.961913	 92.897423	 92.833616	 92.770492	 92.708055	 92.646305	 92.585245	 92.524875	 92.465196	  92.40621	 92.347916	 92.290316	 92.233409	 92.177196	 92.121676	  92.06685	 92.012716	 91.959274	 91.906522	 91.854461	 91.803088	 91.752402	 91.702402	 91.653086	 91.604452	 91.556497	  91.50922	 91.462619	  91.41669	 91.371431	 91.326839	 91.282912	 91.239645	 91.197037	 91.155083	 91.113781	 91.073126	 91.033114	 90.993743	 90.955008	 90.916906	 90.879431	 90.842581	 90.806349	 90.770734	 90.735729	  90.70133	 90.667533	 90.634333	 90.601725	 90.569705	 90.538267	 90.507407	  90.47712	 90.447401	 90.418245	 90.389646	   90.3616	 90.334101	 90.307145	 90.280726	 90.254839	 90.229479	  90.20464	 90.180318	 90.156507	 90.133202	 90.110398	 90.088089	  90.06627	 90.044937	 90.024084	 90.003705	 89.983797	 89.964353	 89.945369	  89.92684	  89.90876	 89.891125	  89.87393	  89.85717	 89.840841	 89.824937	 89.809454	 89.794387	 89.779732	 89.765485	 89.751641	 89.738195	 89.725143	 89.712482	 89.700206	 89.688313	 89.676797	 89.665656	 89.654885	 89.644481	 89.634441	 89.624759	 89.615434	 89.606462	  89.59784	 89.589564	 89.581631	  89.57404	 89.566786	 89.559867	 89.553281	 89.547025	 89.541096	 89.535493	 89.530213	 89.525255	 89.520615	 89.516294	 89.512288	 89.508596	 89.505217	  89.50215	 89.499393	 89.496944	 89.494804	 89.492972	 89.491446	 89.490226	 89.489311	 89.488701	 89.488397	
        99	 98.898305	 98.796624	 98.694973	 98.593366	 98.491818	 98.390343	 98.288958	 98.187675	 98.086509	 97.985476	  97.88459	 97.783864	 97.683314	 97.582953	 97.482796	 97.382857	  97.28315	 97.183689	 97.084488	  96.98556	 96.886918	 96.788577	  96.69055	 96.592849	 96.495489	 96.398481	 96.301839	 96.205575	 96.109702	 96.014232	 95.919176	 95.824548	 95.730359	 95.636619	 95.543342	 95.450538	 95.358217	 95.266392	 95.175072	 95.084268	  94.99399	 94.904248	 94.815052	 94.726412	 94.638336	 94.550834	 94.463916	 94.377589	 94.291861	 94.206743	  94.12224	 94.038362	 93.955115	 93.872507	 93.790545	 93.709235	 93.628585	 93.548601	 93.469288	 93.390653	 93.312701	 93.235437	 93.158867	 93.082996	 93.007828	 92.933367	 92.859618	 92.786585	  92.71427	 92.642679	 92.571814	 92.501677	 92.432272	 92.363601	 92.295666	  92.22847	 92.162013	 92.096299	 92.031327	 91.967099	 91.903617	  91.84088	 91.778889	 91.717645	 91.657147	 91.597396	  91.53839	  91.48013	 91.422614	 91.365842	 91.309813	 91.254524	 91.199975	 91.146164	 91.093089	 91.040747	 90.989138	 90.938257	 90.888104	 90.838674	 90.789965	 90.741975	 90.694699	 90.648135	 90.602279	 90.557127	 90.512676	 90.468922	 90.425861	 90.383489	 90.341802	 90.300795	 90.260464	 90.220805	 90.181812	 90.143481	 90.105808	 90.068788	 90.032414	 89.996684	 89.961591	  89.92713	 89.893296	 89.860084	 89.827488	 89.795504	 89.764125	 89.733347	 89.703163	 89.673568	 89.644557	 89.616125	 89.588265	 89.560971	 89.534239	 89.508063	 89.482437	 89.457356	 89.432813	 89.408804	 89.385323	 89.362363	  89.33992	 89.317989	 89.296563	 89.275637	 89.255206	 89.235264	 89.215806	 89.196827	 89.178322	 89.160284	  89.14271	 89.125594	 89.108931	 89.092716	 89.076944	 89.061611	 89.046711	  89.03224	 89.018194	 89.004567	 88.991356	 88.978556	 88.966163	 88.954173	 88.942581	 88.931384	 88.920578	 88.910159	 88.900123	 88.890467	 88.881187	  88.87228	 88.863743	 88.855573	 88.847766	  88.84032	 88.833232	 88.826499	 88.820118	 88.814088	 88.808406	  88.80307	 88.798077	 88.793426	 88.789114	 88.785141	 88.781505	 88.778203	 88.775236	 88.772601	 88.770298	 88.768326	 88.766684	  88.76537	 88.764386	  88.76373	 88.763402	
        99	 98.891117	 98.782249	 98.673413	 98.564625	 98.455899	 98.347253	 98.238701	  98.13026	 98.021944	  97.91377	 97.805752	 97.697908	  97.59025	 97.482796	  97.37556	 97.268558	 97.161804	 97.055313	 96.949099	 96.843179	 96.737566	 96.632274	 96.527318	 96.422712	  96.31847	 96.214606	 96.111133	 96.008065	 95.905416	 95.803198	 95.701424	 95.600107	 95.499261	 95.398896	 95.299026	 95.199662	 95.100816	 95.002501	 94.904726	 94.807504	 94.710845	  94.61476	  94.51926	 94.424355	 94.330054	 94.236368	 94.143305	 94.050877	  93.95909	 93.867955	  93.77748	 93.687673	 93.598543	 93.510096	 93.422341	 93.335284	 93.248934	 93.163296	 93.078377	 92.994184	 92.910722	 92.827998	 92.746016	 92.664782	 92.584301	 92.504578	 92.425616	 92.347421	 92.269995	 92.193344	  92.11747	 92.042376	 91.968065	  91.89454	 91.821804	 91.749858	 91.678705	 91.608345	 91.538781	 91.470014	 91.402045	 91.334874	 91.268502	 91.202929	 91.138155	  91.07418	 91.011004	 90.948626	 90.887045	  90.82626	 90.766271	 90.707074	  90.64867	 90.591055	 90.534229	 90.478188	  90.42293	 90.368454	 90.314755	 90.261832	  90.20968	 90.158298	 90.107681	 90.057825	 90.008728	 89.960385	 89.912793	 89.865946	 89.819842	 89.774475	 89.729841	 89.685936	 89.642754	 89.600292	 89.558543	 89.517503	 89.477167	  89.43753	 89.398586	  89.36033	 89.322756	  89.28586	 89.249634	 89.214075	 89.179176	  89.14493	 89.111334	  89.07838	 89.046063	 89.014376	 88.983315	 88.952873	 88.923044	 88.893821	   88.8652	 88.837174	 88.809737	 88.782882	 88.756605	 88.730899	 88.705758	 88.681175	 88.657146	 88.633665	 88.610724	 88.588319	 88.566444	 88.545093	  88.52426	 88.503939	 88.484126	 88.464814	 88.445997	 88.427671	 88.409831	  88.39247	 88.375583	 88.359166	 88.343213	 88.327719	  88.31268	 88.298091	 88.283946	 88.270241	 88.256972	 88.244134	 88.231723	 88.219735	 88.208165	 88.197009	 88.186264	 88.175925	  88.16599	 88.156453	 88.147313	 88.138565	 88.130207	 88.122234	 88.114645	 88.107436	 88.100605	 88.094148	 88.088065	 88.082351	 88.077005	 88.072025	 88.067409	 88.063155	 88.059262	 88.055727	  88.05255	 88.049729	 88.047263	 88.045152	 88.043393	 88.041987	 88.040933	 88.040231	  88.03988	
        99	 98.883944	 98.767906	 98.651901	 98.535946	 98.420059	 98.304256	 98.188554	 98.072969	 97.957519	 97.842219	 97.727087	 97.612138	  97.49739	 97.382857	 97.268558	 97.154507	 97.040721	 96.927215	 96.814006	 96.701108	 96.588538	 96.476311	 96.364441	 96.252945	 96.141837	 96.031131	 95.920842	 95.810985	 95.701574	 95.592623	 95.484145	 95.376155	 95.268665	  95.16169	 95.055241	 94.949332	 94.843975	 94.739184	 94.634969	 94.531343	 94.428317	 94.325903	 94.224112	 94.122955	 94.022442	 93.922585	 93.823393	 93.724876	 93.627043	 93.529905	 93.433471	 93.337748	 93.242746	 93.148473	 93.054938	 92.962147	 92.870108	  92.77883	 92.688317	 92.598578	 92.509619	 92.421445	 92.334063	 92.247478	 92.161696	 92.076721	 91.992558	 91.909212	 91.826687	 91.744986	 91.664114	 91.584074	 91.504868	   91.4265	 91.348973	 91.272288	 91.196448	 91.121454	 91.047308	 90.974011	 90.901564	 90.829968	 90.759224	 90.689332	 90.620292	 90.552103	 90.484765	 90.418278	 90.352641	 90.287852	 90.223911	 90.160815	 90.098564	 90.037154	 89.976584	 89.916852	 89.857955	  89.79989	 89.742654	 89.686245	 89.630658	 89.575891	 89.521939	   89.4688	 89.416469	 89.364942	 89.314214	 89.264282	 89.215141	 89.166785	 89.119212	 89.072414	 89.026388	 88.981128	  88.93663	 88.892887	 88.849894	 88.807646	 88.766136	  88.72536	 88.685312	 88.645985	 88.607373	 88.569472	 88.532273	 88.495773	 88.459963	 88.424838	 88.390392	 88.356619	 88.323512	 88.291064	  88.25927	 88.228123	 88.197616	 88.167744	 88.138499	 88.109876	 88.081868	 88.054468	 88.027671	  88.00147	 87.975858	 87.950829	 87.926378	 87.902497	 87.879181	 87.856423	 87.834218	 87.812559	  87.79144	 87.770856	   87.7508	 87.731267	 87.712251	 87.693747	 87.675748	 87.658249	 87.641246	 87.624731	 87.608702	 87.593151	 87.578074	 87.563467	 87.549324	  87.53564	 87.522412	 87.509634	 87.497302	 87.485411	 87.473958	 87.462939	 87.452348	 87.442184	 87.432442	 87.423118	 87.414208	 87.405711	 87.397622	 87.389938	 87.382657	 87.375775	  87.36929	   87.3632	 87.357503	 87.352195	 87.347275	  87.34274	 87.338591	 87.334823	 87.331437	  87.32843	 87.325802	 87.323551	 87.321677	 87.320178	 87.319055	 87.318306	 87.317932	
        99	 98.876789	 98.753596	 98.630438	 98.507335	 98.384302	 98.261359	 98.138523	 98.015812	 97.893243	 97.770835	 97.648604	 97.526568	 97.404744	  97.28315	 97.161804	 97.040721	 96.919919	 96.799415	 96.679225	 96.559367	 96.439856	 96.320709	 96.201943	 96.083572	 95.965613	 95.848081	 95.730993	 95.614363	 95.498205	 95.382537	 95.267371	 95.152722	 95.038605	 94.925034	 94.812022	 94.699583	  94.58773	 94.476478	 94.365837	 94.255822	 94.146444	 94.037715	 93.929648	 93.822254	 93.715545	  93.60953	 93.504222	 93.399631	 93.295767	  93.19264	 93.090259	 92.988635	 92.887775	  92.78769	 92.688387	 92.589875	 92.492162	 92.395255	 92.299163	 92.203891	 92.109446	 92.015836	 91.923067	 91.831143	 91.740072	 91.649858	 91.560506	 91.472021	 91.384407	 91.297669	 91.211811	 91.126835	 91.042746	 90.959547	 90.877239	 90.795826	  90.71531	 90.635692	 90.556974	 90.479158	 90.402245	 90.326235	 90.251129	 90.176927	  90.10363	 90.031237	 89.959748	 89.889161	 89.819477	 89.750694	  89.68281	 89.615824	 89.549734	 89.484539	 89.420234	 89.356819	 89.294291	 89.232645	 89.171881	 89.111993	 89.052979	 88.994835	 88.937558	 88.881142	 88.825584	  88.77088	 88.717025	 88.664014	 88.611843	 88.560506	 88.509999	 88.460316	 88.411452	 88.363402	  88.31616	  88.26972	 88.224076	 88.179223	 88.135155	 88.091864	 88.049347	 88.007595	 87.966603	 87.926364	 87.886872	 87.848121	 87.810103	 87.772813	 87.736243	 87.700388	 87.665239	 87.630791	 87.597036	 87.563969	 87.531581	 87.499867	  87.46882	 87.438432	 87.408697	 87.379608	 87.351158	 87.323341	 87.296151	 87.269579	  87.24362	 87.218267	 87.193513	 87.169352	 87.145778	 87.122783	 87.100362	 87.078509	 87.057217	 87.036479	 87.016291	 86.996645	 86.977537	 86.958959	 86.940907	 86.923375	 86.906357	 86.889847	 86.873841	 86.858333	 86.843318	 86.828791	 86.814747	 86.801181	 86.788088	 86.775464	 86.763305	 86.751606	 86.740363	 86.729572	 86.719229	  86.70933	 86.699872	  86.69085	 86.682262	 86.674105	 86.666375	 86.659069	 86.652184	 86.645719	  86.63967	 86.634034	 86.628811	 86.623997	 86.619592	 86.615592	 86.611997	 86.608805	 86.606014	 86.603625	 86.601635	 86.600044	 86.598851	 86.598056	 86.597659	
