Time step 25:
        99	        99	        99	        99	        99	        99	        99	        99	        99	        99	        99	        99	        99	        99	        99	        99	        99	        99	        99	        99	        99	        99	        99	        99	        99	        99	        99	        99	        99	        99	        99	        99	        99	        99	        99	        99	        99	        99	        99	        99	        99	        99	        99	        99	        99	        99	        99	        99	        99	        99	        99	        99	        99	        99	        99	        99	        99	        99	        99	        99	        99	        99	        99	        99	        99	        99	        99	        99	        99	        99	        99	        99	        99	        99	        99	        99	        99	        99	        99	        99	        99	        99	        99	        99	        99	        99	        99	        99	        99	        99	        99	        99	        99	        99	        99	        99	        99	        99	        99	        99	        99	        99	        99	        99	        99	        99	        99	        99	        99	        99	        99	        99	        99	        99	        99	        99	        99	        99	        99	        99	        99	        99	        99	        99	        99	        99	        99	        99	        99	        99	        99	        99	        99	        99	        99	        99	        99	        99	        99	        99	        99	        99	        99	        99	        99	        99	        99	        99	        99	        99	        99	        99	        99	        99	        99	        99	        99	        99	        99	        99	        99	        99	        99	        99	        99	        99	        99	        99	        99	        99	        99	        99	        99	        99	        99	        99	        99	        99	        99	        99	        99	        99	        99	        99	        99	        99	        99	        99	        99	        99	        99	        99	        99	        99	        99	        99	        99	        99	        99	        99	
        99	 98.974603	  98.94922	 98.923861	 98.898542	 98.873273	 98.848068	 98.822939	 98.797899	  98.77296	 98.748135	 98.723434	  98.69887	 98.674454	 98.650199	 98.626114	 98.602211	   98.5785	 98.554992	 98.531697	 98.508625	 98.485784	 98.463184	 98.440834	 98.418742	 98.396917	 98.375365	 98.354094	 98.333112	 98.312424	 98.292037	 98.271956	 98.252188	 98.232736	 98.213606	 98.194802	 98.176327	 98.158185	 98.140379	 98.122911	 98.105784	    98.089	 98.072559	 98.056464	 98.040715	 98.025311	 98.010254	 97.995542	 97.981176	 97.967154	 97.953474	 97.940136	 97.927137	 97.914474	 97.902147	  97.89015	 97.878483	 97.867141	  97.85612	 97.845418	  97.83503	 97.824952	  97.81518	 97.805709	 97.796534	 97.787652	 97.779056	 97.770742	 97.762704	 97.754938	 97.747438	 97.740199	 97.733214	 97.726479	 97.719987	 97.713734	 97.707713	 97.701918	 97.696345	 97.690987	 97.685839	 97.680894	 97.676147	 97.671593	 97.667226	 97.663041	 97.659031	 97.655191	 97.651517	 97.648002	 97.644642	 97.641431	 97.638364	 97.635436	 97.632643	 97.629979	  97.62744	 97.625021	 97.622718	 97.620526	  97.61844	 97.616458	 97.614574	 97.612784	 97.611086	 97.609474	 97.607945	 97.606496	 97.605123	 97.603823	 97.602593	 97.601429	 97.600328	 97.599289	 97.598306	 97.597379	 97.596504	 97.595678	 97.594901	 97.594168	 97.593477	 97.592828	 97.592216	 97.591642	 97.591102	 97.590594	 97.590118	 97.589671	 97.589252	 97.588859	 97.588491	 97.588146	 97.587823	 97.587521	 97.587239	 97.586975	 97.586729	 97.586498	 97.586284	 97.586083	 97.585897	 97.585723	 97.585561	  97.58541	 97.585269	 97.585139	 97.585018	 97.584905	   97.5848	 97.584703	 97.584613	  97.58453	 97.584452	 97.584381	 97.584314	 97.584253	 97.584196	 97.584144	 97.584095	  97.58405	 97.584009	 97.583971	 97.583936	 97.583904	 97.583874	 97.583846	 97.583821	 97.583798	 97.583777	 97.583757	 97.583739	 97.583723	 97.583708	 97.583694	 97.583681	 97.583669	 97.583659	 97.583649	  97.58364	 97.583632	 97.583625	 97.583618	 97.583612	 97.583607	 97.583602	 97.583597	 97.583593	  97.58359	 97.583586	 97.583583	 97.583581	 97.583579	 97.583577	 97.583575	 97.583574	 97.583572	 97.583572	 97.583571	  97.58357	  97.58357	
        99	  98.94922	 98.898465	 98.847761	 98.797135	  98.74661	 98.696213	 98.645968	 98.595901	 98.546036	 98.496396	 98.447007	 98.397892	 98.349073	 98.300574	 98.252417	 98.204623	 98.157213	 98.110209	 98.063631	 98.017497	 97.971827	 97.926639	 97.881951	 97.837778	 97.794138	 97.751045	 97.708514	  97.66656	 97.625194	 97.584431	  97.54428	 97.504753	 97.465859	 97.427609	  97.39001	 97.353069	 97.316794	 97.281191	 97.246265	  97.21202	 97.178459	 97.145587	 97.113405	 97.081913	 97.051114	 97.021008	 96.991592	 96.962867	 96.934829	 96.907477	 96.880807	 96.854815	 96.829497	 96.804847	 96.780861	 96.757532	 96.734853	 96.712818	 96.691419	 96.670648	 96.650497	 96.630958	 96.612021	 96.593676	 96.575916	 96.558728	 96.542105	 96.526034	 96.510506	 96.495509	 96.481033	 96.467068	   96.4536	 96.440621	 96.428117	 96.416078	 96.404492	 96.393349	 96.382635	 96.372341	 96.362454	 96.352963	 96.343857	 96.335126	 96.326756	 96.318738	 96.311062	 96.303714	 96.296687	 96.289968	 96.283547	 96.277415	 96.271562	 96.265976	  96.26065	 96.255573	 96.250737	 96.246131	 96.241748	 96.237578	 96.233614	 96.229847	 96.226269	 96.222872	 96.219649	 96.216593	 96.213696	 96.210951	 96.208351	 96.205891	 96.203564	 96.201364	 96.199284	  96.19732	 96.195466	 96.193716	 96.192066	 96.190511	 96.189045	 96.187665	 96.186366	 96.185144	 96.183995	 96.182915	   96.1819	 96.180948	 96.180054	 96.179216	 96.178431	 96.177694	 96.177005	  96.17636	 96.175756	 96.175191	 96.174664	 96.174171	 96.173711	 96.173281	 96.172881	 96.172507	 96.172159	 96.171835	 96.171534	 96.171253	 96.170992	  96.17075	 96.170524	 96.170315	 96.170121	 96.169941	 96.169774	 96.169619	 96.169476	 96.169343	 96.169221	 96.169107	 96.169002	 96.168905	 96.168816	 96.168733	 96.168657	 96.168587	 96.168522	 96.168463	 96.168408	 96.168357	 96.168311	 96.168268	 96.168229	 96.168193	  96.16816	  96.16813	 96.168103	 96.168077	 96.168054	 96.168033	 96.168013	 96.167996	  96.16798	 96.167965	 96.167952	  96.16794	 96.167929	 96.167919	  96.16791	 96.167902	 96.167894	 96.167888	 96.167882	 96.167877	 96.167872	 96.167869	 96.167865	 96.167862	  96.16786	 96.167858	 96.167857	 96.167856	 96.167856	
        99	 98.923861	 98.847761	 98.771738	  98.69583	 98.620075	 98.544511	 98.469176	 98.394106	  98.31934	 98.244912	  98.17086	 98.097218	  98.02402	 97.951302	 97.879096	 97.807436	 97.736352	 97.665876	 97.596037	 97.526866	  97.45839	 97.390636	 97.323631	   97.2574	 97.191967	 97.127355	 97.063586	 97.000681	 96.938659	 96.877539	 96.817338	 96.758072	 96.699757	 96.642405	  96.58603	 96.530643	 96.476254	 96.422871	 96.370504	 96.319158	 96.268839	 96.219551	 96.171297	 96.124081	 96.077901	  96.03276	 95.988655	 95.945585	 95.903547	 95.862536	 95.822548	 95.783576	 95.745615	 95.708656	 95.672692	 95.637713	 95.603709	  95.57067	 95.538585	 95.507442	 95.477229	 95.447932	 95.419538	 95.392033	 95.365403	 95.339633	 95.314708	 95.290612	 95.267329	 95.244844	  95.22314	   95.2022	 95.182007	 95.162546	 95.143798	 95.125748	 95.108376	 95.091668	 95.075604	 95.060169	 95.045345	 95.031115	 95.017462	  95.00437	 94.991821	   94.9798	 94.968289	 94.957273	 94.946736	 94.936662	 94.927035	 94.917841	 94.909064	  94.90069	 94.892704	 94.885091	  94.87784	 94.870934	 94.864362	 94.858111	 94.852167	 94.846519	 94.841154	 94.836061	 94.831229	 94.826646	 94.822302	 94.818186	 94.814289	   94.8106	 94.807111	 94.803812	 94.800694	 94.797749	 94.794969	 94.792345	 94.789871	 94.787539	 94.785341	 94.783272	 94.781324	 94.779492	 94.777769	  94.77615	 94.774629	 94.773201	 94.771861	 94.770604	 94.769426	 94.768322	 94.767289	 94.766321	 94.765416	 94.764569	 94.763778	 94.763039	 94.762349	 94.761705	 94.761105	 94.760545	 94.760023	 94.759538	 94.759085	 94.758665	 94.758273	  94.75791	 94.757572	 94.757258	 94.756967	 94.756697	 94.756447	 94.756215	    94.756	 94.755801	 94.755617	 94.755447	  94.75529	 94.755144	  94.75501	 94.754887	 94.754772	 94.754667	  94.75457	 94.754481	 94.754399	 94.754323	 94.754253	 94.754189	 94.754131	 94.754077	 94.754027	 94.753982	 94.753941	 94.753903	 94.753868	 94.753836	 94.753807	 94.753781	 94.753756	 94.753734	 94.753714	 94.753696	  94.75368	 94.753665	 94.753652	 94.753639	 94.753629	 94.753619	  94.75361	 94.753602	 94.753596	  94.75359	 94.753585	 94.753581	 94.753577	 94.753575	 94.753573	 94.753571	 94.753571	
        99	 98.898542	 98.797135	  98.69583	 98.594679	 98.493731	 98.393039	 98.292651	 98.192617	 98.092987	 97.993809	  97.89513	 97.796999	  97.69946	 97.602559	 97.506342	  97.41085	 97.316127	 97.222215	 97.129152	 97.036977	  96.94573	 96.855445	 96.766157	 96.677901	 96.590709	  96.50461	 96.419635	 96.335811	 96.253163	 96.171718	 96.091497	 96.012523	 95.934815	 95.858391	 95.783268	 95.709462	 95.636986	 95.565851	 95.496069	 95.427648	 95.360595	 95.294916	 95.230616	 95.167698	 95.106162	 95.046009	 94.987237	 94.929844	 94.873826	 94.819177	 94.765891	 94.713959	 94.663374	 94.614125	 94.566201	 94.519589	 94.474278	 94.430252	 94.387497	 94.345998	 94.305736	 94.266697	 94.228861	 94.192209	 94.156723	 94.122384	 94.089169	  94.05706	 94.026035	 93.996072	  93.96715	 93.939247	  93.91234	 93.886406	 93.861424	 93.837371	 93.814223	 93.791958	 93.770552	 93.749984	 93.730231	 93.711268	 93.693075	 93.675629	 93.658907	 93.642888	  93.62755	  93.61287	 93.598829	 93.585405	 93.572577	 93.560325	 93.548629	  93.53747	 93.526828	 93.516685	 93.507021	  93.49782	 93.489062	 93.480732	 93.472811	 93.465285	 93.458136	 93.451349	  93.44491	 93.438803	 93.433014	  93.42753	 93.422337	 93.417422	 93.412772	 93.408375	 93.404221	 93.400297	 93.396592	 93.393096	 93.389799	 93.386691	 93.383763	 93.381005	  93.37841	 93.375968	 93.373672	 93.371515	 93.369488	 93.367585	   93.3658	 93.364125	 93.362555	 93.361084	 93.359707	 93.358418	 93.357211	 93.356083	 93.355029	 93.354044	 93.353125	 93.352267	 93.351467	 93.350721	 93.350026	 93.349378	 93.348776	 93.348215	 93.347694	 93.347209	 93.346759	 93.346341	 93.345953	 93.345593	  93.34526	  93.34495	 93.344664	 93.344399	 93.344154	 93.343927	 93.343718	 93.343524	 93.343345	  93.34318	 93.343028	 93.342888	 93.342759	  93.34264	  93.34253	 93.342429	 93.342337	 93.342252	 93.342173	 93.342102	 93.342036	 93.341975	  93.34192	 93.341869	 93.341823	 93.341781	 93.341742	 93.341707	 93.341675	 93.341645	 93.341619	 93.341595	 93.341573	 93.341553	 93.341535	 93.341519	 93.341504	 93.341491	  93.34148	 93.341469	  93.34146	 93.341453	 93.341446	  93.34144	 93.341436	 93.341432	  93.34143	 93.341428	 93.341427	
        99	 98.873273	  98.74661	 98.620075	 98.493731	 98.367643	 98.241872	 98.116482	 97.991535	 97.867092	 97.743213	 97.619958	 97.497386	 97.375554	  97.25452	 97.134339	 97.015065	 96.896751	 96.779449	 96.663208	 96.548078	 96.434104	 96.321333	 96.209809	 96.099572	 95.990664	 95.883122	 95.776983	 95.672282	 95.569051	 95.467321	 95.367121	 95.268478	 95.171416	 95.075959	 94.982127	 94.889939	 94.799412	 94.710561	 94.623399	 94.537937	 94.454185	 94.372149	 94.291834	 94.213246	 94.136384	  94.06125	 93.987841	 93.916154	 93.846184	 93.777924	 93.711367	 93.646501	 93.583318	 93.521803	 93.461943	 93.403723	 93.347126	 93.292136	 93.238732	 93.186897	 93.136609	 93.087846	 93.040586	 92.994807	 92.950483	 92.907591	 92.866105	 92.825999	 92.787247	 92.749821	 92.713696	 92.678843	 92.645235	 92.612843	 92.581639	 92.551594	 92.522681	 92.494871	 92.468135	 92.442444	  92.41777	 92.394086	 92.371362	  92.34957	 92.328684	 92.308675	 92.289516	 92.271181	 92.253643	 92.236875	 92.220852	 92.205549	 92.190941	 92.177002	  92.16371	  92.15104	  92.13897	 92.127477	 92.116538	 92.106133	  92.09624	 92.086839	 92.077909	 92.069433	 92.061389	 92.053762	 92.046531	 92.039681	 92.033194	 92.027055	 92.021247	 92.015756	 92.010567	 92.005665	 92.001037	 91.996671	 91.992553	 91.988671	 91.985013	 91.981569	 91.978327	 91.975277	  91.97241	 91.969715	 91.967183	 91.964807	 91.962577	 91.960485	 91.958524	 91.956687	 91.954966	 91.953356	 91.951849	  91.95044	 91.949123	 91.947893	 91.946745	 91.945673	 91.944674	 91.943742	 91.942874	 91.942065	 91.941312	 91.940612	 91.939961	 91.939356	 91.938793	 91.938271	 91.937787	 91.937337	 91.936921	 91.936535	 91.936177	 91.935846	  91.93554	 91.935257	 91.934995	 91.934753	  91.93453	 91.934324	 91.934134	 91.933959	 91.933797	 91.933648	 91.933512	 91.933386	  91.93327	 91.933164	 91.933066	 91.932976	 91.932894	 91.932819	  91.93275	 91.932686	 91.932628	 91.932576	 91.932527	 91.932483	 91.932443	 91.932406	 91.932373	 91.932343	 91.932315	 91.932291	 91.932268	 91.932248	  91.93223	 91.932214	 91.932199	 91.932187	 91.932175	 91.932166	 91.932157	  91.93215	 91.932145	  91.93214	 91.932137	 91.932135	 91.932133	
        99	 98.848068	 98.696213	 98.544511	 98.393039	 98.241872	 98.091087	 97.940758	  97.79096	 97.641766	 97.493248	 97.345479	 97.198528	 97.052466	 96.907359	 96.763275	 96.620279	 96.478433	   96.3378	  96.19844	 96.060411	 95.923769	 95.788569	 95.654863	 95.522702	 95.392132	 95.263201	 95.135952	 95.010427	 94.886665	 94.764702	 94.644573	  94.52631	 94.409943	   94.2955	 94.183006	 94.072482	  93.96395	 93.857428	  93.75293	 93.650471	  93.55006	 93.451708	  93.35542	 93.261201	 93.169052	 93.078974	 92.990965	  92.90502	 92.821133	 92.739297	 92.659502	 92.581736	 92.505986	 92.432236	  92.36047	 92.290671	 92.222817	  92.15689	 92.092865	  92.03072	  91.97043	 91.911969	  91.85531	 91.800425	 91.747286	 91.695862	 91.646125	 91.598042	 91.551582	 91.506714	 91.463404	 91.421619	 91.381326	 91.342491	 91.305081	 91.269061	 91.234398	 91.201056	 91.169002	 91.138202	 91.108621	 91.080225	 91.052982	 91.026856	 91.001816	 90.977827	 90.954858	 90.932876	 90.911849	 90.891747	 90.872537	 90.854191	 90.836677	 90.819966	  90.80403	  90.78884	 90.774369	  90.76059	 90.747476	 90.735001	  90.72314	 90.711869	 90.701164	 90.691002	 90.681359	 90.672214	 90.663545	 90.655332	 90.647556	 90.640195	 90.633232	 90.626649	 90.620427	 90.614551	 90.609003	 90.603768	 90.598831	 90.594177	 90.589792	 90.585663	 90.581776	  90.57812	 90.574682	 90.571451	 90.568416	 90.565567	 90.562893	 90.560385	 90.558034	 90.555831	 90.553769	 90.551838	 90.550032	 90.548343	 90.546764	 90.545289	 90.543912	 90.542628	 90.541429	 90.540312	 90.539271	 90.538302	 90.537399	  90.53656	 90.535779	 90.535053	 90.534379	 90.533753	 90.533172	 90.532634	 90.532134	 90.531671	 90.531242	 90.530846	 90.530479	 90.530139	 90.529825	 90.529535	 90.529268	 90.529021	 90.528793	 90.528583	 90.528389	 90.528211	 90.528047	 90.527896	 90.527757	  90.52763	 90.527513	 90.527405	 90.527307	 90.527216	 90.527133	 90.527057	 90.526988	 90.526925	 90.526867	 90.526814	 90.526766	 90.526722	 90.526682	 90.526646	 90.526613	 90.526583	 90.526556	 90.526532	  90.52651	 90.526491	 90.526474	 90.526458	 90.526445	 90.526433	 90.526423	 90.526415	 90.526408	 90.526403	 90.526399	 90.526396	 90.526395	
        99	 98.822939	 98.645968	 98.469176	 98.292651	 98.116482	 97.940758	 97.765566	 97.590992	 97.417122	  97.24404	 97.071831	 96.900576	 96.730355	 96.561249	 96.393334	 96.226687	 96.061381	 95.897488	 95.735078	  95.57422	 95.414979	 95.257417	 95.101597	 94.947577	 94.795412	 94.645157	 94.496861	 94.350575	 94.206343	 94.064208	  93.92421	 93.786388	 93.650775	 93.517404	 93.386303	   93.2575	 93.131017	 93.006876	 92.885095	  92.76569	 92.648672	 92.534053	 92.421839	 92.312037	 92.204647	 92.099671	 91.997105	 91.896945	 91.799185	 91.703814	 91.610821	 91.520192	 91.431913	 91.345966	 91.262331	 91.180987	 91.101911	 91.025079	 90.950465	 90.878042	  90.80778	  90.73965	 90.673619	 90.609657	 90.547729	 90.487801	 90.429837	 90.373801	 90.319658	 90.267368	 90.216894	 90.168199	 90.121241	 90.075984	 90.032386	 89.990409	 89.950012	 89.911156	 89.873801	 89.837906	 89.803433	 89.770341	 89.738591	 89.708145	 89.678962	 89.651006	 89.624238	 89.598621	 89.574116	 89.550689	 89.528302	 89.506921	  89.48651	 89.467036	 89.448464	 89.430762	 89.413898	 89.397839	 89.382556	 89.368018	 89.354196	 89.341061	 89.328585	 89.316742	 89.305504	 89.294846	 89.284744	 89.275173	  89.26611	 89.257532	 89.249418	 89.241745	 89.234495	 89.227646	 89.221181	  89.21508	 89.209326	 89.203903	 89.198792	  89.19398	 89.189451	  89.18519	 89.181183	 89.177418	 89.173881	  89.17056	 89.167444	 89.164522	 89.161782	 89.159215	 89.156811	 89.154561	 89.152456	 89.150488	 89.148648	 89.146929	 89.145325	 89.143828	 89.142431	 89.141129	 89.139916	 89.138786	 89.137734	 89.136756	 89.135846	    89.135	 89.134215	 89.133485	 89.132808	  89.13218	 89.131598	 89.131059	 89.130559	 89.130097	 89.129669	 89.129273	 89.128908	  89.12857	 89.128258	  89.12797	 89.127704	  89.12746	 89.127234	 89.127026	 89.126835	 89.126659	 89.126498	 89.126349	 89.126213	 89.126087	 89.125972	 89.125867	  89.12577	 89.125682	 89.125601	 89.125527	  89.12546	 89.125398	 89.125342	 89.125291	 89.125244	 89.125202	 89.125164	 89.125129	 89.125098	  89.12507	 89.125044	 89.125022	 89.125002	 89.124984	 89.124968	 89.124955	 89.124943	 89.124933	 89.124925	 89.124919	 89.124914	 89.124911	  89.12491	
        99	 98.797899	 98.595901	 98.394106	 98.192617	 97.991535	  97.79096	 97.590992	 97.391729	 97.193271	 96.995712	 96.799149	 96.603674	 96.409381	  96.21636	 96.024698	 95.834484	   95.6458	  95.45873	 95.273352	 95.089745	 94.907984	  94.72814	 94.550284	 94.374482	 94.200798	 94.029293	 93.860026	 93.693052	 93.528422	 93.366186	  93.20639	 93.049077	 92.894286	 92.742053	 92.592412	 92.445393	 92.301024	 92.159327	 92.020323	 91.884031	 91.750465	 91.619637	 91.491554	 91.366223	 91.243646	 91.123824	 91.006753	 90.892429	 90.780843	 90.671985	 90.565841	 90.462396	 90.361632	  90.26353	 90.168067	 90.075219	 89.984961	 89.897263	 89.812097	 89.729432	 89.649233	 89.571468	   89.4961	 89.423092	 89.352406	 89.284003	 89.217841	 89.153882	 89.092081	 89.032396	 88.974785	 88.919202	 88.865605	 88.813947	 88.764183	  88.71627	  88.67016	 88.625809	  88.58317	   88.5422	 88.502851	 88.465079	  88.42884	 88.394087	 88.360778	 88.328869	 88.298315	 88.269075	 88.241105	 88.214364	 88.188812	 88.164407	  88.14111	 88.118881	 88.097683	 88.077477	 88.058228	 88.039899	 88.022454	  88.00586	 87.990083	 87.975091	  87.96085	 87.947332	 87.934505	  87.92234	 87.910809	 87.899885	  87.88954	 87.879749	 87.870487	  87.86173	 87.853454	 87.845637	 87.838257	 87.831294	 87.824726	 87.818535	 87.812702	  87.80721	  87.80204	 87.797176	 87.792603	 87.788305	 87.784268	 87.780478	 87.776921	 87.773585	 87.770458	 87.767528	 87.764784	 87.762216	 87.759813	 87.757566	 87.755466	 87.753505	 87.751673	 87.749964	  87.74837	 87.746884	 87.745499	  87.74421	 87.743009	 87.741893	 87.740854	 87.739889	 87.738992	 87.738159	 87.737387	  87.73667	 87.736006	  87.73539	  87.73482	 87.734292	 87.733804	 87.733352	 87.732935	 87.732549	 87.732193	 87.731864	 87.731561	 87.731282	 87.731024	 87.730787	 87.730569	 87.730368	 87.730184	 87.730014	 87.729858	 87.729715	 87.729584	 87.729464	 87.729354	 87.729253	 87.729161	 87.729076	 87.728999	 87.728929	 87.728865	 87.728806	 87.728753	 87.728705	 87.728661	 87.728622	 87.728586	 87.728554	 87.728525	 87.728499	 87.728476	 87.728456	 87.728438	 87.728423	 87.728409	 87.728398	 87.728389	 87.728382	 87.728377	 87.728373	 87.728371	
        99	  98.77296	 98.546036	  98.31934	 98.092987	 97.867092	 97.641766	 97.417122	 97.193271	 96.970322	 96.748385	 96.527566	  96.30797	 96.089702	 95.872862	 95.657549	 95.443862	 95.231895	 95.021741	 94.813488	 94.607224	 94.403033	 94.200997	 94.001194	 93.803698	 93.608581	 93.415913	 93.225759	  93.03818	 92.853235	  92.67098	 92.491465	  92.31474	 92.140847	 91.969829	 91.801723	 91.636562	 91.474377	 91.315195	 91.159039	 91.005929	 90.855881	 90.708908	  90.56502	 90.424223	  90.28652	 90.151912	 90.020395	 89.891964	 89.766608	 89.644316	 89.525074	 89.408865	 89.295667	 89.185459	 89.078216	 88.973911	 88.872515	 88.773995	  88.67832	 88.585454	 88.495359	 88.407998	 88.323329	 88.241312	 88.161903	 88.085059	 88.010734	 87.938881	 87.869454	 87.802405	 87.737684	 87.675243	 87.615031	 87.556999	 87.501095	 87.447269	 87.395469	 87.345645	 87.297745	 87.251718	 87.207514	 87.165081	  87.12437	 87.085329	  87.04791	 87.012063	 86.977739	  86.94489	 86.913469	 86.883429	 86.854723	 86.827306	 86.801134	 86.776163	 86.752349	  86.72965	 86.708025	 86.687434	 86.667837	 86.649195	 86.631471	 86.614629	 86.598631	 86.583445	 86.569035	 86.555369	 86.542415	 86.530143	 86.518521	 86.507522	 86.497117	 86.487279	 86.477982	 86.469201	  86.46091	 86.453087	 86.445709	 86.438755	 86.432202	 86.426031	 86.420223	  86.41476	 86.409622	 86.404794	 86.400259	 86.396001	 86.392005	 86.388258	 86.384745	 86.381453	 86.378371	 86.375486	 86.372786	 86.370262	 86.367903	   86.3657	 86.363642	 86.361722	 86.359931	 86.358262	 86.356706	 86.355258	 86.353909	 86.352654	 86.351488	 86.350403	 86.349396	 86.348461	 86.347593	 86.346787	 86.346041	 86.345349	 86.344709	 86.344116	 86.343567	  86.34306	 86.342591	 86.342158	 86.341758	 86.341389	 86.341048	 86.340734	 86.340445	 86.340179	 86.339934	 86.339708	 86.339501	  86.33931	 86.339135	 86.338974	 86.338827	 86.338692	 86.338568	 86.338455	 86.338351	 86.338256	  86.33817	 86.338091	 86.338019	 86.337953	 86.337894	  86.33784	  86.33779	 86.337746	 86.337706	  86.33767	 86.337637	 86.337608	 86.337583	  86.33756	  86.33754	 86.337522	 86.337507	 86.337495	 86.337485	 86.337476	  86.33747	 86.337466	 86.337464	
        99	 98.748135	 98.496396	 98.244912	 97.993809	 97.743213	 97.493248	  97.24404	 96.995712	 96.748385	  96.50218	 96.257215	 96.013607	 95.771472	 95.530921	 95.292066	 95.055013	 94.819868	 94.586734	 94.355709	 94.126891	 93.900373	 93.676245	 93.454594	 93.235503	 93.019051	 92.805316	 92.594369	 92.386279	 92.181111	 91.978927	 91.779783	 91.583733	 91.390826	 91.201108	  91.01462	 90.831399	  90.65148	 90.474892	 90.301661	 90.131809	 89.965353	  89.80231	 89.642688	 89.486496	 89.333736	 89.184409	 89.038511	 88.896036	 88.756973	 88.621309	 88.489029	 88.360112	 88.234536	 88.112278	 87.993308	 87.877598	 87.765114	 87.655822	 87.549685	 87.446664	 87.346718	 87.249804	 87.155877	 87.064892	   86.9768	 86.891553	 86.809101	 86.729392	 86.652373	 86.577992	 86.506194	 86.436925	  86.37013	 86.305752	 86.243735	 86.184023	 86.126559	 86.071287	  86.01815	  85.96709	 85.918052	  85.87098	 85.825817	 85.782507	 85.740996	 85.701229	 85.663152	 85.626711	 85.591855	  85.55853	 85.526685	 85.496271	 85.467237	 85.439535	 85.413117	 85.387936	 85.363946	 85.341104	 85.319364	 85.298684	 85.279022	 85.260337	 85.242591	 85.225744	 85.209758	 85.194598	 85.180228	 85.166613	 85.153721	 85.141519	 85.129977	 85.119063	 85.108749	 85.099007	  85.08981	 85.081132	 85.072947	 85.065232	 85.057963	 85.051118	 85.044675	 85.038613	 85.032914	 85.027558	 85.022527	 85.017803	 85.013371	 85.009214	 85.005317	 85.001665	 84.998246	 84.995045	  84.99205	  84.98925	 84.986633	 84.984189	 84.981906	 84.979776	  84.97779	 84.975938	 84.974212	 84.972605	 84.971109	 84.969717	 84.968423	  84.96722	 84.966102	 84.965065	 84.964102	 84.963209	 84.962381	 84.961613	 84.960903	 84.960245	 84.959636	 84.959073	 84.958553	 84.958073	 84.957629	 84.957219	 84.956842	 84.956494	 84.956173	 84.955877	 84.955605	 84.955355	 84.955125	 84.954914	  84.95472	 84.954541	 84.954378	 84.954228	 84.954091	 84.953965	  84.95385	 84.953745	 84.953649	 84.953561	 84.953481	 84.953409	 84.953342	 84.953282	 84.953228	 84.953179	 84.953134	 84.953094	 84.953058	 84.953026	 84.952997	 84.952972	  84.95295	  84.95293	 84.952914	   84.9529	 84.952889	  84.95288	 84.952873	 84.952868	 84.952866	
        99	 98.723434	 98.447007	  98.17086	  97.89513	 97.619958	 97.345479	 97.071831	 96.799149	 96.527566	 96.257215	 95.988226	 95.720728	 95.454846	 95.190704	 94.928423	 94.668122	 94.409917	 94.153918	 93.900237	 93.648979	 93.400246	 93.154137	 92.910748	  92.67017	 92.432491	 92.197794	 91.966159	 91.737662	 91.512373	  91.29036	 91.071686	 90.856409	 90.644583	 90.436259	 90.231482	 90.030293	 89.832729	 89.638823	 89.448602	 89.262093	 89.079313	 88.900279	 88.725003	 88.553493	 88.385752	  88.22178	 88.061574	 87.905126	 87.752425	 87.603457	 87.458203	 87.316643	 87.178752	 87.044503	 86.913866	 86.786808	 86.663293	 86.543283	 86.426737	 86.313612	 86.203864	 86.097446	 85.994307	 85.894399	 85.797668	 85.704061	 85.613522	 85.525996	 85.441424	 85.359748	 85.280909	 85.204847	 85.131501	 85.060809	  84.99271	 84.927142	 84.864043	  84.80335	 84.745001	 84.688934	 84.635087	 84.583398	 84.533806	 84.486249	 84.440667	    84.397	 84.355188	 84.315174	 84.276899	 84.240306	 84.205338	 84.171941	 84.140059	 84.109641	 84.080632	 84.052981	 84.026639	 84.001556	 83.977684	 83.954976	 83.933386	 83.912869	 83.893382	 83.874883	  83.85733	 83.840683	 83.824903	 83.809953	 83.795797	 83.782399	 83.769724	  83.75774	 83.746415	 83.735717	 83.725618	 83.716089	 83.707102	  83.69863	 83.690648	 83.683131	 83.676056	 83.669401	 83.663142	 83.657261	 83.651736	  83.64655	 83.641683	 83.637118	 83.632838	 83.628829	 83.625074	 83.621559	 83.618271	 83.615196	 83.612323	 83.609638	 83.607132	 83.604793	 83.602612	 83.600578	 83.598683	 83.596919	 83.595276	 83.593747	 83.592326	 83.591005	 83.589778	 83.588639	 83.587582	 83.586601	 83.585692	 83.584849	 83.584069	 83.583346	 83.582678	  83.58206	 83.581489	 83.580961	 83.580474	 83.580024	 83.579609	 83.579227	 83.578875	  83.57855	 83.578252	 83.577977	 83.577724	 83.577492	 83.577279	 83.577083	 83.576904	 83.576739	 83.576589	 83.576451	 83.576324	 83.576209	 83.576103	 83.576007	 83.575919	  83.57584	 83.575767	 83.575701	 83.575641	 83.575587	 83.575538	 83.575494	 83.575455	 83.575419	 83.575388	  83.57536	 83.575336	 83.575315	 83.575296	 83.575281	 83.575269	 83.575259	 83.575251	 83.575246	 83.575244	
        99	  98.69887	 98.397892	 98.097218	 97.796999	 97.497386	 97.198528	 96.900576	 96.603674	  96.30797	 96.013607	 95.720728	 95.429471	 95.139974	 94.852371	 94.566796	 94.283376	 94.002237	 93.723501	 93.447289	 93.173714	 92.902889	 92.634922	 92.369916	  92.10797	 91.849181	 91.593639	 91.341431	 91.092639	  90.84734	 90.605609	 90.367512	 90.133115	 89.902476	 89.675649	 89.452684	 89.233625	 89.018514	 88.807386	 88.600271	 88.397195	 88.198182	 88.003246	 87.812403	 87.625659	  87.44302	 87.264485	  87.09005	 86.919706	 86.753443	 86.591243	 86.433089	 86.278956	 86.128818	 85.982645	 85.840405	 85.702062	 85.567577	 85.436907	  85.31001	 85.186838	 85.067343	 84.951472	 84.839173	 84.730391	 84.625069	 84.523148	 84.424568	 84.329268	 84.237184	 84.148254	 84.062413	 83.979595	 83.899734	 83.822764	 83.748617	 83.677225	 83.608522	 83.542438	 83.478907	  83.41786	 83.359231	 83.302951	 83.248954	 83.197173	 83.147542	 83.099997	 83.054472	 83.010904	 82.969229	 82.929385	 82.891312	 82.854949	 82.820236	 82.787115	  82.75553	 82.725424	 82.696742	 82.669431	 82.643439	 82.618714	 82.595206	 82.572867	 82.551649	 82.531507	 82.512394	 82.494269	 82.477088	  82.46081	 82.445397	 82.430808	 82.417008	 82.403959	 82.391628	 82.379981	 82.368985	 82.358609	 82.348824	 82.339599	 82.330908	 82.322724	 82.315021	 82.307774	  82.30096	 82.294556	 82.288541	 82.282894	 82.277594	 82.272624	 82.267964	 82.263599	  82.25951	 82.255683	 82.252103	 82.248756	 82.245627	 82.242704	 82.239975	 82.237429	 82.235053	 82.232839	 82.230776	 82.228854	 82.227066	 82.225402	 82.223854	 82.222416	  82.22108	 82.219839	 82.218688	  82.21762	  82.21663	 82.215713	 82.214863	 82.214077	 82.213349	 82.212676	 82.212054	  82.21148	 82.210949	 82.210459	 82.210008	 82.209592	 82.209208	 82.208855	  82.20853	  82.20823	 82.207955	 82.207703	 82.207471	 82.207257	 82.207062	 82.206883	 82.206719	 82.206568	 82.206431	 82.206305	  82.20619	 82.206086	  82.20599	 82.205903	 82.205824	 82.205752	 82.205687	 82.205628	 82.205575	 82.205527	 82.205484	 82.205446	 82.205411	 82.205381	 82.205355	 82.205331	 82.205312	 82.205295	 82.205281	 82.205271	 82.205263	 82.205257	 82.205255	
        99	 98.674454	 98.349073	  98.02402	  97.69946	 97.375554	 97.052466	 96.730355	 96.409381	 96.089702	 95.771472	 95.454846	 95.139974	 94.827005	 94.516084	 94.207353	 93.900954	  93.59702	 93.295685	 92.997077	 92.701321	 92.408538	 92.118844	 91.832351	 91.549167	 91.269395	 90.993134	 90.720477	 90.451513	 90.186326	 89.924995	 89.667594	 89.414192	 89.164852	 88.919634	 88.678591	 88.441772	  88.20922	 87.980973	 87.757065	 87.537525	 87.322375	 87.111634	 86.905317	 86.703433	 86.505985	 86.312974	 86.124396	 85.940241	 85.760497	 85.585147	 85.414169	 85.247539	 85.085228	 84.927204	 84.773431	 84.623871	 84.478482	 84.337218	 84.200032	 84.066873	 83.937689	 83.812424	  83.69102	 83.573418	 83.459556	 83.349371	 83.242798	 83.139771	 83.040222	 82.944081	  82.85128	 82.761747	 82.675411	   82.5922	 82.512041	 82.434861	 82.360587	 82.289146	 82.220464	 82.154467	 82.091084	 82.030241	 81.971866	 81.915886	 81.862232	 81.810832	 81.761616	 81.714515	 81.669461	 81.626387	 81.585227	 81.545915	 81.508387	 81.472581	 81.438435	 81.405888	 81.374881	 81.345356	 81.317256	 81.290526	 81.265113	 81.240962	 81.218024	 81.196248	 81.175587	 81.155991	 81.137417	  81.11982	 81.103157	 81.087385	 81.072466	  81.05836	 81.045029	 81.032437	  81.02055	 81.009333	 80.998754	 80.988781	 80.979386	 80.970538	  80.96221	 80.954376	 80.947009	 80.940086	 80.933583	 80.927478	 80.921749	 80.916375	 80.911338	 80.906619	 80.902199	 80.898062	 80.894191	 80.890572	 80.887189	  80.88403	  80.88108	 80.878327	 80.875759	 80.873365	 80.871134	 80.869057	 80.867124	 80.865325	 80.863652	 80.862097	 80.860652	 80.859311	 80.858067	 80.856912	 80.855842	  80.85485	 80.853932	 80.853081	 80.852295	 80.851567	 80.850895	 80.850274	   80.8497	 80.849171	 80.848683	 80.848233	 80.847818	 80.847436	 80.847084	 80.846761	 80.846464	  80.84619	  80.84594	 80.845709	 80.845498	 80.845304	 80.845127	 80.844964	 80.844816	  80.84468	 80.844556	 80.844442	 80.844339	 80.844245	  80.84416	 80.844082	 80.844012	 80.843948	  80.84389	 80.843838	 80.843792	  80.84375	 80.843713	 80.843681	 80.843652	 80.843627	 80.843606	 80.843588	 80.843573	 80.843561	 80.843553	 80.843547	 80.843544	
        99	 98.650199	 98.300574	 97.951302	 97.602559	  97.25452	 96.907359	 96.561249	  96.21636	 95.872862	 95.530921	 95.190704	 94.852371	 94.516084	 94.181997	 93.850264	 93.521035	 93.194456	 92.870669	 92.549812	  92.23202	 91.917422	 91.606144	 91.298305	 90.994022	 90.693405	  90.39656	 90.103588	 89.814584	 89.529638	 89.248836	 88.972256	 88.699974	 88.432057	 88.168568	 87.909565	 87.655101	 87.405222	 87.159969	 86.919378	  86.68348	   86.4523	 86.225858	 86.004169	 85.787242	 85.575083	 85.367691	 85.165062	 84.967187	  84.77405	 84.585635	 84.401918	 84.222872	 84.048468	  83.87867	  83.71344	 83.552737	 83.396514	 83.244725	 83.097318	 82.954238	 82.815428	  82.68083	 82.550381	 82.424016	 82.301671	 82.183276	 82.068763	 81.958059	 81.851093	 81.747789	 81.648074	  81.55187	 81.459101	  81.36969	 81.283559	 81.200628	  81.12082	 81.044056	 80.970256	 80.899343	 80.831237	 80.765861	 80.703136	 80.642986	 80.585334	 80.530103	  80.47722	  80.42661	   80.3782	 80.331916	 80.287689	 80.245449	 80.205125	 80.166651	 80.129961	 80.094989	 80.061671	 80.029946	 79.999753	 79.971031	 79.943724	 79.917774	 79.893127	 79.869729	 79.847528	 79.826473	 79.806515	 79.787606	 79.769701	 79.752755	 79.736724	 79.721567	 79.707242	 79.693713	 79.680939	 79.668887	 79.657519	 79.646804	 79.636708	 79.627201	 79.618253	 79.609835	  79.60192	 79.594481	 79.587493	 79.580933	 79.574777	 79.569003	 79.563591	  79.55852	  79.55377	 79.549325	 79.545166	 79.541277	 79.537643	 79.534248	 79.531078	  79.52812	 79.525361	 79.522788	 79.520392	  79.51816	 79.516082	 79.514149	 79.512351	  79.51068	 79.509128	 79.507687	  79.50635	  79.50511	  79.50396	 79.502894	 79.501907	 79.500993	 79.500148	 79.499366	 79.498644	 79.497976	  79.49736	 79.496791	 79.496267	 79.495783	 79.495338	 79.494927	  79.49455	 79.494202	 79.493883	 79.493589	 79.493319	 79.493072	 79.492845	 79.492637	 79.492446	 79.492272	 79.492112	 79.491966	 79.491832	 79.491711	   79.4916	 79.491499	 79.491407	 79.491323	 79.491248	 79.491179	 79.491117	 79.491062	 79.491012	 79.490967	 79.490927	 79.490892	 79.490861	 79.490835	 79.490812	 79.490792	 79.490777	 79.490764	 79.490755	 79.490749	 79.490745	
        99	 98.626114	 98.252417	 97.879096	 97.506342	 97.134339	 96.763275	 96.393334	 96.024698	 95.657549	 95.292066	 94.928423	 94.566796	 94.207353	 93.850264	  93.49569	 93.143793	 92.794728	 92.448647	 92.105699	 91.766026	 91.429767	 91.097056	 90.768022	 90.442788	 90.121473	 89.804189	 89.491045	 89.182142	 88.877577	 88.577441	 88.281819	 87.990788	 87.704424	 87.422794	 87.145958	 86.873973	 86.606889	  86.34475	 86.087594	 85.835454	 85.588356	 85.346323	  85.10937	 84.877507	  84.65074	 84.429069	 84.212488	 84.000989	 83.794554	 83.593166	 83.396799	 83.205426	 83.019014	 82.837524	 82.660918	  82.48915	 82.322171	 82.159931	 82.002374	 81.849443	 81.701076	  81.55721	 81.417779	 81.282714	 81.151945	 81.025398	    80.903	 80.784674	 80.670343	 80.559927	 80.453345	 80.350518	 80.251362	 80.155795	 80.063733	 79.975092	 79.889789	 79.807739	 79.728859	 79.653063	 79.580267	  79.51039	 79.443346	 79.379054	 79.317433	   79.2584	 79.201876	 79.147781	 79.096037	 79.046567	 78.999295	 78.954146	 78.911046	 78.869923	 78.830706	 78.793326	 78.757715	 78.723805	 78.691533	 78.660834	 78.631647	  78.60391	 78.577566	 78.552557	 78.528827	 78.506322	  78.48499	  78.46478	 78.445642	 78.427529	 78.410394	 78.394193	 78.378883	 78.364421	 78.350769	 78.337886	 78.325736	 78.314283	 78.303492	  78.29333	 78.283766	 78.274768	 78.266308	 78.258357	 78.250888	 78.243877	 78.237297	 78.231125	  78.22534	  78.21992	 78.214844	 78.210092	 78.205647	  78.20149	 78.197606	 78.193977	 78.190589	 78.187427	 78.184478	 78.181728	 78.179167	 78.176781	  78.17456	 78.172494	 78.170573	 78.168787	 78.167128	 78.165588	 78.164158	 78.162832	 78.161603	 78.160464	 78.159409	 78.158433	 78.157529	 78.156694	 78.155922	 78.155208	 78.154549	 78.153942	 78.153381	 78.152864	 78.152388	 78.151949	 78.151545	 78.151174	 78.150832	 78.150519	  78.15023	 78.149966	 78.149723	 78.149501	 78.149297	  78.14911	  78.14894	 78.148784	 78.148641	 78.148511	 78.148392	 78.148284	 78.148186	 78.148097	 78.148016	 78.147943	 78.147877	 78.147817	 78.147764	 78.147716	 78.147674	 78.147636	 78.147603	 78.147575	  78.14755	 78.147529	 78.147512	 78.147499	 78.147489	 78.147483	 78.147479	
        99	 98.602211	 98.204623	 97.807436	  97.41085	 97.015065	 96.620279	 96.226687	 95.834484	 95.443862	 95.055013	 94.668122	 94.283376	 93.900954	 93.521035	 93.143793	 92.769398	 92.398017	 92.029811	 91.664938	 91.303549	 90.945793	 90.591811	 90.241741	 89.895715	 89.553857	  89.21629	 88.883126	 88.554474	 88.230438	 87.911114	 87.596592	 87.286956	 86.982284	 86.682649	 86.388115	 86.098741	 85.814582	 85.535684	 85.262088	 84.993828	 84.730933	 84.473426	 84.221324	 83.974638	 83.733374	 83.497531	 83.267105	 83.042083	 82.822451	 82.608188	 82.399268	  82.19566	 81.997329	 81.804237	  81.61634	 81.433591	 81.255937	 81.083325	 80.915695	 80.752986	 80.595134	 80.442071	 80.293725	 80.150026	 80.010896	  79.87626	 79.746037	 79.620146	 79.498505	  79.38103	 79.267635	 79.158233	 79.052738	 78.951061	 78.853114	 78.758806	  78.66805	 78.580754	 78.496831	 78.416189	  78.33874	 78.264395	 78.193065	 78.124663	 78.059102	 77.996295	 77.936157	 77.878604	 77.823552	 77.770919	 77.720625	 77.672589	 77.626734	 77.582982	 77.541258	 77.501488	   77.4636	 77.427523	 77.393188	 77.360526	 77.329473	 77.299963	 77.271935	 77.245327	  77.22008	 77.196136	  77.17344	 77.151938	 77.131576	 77.112305	 77.094075	 77.076838	 77.060549	 77.045163	 77.030638	 77.016931	 77.004005	 76.991819	 76.980339	 76.969527	 76.959351	 76.949779	 76.940777	 76.932318	 76.924372	 76.916912	 76.909911	 76.903346	 76.897191	 76.891424	 76.886023	 76.880968	 76.876238	 76.871816	 76.867683	 76.863822	 76.860217	 76.856853	 76.853716	  76.85079	 76.848065	 76.845527	 76.843164	 76.840966	 76.838922	 76.837022	 76.835257	 76.833618	 76.832097	 76.830686	 76.829379	 76.828167	 76.827044	 76.826005	 76.825044	 76.824155	 76.823334	 76.822575	 76.821874	 76.821227	 76.820631	 76.820081	 76.819574	 76.819107	 76.818678	 76.818283	 76.817919	 76.817585	 76.817279	 76.816997	 76.816739	 76.816503	 76.816286	 76.816087	 76.815906	  76.81574	 76.815588	  76.81545	 76.815323	 76.815208	 76.815104	 76.815009	 76.814923	 76.814845	 76.814775	 76.814712	 76.814655	 76.814604	 76.814559	 76.814519	 76.814484	 76.814453	 76.814427	 76.814405	 76.814387	 76.814373	 76.814362	 76.814355	 76.814352	
        99	   98.5785	 98.157213	 97.736352	 97.316127	 96.896751	 96.478433	 96.061381	   95.6458	 95.231895	 94.819868	 94.409917	 94.002237	  93.59702	 93.194456	 92.794728	 92.398017	 92.004499	 91.614346	 91.227724	 90.844795	 90.465714	 90.090633	 89.719697	 89.353045	 88.990811	 88.633122	   88.2801	 87.931859	 87.588508	  87.25015	 86.916881	 86.588789	 86.265957	 85.948461	 85.636371	 85.329749	 85.028653	  84.73313	 84.443226	 84.158976	 83.880411	 83.607556	 83.340427	 83.079037	 82.823392	 82.573492	  82.32933	 82.090896	 81.858173	 81.631138	 81.409765	 81.194021	 80.983869	 80.779267	  80.58017	 80.386528	 80.198285	 80.015384	 79.837762	 79.665355	 79.498094	 79.335907	  79.17872	 79.026455	 78.879032	 78.736371	 78.598385	 78.464991	   78.3361	 78.211622	 78.091468	 77.975545	 77.863762	 77.756025	 77.652239	  77.55231	 77.456144	 77.363645	 77.274719	 77.189271	 77.107205	 77.028429	 76.952847	 76.880368	 76.810899	 76.744349	 76.680626	 76.619643	 76.561309	 76.505539	 76.452247	 76.401348	  76.35276	   76.3064	 76.262189	 76.220049	 76.179902	 76.141675	 76.105292	 76.070684	  76.03778	 76.006511	 75.976812	 75.948618	 75.921866	 75.896495	 75.872447	 75.849663	 75.828088	 75.807668	 75.788351	 75.770087	 75.752827	 75.736524	 75.721132	 75.706609	 75.692912	     75.68	 75.667835	  75.65638	 75.645597	 75.635454	 75.625916	 75.616952	 75.608533	 75.600628	  75.59321	 75.586253	 75.579731	  75.57362	 75.567898	 75.562541	  75.55753	 75.552844	 75.548464	 75.544373	 75.540554	 75.536989	 75.533665	 75.530565	 75.527677	 75.524988	 75.522484	 75.520155	 75.517989	 75.515976	 75.514105	 75.512369	 75.510758	 75.509263	 75.507877	 75.506593	 75.505404	 75.504303	 75.503284	 75.502342	 75.501472	 75.500668	 75.499925	  75.49924	 75.498608	 75.498025	 75.497488	 75.496994	 75.496538	  75.49612	 75.495735	 75.495381	 75.495056	 75.494758	 75.494484	 75.494234	 75.494004	 75.493793	 75.493601	 75.493425	 75.493264	 75.493118	 75.492984	 75.492862	 75.492752	 75.492651	  75.49256	 75.492477	 75.492403	 75.492336	 75.492276	 75.492222	 75.492174	 75.492131	 75.492094	 75.492062	 75.492034	 75.492011	 75.491992	 75.491977	 75.491966	 75.491958	 75.491955	
