Time step 62:
        99	        99	        99	        99	        99	        99	        99	        99	        99	        99	        99	        99	        99	        99	        99	        99	        99	        99	        99	        99	        99	        99	        99	        99	        99	        99	        99	        99	        99	        99	        99	        99	        99	        99	        99	        99	        99	        99	        99	        99	        99	        99	        99	        99	        99	        99	        99	        99	        99	        99	        99	        99	        99	        99	        99	        99	        99	        99	        99	        99	        99	        99	        99	        99	        99	        99	        99	        99	        99	        99	        99	        99	        99	        99	        99	        99	        99	        99	        99	        99	        99	        99	        99	        99	        99	        99	        99	        99	        99	        99	        99	        99	        99	        99	        99	        99	        99	        99	        99	        99	        99	        99	        99	        99	        99	        99	        99	        99	        99	        99	        99	        99	        99	        99	        99	        99	        99	        99	        99	        99	        99	        99	        99	        99	        99	        99	        99	        99	        99	        99	        99	        99	        99	        99	        99	        99	        99	        99	        99	        99	        99	        99	        99	        99	        99	        99	        99	        99	        99	        99	        99	        99	        99	        99	        99	        99	        99	        99	        99	        99	        99	        99	        99	        99	        99	        99	        99	        99	        99	        99	        99	        99	        99	        99	        99	        99	        99	        99	        99	        99	        99	        99	        99	        99	        99	        99	        99	        99	        99	        99	        99	        99	        99	        99	        99	        99	        99	        99	        99	        99	
        99	 98.989759	 98.979519	 98.969284	 98.959055	 98.948835	 98.938625	 98.928427	 98.918244	 98.908078	  98.89793	 98.887802	 98.877698	 98.867618	 98.857565	  98.84754	 98.837546	 98.827584	 98.817657	 98.807766	 98.797914	 98.788101	  98.77833	 98.768603	 98.758922	 98.749287	 98.739702	 98.730167	 98.720685	 98.711256	 98.701883	 98.692567	  98.68331	 98.674112	 98.664977	 98.655904	 98.646896	 98.637954	 98.629078	 98.620272	 98.611534	 98.602868	 98.594274	 98.585753	 98.577306	 98.568935	  98.56064	 98.552422	 98.544283	 98.536223	 98.528243	 98.520344	 98.512526	 98.504791	 98.497138	  98.48957	 98.482086	 98.474686	 98.467372	 98.460144	 98.453002	 98.445947	  98.43898	 98.432099	 98.425306	 98.418602	 98.411985	 98.405457	 98.399017	 98.392666	 98.386403	 98.380229	 98.374144	 98.368147	 98.362239	 98.356419	 98.350688	 98.345044	 98.339489	  98.33402	  98.32864	 98.323346	 98.318139	 98.313018	 98.307983	 98.303033	 98.298168	 98.293388	 98.288692	 98.284079	 98.279549	 98.275102	 98.270736	 98.266451	 98.262247	 98.258122	 98.254077	  98.25011	 98.246221	 98.242408	 98.238672	 98.235011	 98.231425	 98.227913	 98.224473	 98.221106	  98.21781	 98.214585	 98.211429	 98.208342	 98.205323	 98.202372	 98.199486	 98.196665	 98.193909	 98.191216	 98.188586	 98.186018	  98.18351	 98.181062	 98.178673	 98.176342	 98.174068	  98.17185	 98.169687	 98.167579	 98.165524	 98.163521	  98.16157	  98.15967	 98.157819	 98.156018	 98.154264	 98.152557	 98.150897	 98.149282	 98.147711	 98.146184	   98.1447	 98.143258	 98.141857	 98.140496	 98.139174	 98.137891	 98.136646	 98.135438	 98.134267	 98.133131	 98.132029	 98.130962	 98.129928	 98.128927	 98.127957	 98.127019	 98.126111	 98.125233	 98.124384	 98.123564	 98.122772	 98.122007	 98.121269	 98.120556	  98.11987	 98.119208	 98.118571	 98.117957	 98.117367	   98.1168	 98.116255	 98.115733	 98.115231	 98.114751	 98.114291	 98.113851	 98.113431	  98.11303	 98.112648	 98.112285	 98.111941	 98.111614	 98.111304	 98.111012	 98.110737	 98.110479	 98.110237	 98.110012	 98.109803	 98.109609	 98.109431	 98.109269	 98.109122	  98.10899	 98.108873	 98.108771	 98.108683	 98.108611	 98.108553	 98.108509	  98.10848	 98.108466	
        99	 98.979519	 98.959043	 98.938575	 98.918119	  98.89768	 98.877262	 98.856869	 98.836505	 98.816174	  98.79588	 98.775628	  98.75542	 98.735263	 98.715158	 98.695111	 98.675125	 98.655204	 98.635351	 98.615572	 98.595868	 98.576245	 98.556706	 98.537254	 98.517893	 98.498626	 98.479457	 98.460389	 98.441426	 98.422571	 98.403826	 98.385196	 98.366684	 98.348291	 98.330022	 98.311878	 98.293864	 98.275981	 98.258232	  98.24062	 98.223148	 98.205817	 98.188631	  98.17159	 98.154699	 98.137958	  98.12137	 98.104936	 98.088659	  98.07254	 98.056582	 98.040785	 98.025151	 98.009682	 97.994379	 97.979244	 97.964277	 97.949479	 97.934853	 97.920398	 97.906116	 97.892008	 97.878073	 97.864314	  97.85073	 97.837321	  97.82409	 97.811034	 97.798156	 97.785455	 97.772931	 97.760585	 97.748415	 97.736423	 97.724608	  97.71297	 97.701508	 97.690222	 97.679112	 97.668177	 97.657416	 97.646829	 97.636416	 97.626175	 97.616106	 97.606208	 97.596479	  97.58692	 97.577529	 97.568304	 97.559245	 97.550351	  97.54162	 97.533052	 97.524644	 97.516396	 97.508306	 97.500373	 97.492595	 97.484971	 97.477499	 97.470178	 97.463006	 97.455982	 97.449104	 97.442371	  97.43578	  97.42933	 97.423019	 97.416846	 97.410809	 97.404905	 97.399135	 97.393494	 97.387982	 97.382598	 97.377338	 97.372201	 97.367186	 97.362291	 97.357513	 97.352852	 97.348304	 97.343869	 97.339544	 97.335327	 97.331218	 97.327213	 97.323311	 97.319511	  97.31581	 97.312207	   97.3087	 97.305287	 97.301967	 97.298737	 97.295596	 97.292542	 97.289574	  97.28669	 97.283888	 97.281166	 97.278523	 97.275958	 97.273468	 97.271053	  97.26871	 97.266438	 97.264235	 97.262101	 97.260033	 97.258031	 97.256092	 97.254216	   97.2524	 97.250645	 97.248947	 97.247307	 97.245722	 97.244193	 97.242716	 97.241292	 97.239919	 97.238595	 97.237321	 97.236094	 97.234914	  97.23378	 97.232691	 97.231645	 97.230642	 97.229682	 97.228762	 97.227882	 97.227042	 97.226241	 97.225478	 97.224751	 97.224062	 97.223408	  97.22279	 97.222206	 97.221656	 97.221139	 97.220656	 97.220205	 97.219787	   97.2194	 97.219044	 97.218719	 97.218425	 97.218161	 97.217927	 97.217723	 97.217548	 97.217403	 97.217287	   97.2172	 97.217142	 97.217113	
        99	 98.969284	 98.938575	 98.907878	   98.8772	 98.846547	 98.815925	  98.78534	 98.754799	 98.724308	 98.693872	 98.663499	 98.633193	 98.602961	  98.57281	 98.542744	  98.51277	 98.482893	  98.45312	 98.423455	 98.393905	 98.364476	 98.335171	 98.305998	 98.276961	 98.248066	 98.219318	 98.190721	 98.162281	 98.134003	 98.105891	 98.077951	 98.050186	 98.022602	 97.995203	 97.967992	 97.940975	 97.914156	 97.887537	 97.861124	  97.83492	 97.808928	 97.783152	 97.757596	 97.732263	 97.707156	 97.682278	 97.657632	  97.63322	 97.609047	 97.585113	 97.561421	 97.537975	 97.514775	 97.491825	 97.469125	 97.446679	 97.424486	 97.402551	 97.380872	 97.359453	 97.338293	 97.317395	  97.29676	 97.276387	 97.256278	 97.236434	 97.216854	  97.19754	 97.178492	 97.159709	 97.141192	 97.122942	 97.104956	 97.087237	 97.069782	 97.052592	 97.035666	 97.019004	 97.002604	 96.986466	 96.970589	 96.954971	 96.939612	 96.924511	 96.909666	 96.895076	  96.88074	 96.866655	 96.852821	 96.839235	 96.825896	 96.812802	 96.799951	 96.787342	 96.774972	 96.762839	 96.750941	 96.739276	 96.727842	 96.716636	 96.705656	 96.694901	 96.684366	 96.674051	 96.663952	 96.654068	 96.644394	  96.63493	 96.625672	 96.616617	 96.607764	 96.599109	  96.59065	 96.582384	 96.574308	  96.56642	 96.558716	 96.551195	 96.543853	 96.536688	 96.529697	 96.522876	 96.516224	 96.509738	 96.503415	 96.497251	 96.491245	 96.485394	 96.479694	 96.474144	 96.468741	 96.463481	 96.458362	 96.453382	 96.448538	 96.443828	 96.439248	 96.434797	 96.430471	 96.426268	 96.422187	 96.418223	 96.414376	 96.410642	 96.407019	 96.403505	 96.400098	 96.396795	 96.393594	 96.390493	  96.38749	 96.384582	 96.381768	 96.379045	 96.376412	 96.373866	 96.371406	  96.36903	 96.366736	 96.364522	 96.362385	 96.360326	 96.358341	  96.35643	 96.354591	 96.352821	  96.35112	 96.349486	 96.347918	 96.346414	 96.344973	 96.343594	 96.342275	 96.341015	 96.339813	 96.338668	 96.337579	 96.336545	 96.335564	 96.334637	 96.333761	 96.332936	 96.332162	 96.331437	 96.330761	 96.330133	 96.329553	 96.329019	 96.328532	 96.328091	 96.327695	 96.327344	 96.327038	 96.326776	 96.326558	 96.326384	 96.326254	 96.326167	 96.326124	
        99	 98.959055	 98.918119	   98.8772	 98.836305	 98.795444	 98.754624	 98.713855	 98.673143	 98.632497	 98.591926	 98.551438	  98.51104	 98.470741	 98.430548	  98.39047	 98.350514	 98.310688	 98.270999	 98.231456	 98.192066	 98.152835	 98.113772	 98.074884	 98.036178	  97.99766	 97.959338	 97.921218	 97.883307	 97.845612	 97.808138	 97.770893	 97.733883	 97.697113	 97.660589	 97.624317	 97.588302	 97.552551	 97.517068	 97.481859	 97.446929	 97.412281	 97.377922	 97.343855	 97.310086	 97.276618	 97.243455	 97.210601	  97.17806	 97.145836	 97.113932	 97.082351	 97.051096	 97.020171	 96.989577	 96.959318	 96.929397	 96.899814	 96.870573	 96.841676	 96.813123	 96.784917	  96.75706	 96.729552	 96.702395	  96.67559	 96.649137	 96.623037	 96.597291	 96.571899	 96.546862	 96.522179	  96.49785	 96.473875	 96.450255	 96.426987	 96.404073	  96.38151	 96.359299	 96.337438	 96.315925	 96.294761	 96.273942	 96.253469	 96.233339	  96.21355	 96.194102	 96.174991	 96.156215	 96.137774	 96.119664	 96.101883	 96.084428	 96.067298	  96.05049	    96.034	 96.017827	 96.001967	 95.986417	 95.971175	 95.956238	 95.941602	 95.927264	 95.913222	 95.899471	  95.88601	 95.872833	 95.859938	 95.847322	 95.834981	 95.822911	  95.81111	 95.799573	 95.788296	 95.777277	 95.766512	 95.755997	 95.745728	 95.735702	 95.725916	 95.716364	 95.707044	 95.697953	 95.689086	 95.680439	  95.67201	 95.663794	 95.655788	 95.647988	 95.640391	 95.632992	 95.625789	 95.618778	 95.611955	 95.605316	 95.598859	  95.59258	 95.586475	 95.580541	 95.574775	 95.569173	 95.563732	 95.558449	  95.55332	 95.548343	 95.543513	 95.538829	 95.534287	 95.529884	 95.525617	 95.521484	  95.51748	 95.513604	 95.509853	 95.506223	 95.502713	  95.49932	 95.496041	 95.492873	 95.489815	 95.486863	 95.484016	 95.481271	 95.478625	 95.476077	 95.473625	 95.471266	 95.468999	 95.466821	  95.46473	 95.462725	 95.460805	 95.458966	 95.457208	 95.455528	 95.453926	   95.4524	 95.450948	  95.44957	 95.448263	 95.447026	 95.445859	  95.44476	 95.443727	 95.442761	  95.44186	 95.441023	 95.440249	 95.439538	 95.438889	   95.4383	 95.437773	 95.437305	 95.436897	 95.436548	 95.436257	 95.436025	 95.435852	 95.435736	 95.435678	
        99	 98.948835	  98.89768	 98.846547	 98.795444	 98.744383	 98.693374	 98.642427	 98.591553	 98.540762	 98.490064	 98.439469	 98.388987	 98.338628	 98.288402	  98.23832	  98.18839	 98.138623	 98.089027	 98.039614	  97.99039	 97.941368	 97.892554	 97.843958	  97.79559	 97.747457	 97.699569	 97.651934	  97.60456	 97.557455	 97.510628	 97.464086	 97.417837	 97.371888	 97.326247	 97.280921	 97.235917	 97.191241	 97.146901	 97.102903	 97.059253	 97.015957	 96.973021	 96.930451	 96.888252	  96.84643	 96.804989	 96.763934	  96.72327	 96.683002	 96.643134	  96.60367	 96.564614	 96.525969	 96.487739	 96.449927	 96.412536	 96.375569	 96.339029	 96.302918	 96.267238	 96.231992	 96.197181	 96.162807	 96.128871	 96.095374	 96.062318	 96.029703	 95.997531	   95.9658	 95.934513	 95.903669	 95.873267	 95.843308	 95.813791	 95.784716	 95.756082	 95.727887	 95.700131	 95.672813	 95.645931	 95.619483	 95.593468	 95.567884	 95.542729	 95.518001	 95.493698	 95.469816	 95.446355	  95.42331	 95.400679	 95.378459	 95.356648	 95.335242	 95.314237	 95.293632	 95.273421	 95.253602	 95.234171	 95.215125	 95.196459	 95.178169	 95.160253	 95.142705	 95.125522	   95.1087	 95.092234	 95.076121	 95.060356	 95.044934	 95.029851	 95.015104	 95.000687	 94.986596	 94.972827	 94.959374	 94.946234	 94.933402	 94.920874	 94.908644	 94.896708	 94.885062	 94.873701	 94.862621	 94.851816	 94.841282	 94.831016	 94.821011	 94.811264	  94.80177	 94.792525	 94.783524	 94.774762	 94.766236	 94.757941	 94.749872	 94.742025	 94.734396	 94.726981	 94.719776	 94.712775	 94.705976	 94.699374	 94.692965	 94.686745	 94.680711	 94.674857	 94.669181	 94.663679	 94.658347	 94.653182	 94.648179	 94.643335	 94.638648	 94.634113	 94.629726	 94.625486	 94.621388	  94.61743	 94.613608	  94.60992	 94.606362	 94.602931	 94.599625	 94.596441	 94.593377	 94.590429	 94.587596	 94.584874	 94.582262	 94.579757	 94.577356	 94.575059	 94.572861	 94.570763	 94.568761	 94.566854	  94.56504	 94.563317	 94.561684	 94.560138	  94.55868	 94.557306	 94.556016	 94.554809	 94.553683	 94.552637	  94.55167	 94.550781	  94.54997	 94.549235	 94.548575	 94.547991	 94.547481	 94.547044	 94.546682	 94.546392	 94.546175	  94.54603	 94.545958	
        99	 98.938625	 98.877262	 98.815925	 98.754624	 98.693374	 98.632186	 98.571073	 98.510047	  98.44912	 98.388305	 98.327613	 98.267057	  98.20665	 98.146401	 98.086325	 98.026431	 97.966733	 97.907241	 97.847966	  97.78892	 97.730115	  97.67156	 97.613267	 97.555247	 97.497509	 97.440065	 97.382924	 97.326096	 97.269592	  97.21342	  97.15759	 97.102112	 97.046994	 96.992245	 96.937874	  96.88389	 96.830299	 96.777111	 96.724333	 96.671973	 96.620037	 96.568533	 96.517468	 96.466848	 96.416679	 96.366969	 96.317722	 96.268944	  96.22064	 96.172816	 96.125477	 96.078626	  96.03227	 95.986411	 95.941053	 95.896201	 95.851858	 95.808026	 95.764709	 95.721909	 95.679629	 95.637872	 95.596638	  95.55593	 95.515749	 95.476096	 95.436973	 95.398381	 95.360319	 95.322788	 95.285788	  95.24932	 95.213383	 95.177976	 95.143098	  95.10875	 95.074929	 95.041634	 95.008865	 94.976618	 94.944893	 94.913687	 94.882997	 94.852823	  94.82316	 94.794007	  94.76536	 94.737216	 94.709572	 94.682426	 94.655772	 94.629608	  94.60393	 94.578735	 94.554017	 94.529773	 94.505999	 94.482691	 94.459844	 94.437453	 94.415514	 94.394022	 94.372973	 94.352361	 94.332182	  94.31243	 94.293102	  94.27419	 94.255691	 94.237599	 94.219908	 94.202614	 94.185712	 94.169194	 94.153058	 94.137296	 94.121903	 94.106874	 94.092204	 94.077886	 94.063916	 94.050288	 94.036997	 94.024036	   94.0114	 93.999085	 93.987084	 93.975392	 93.964003	 93.952913	 93.942116	 93.931606	 93.921378	 93.911428	 93.901748	 93.892336	 93.883185	  93.87429	 93.865647	 93.857249	 93.849093	 93.841174	 93.833486	 93.826025	 93.818786	 93.811765	 93.804956	 93.798356	  93.79196	 93.785764	 93.779763	 93.773953	 93.768329	 93.762889	 93.757628	 93.752541	 93.747626	 93.742878	 93.738293	 93.733869	   93.7296	 93.725485	  93.72152	 93.717701	 93.714025	 93.710489	  93.70709	 93.703825	 93.700691	 93.697686	 93.694807	 93.692051	 93.689415	 93.686898	 93.684497	 93.682209	 93.680033	 93.677966	 93.676007	 93.674153	 93.672404	 93.670756	 93.669209	  93.66776	 93.666409	 93.665155	 93.663995	 93.662929	 93.661956	 93.661074	 93.660283	 93.659582	  93.65897	 93.658446	 93.658011	 93.657663	 93.657403	  93.65723	 93.657143	
        99	 98.928427	 98.856869	  98.78534	 98.713855	 98.642427	 98.571073	 98.499806	  98.42864	  98.35759	  98.28667	 98.215894	 98.145277	 98.074832	 98.004574	 97.934515	  97.86467	 97.795053	 97.725676	 97.656553	 97.587696	  97.51912	 97.450837	 97.382858	 97.315197	 97.247867	 97.180878	 97.114243	 97.047973	  96.98208	 96.916575	 96.851469	 96.786773	 96.722497	 96.658652	 96.595247	 96.532293	 96.469798	 96.407773	 96.346225	 96.285165	   96.2246	 96.164539	 96.104989	 96.045958	 95.987454	 95.929484	 95.872054	 95.815171	 95.758842	 95.703072	 95.647867	 95.593233	 95.539174	 95.485695	 95.432802	 95.380497	 95.328786	 95.277671	 95.227157	 95.177246	 95.127941	 95.079245	 95.031161	 94.983689	 94.936832	 94.890591	 94.844967	 94.799962	 94.755576	  94.71181	 94.668662	 94.626135	 94.584226	 94.542937	 94.502264	 94.462209	 94.422768	 94.383942	 94.345727	 94.308123	 94.271126	 94.234735	 94.198947	 94.163759	 94.129168	  94.09517	 94.061763	 94.028944	 93.996707	  93.96505	 93.933968	 93.903457	 93.873512	  93.84413	 93.815306	 93.787034	  93.75931	 93.732129	 93.705485	 93.679374	  93.65379	 93.628727	  93.60418	 93.580144	 93.556612	 93.533579	 93.511038	 93.488985	 93.467412	 93.446314	 93.425684	 93.405517	 93.385805	 93.366544	 93.347726	 93.329345	 93.311395	 93.293869	 93.276761	 93.260065	 93.243773	 93.227881	 93.212381	 93.197267	 93.182532	  93.16817	 93.154175	  93.14054	  93.12726	 93.114327	 93.101735	 93.089479	 93.077552	 93.065948	 93.054661	 93.043685	 93.033013	  93.02264	 93.012561	 93.002768	 92.993257	 92.984022	 92.975056	 92.966356	 92.957914	 92.949726	 92.941786	  92.93409	 92.926631	 92.919405	 92.912407	 92.905631	 92.899074	  92.89273	 92.886594	 92.880663	  92.87493	 92.869393	 92.864047	 92.858887	  92.85391	 92.849111	 92.844487	 92.840033	 92.835746	 92.831623	 92.827659	 92.823852	 92.820198	 92.816693	 92.813336	 92.810121	 92.807048	 92.804113	 92.801312	 92.798644	 92.796107	 92.793697	 92.791412	  92.78925	  92.78721	 92.785288	 92.783484	 92.781795	  92.78022	 92.778757	 92.777404	 92.776161	 92.775026	 92.773997	 92.773075	 92.772257	 92.771544	 92.770934	 92.770426	 92.770021	 92.769717	 92.769514	 92.769413	
        99	 98.918244	 98.836505	 98.754799	 98.673143	 98.591553	 98.510047	  98.42864	 98.347349	  98.26619	  98.18518	 98.104335	  98.02367	 97.943203	 97.862948	 97.782922	  97.70314	 97.623617	  97.54437	 97.465412	 97.386759	 97.308426	 97.230427	 97.152777	  97.07549	  96.99858	  96.92206	 96.845944	 96.770246	 96.694978	 96.620153	 96.545784	 96.471883	 96.398463	 96.325533	 96.253108	 96.181196	  96.10981	  96.03896	 95.968656	 95.898908	 95.829726	  95.76112	 95.693097	 95.625668	  95.55884	 95.492622	 95.427022	 95.362046	 95.297702	 95.233998	 95.170938	 95.108531	  95.04678	 94.985693	 94.925274	 94.865528	 94.806459	 94.748072	 94.690371	 94.633359	 94.577039	 94.521415	 94.466489	 94.412263	 94.358739	 94.305919	 94.253805	 94.202396	 94.151695	 94.101702	 94.052416	 94.003838	 93.955967	 93.908802	 93.862343	 93.816589	 93.771537	 93.727186	 93.683535	  93.64058	  93.59832	 93.556751	 93.515871	 93.475676	 93.436164	 93.397329	 93.359169	  93.32168	 93.284857	 93.248695	 93.213191	 93.178339	 93.144135	 93.110572	 93.077646	 93.045352	 93.013684	 92.982635	 92.952201	 92.922375	 92.893151	 92.864522	 92.836483	 92.809027	 92.782147	 92.755837	 92.730089	 92.704898	 92.680256	 92.656156	 92.632591	 92.609554	 92.587038	 92.565036	 92.543541	 92.522545	 92.502041	 92.482022	  92.46248	 92.443408	 92.424799	 92.406645	  92.38894	 92.371675	 92.354844	 92.338439	 92.322453	 92.306878	 92.291708	 92.276935	 92.262552	 92.248552	 92.234928	 92.221673	  92.20878	 92.196242	 92.184052	 92.172204	  92.16069	 92.149504	  92.13864	  92.12809	  92.11785	 92.107911	 92.098268	 92.088915	 92.079846	 92.071054	 92.062534	  92.05428	 92.046287	 92.038547	 92.031057	  92.02381	 92.016801	 92.010026	 92.003478	 91.997153	 91.991046	 91.985152	 91.979467	 91.973985	 91.968703	 91.963616	 91.958719	 91.954009	 91.949481	 91.945133	 91.940958	 91.936955	  91.93312	 91.929448	 91.925938	 91.922585	 91.919386	 91.916339	  91.91344	 91.910687	 91.908077	 91.905608	 91.903277	 91.901082	 91.899021	 91.897092	 91.895292	 91.893621	 91.892076	 91.890656	 91.889359	 91.888185	 91.887131	 91.886197	 91.885382	 91.884685	 91.884105	 91.883642	 91.883295	 91.883064	 91.882949	
        99	 98.908078	 98.816174	 98.724308	 98.632497	 98.540762	  98.44912	  98.35759	  98.26619	 98.174939	 98.083855	 97.992957	 97.902262	 97.811788	 97.721553	 97.631576	 97.541872	 97.452461	 97.363359	 97.274582	 97.186149	 97.098075	 97.010377	 96.923071	 96.836173	 96.749698	 96.663663	 96.578082	 96.492971	 96.408343	 96.324214	 96.240597	 96.157506	 96.074955	 95.992957	 95.911525	 95.830672	 95.750408	 95.670748	 95.591701	  95.51328	 95.435495	 95.358357	 95.281876	 95.206062	 95.130924	 95.056472	 94.982713	 94.909658	 94.837313	 94.765686	 94.694786	 94.624617	 94.555188	 94.486505	 94.418572	 94.351396	 94.284983	 94.219335	 94.154459	 94.090357	 94.027034	 93.964493	 93.902736	 93.841767	 93.781588	 93.722199	 93.663604	 93.605803	 93.548797	 93.492587	 93.437172	 93.382553	 93.328729	   93.2757	 93.223464	 93.172019	 93.121365	   93.0715	  93.02242	 92.974124	 92.926608	  92.87987	 92.833907	 92.788714	 92.744288	 92.700624	 92.657719	 92.615568	 92.574166	 92.533507	 92.493588	 92.454402	 92.415944	 92.378208	 92.341188	 92.304878	 92.269272	 92.234362	 92.200143	 92.166608	  92.13375	 92.101561	 92.070036	 92.039165	 92.008943	  91.97936	 91.950411	 91.922087	 91.894381	 91.867284	 91.840789	 91.814887	 91.789572	 91.764834	 91.740665	 91.717058	 91.694005	 91.671496	 91.649524	 91.628081	 91.607157	 91.586746	 91.566839	 91.547428	 91.528503	 91.510058	 91.492084	 91.474573	 91.457516	 91.440906	 91.424735	 91.408994	 91.393676	 91.378773	 91.364276	 91.350179	 91.336473	 91.323151	 91.310206	 91.297629	 91.285414	 91.273553	 91.262038	 91.250864	 91.240022	 91.229506	 91.219309	 91.209424	 91.199845	 91.190564	 91.181576	 91.172875	 91.164453	 91.156305	 91.148425	 91.140806	 91.133445	 91.126333	 91.119467	  91.11284	 91.106448	 91.100284	 91.094345	 91.088625	  91.08312	 91.077824	 91.072733	 91.067844	  91.06315	 91.058649	 91.054337	 91.050209	 91.046262	 91.042492	 91.038895	 91.035469	  91.03221	 91.029114	  91.02618	 91.023404	 91.020783	 91.018315	 91.015998	 91.013829	 91.011806	 91.009927	 91.008189	 91.006593	 91.005135	 91.003814	 91.002629	 91.001579	 91.000663	 90.999879	 90.999227	 90.998707	 90.998317	 90.998057	 90.997927	
        99	  98.89793	  98.79588	 98.693872	 98.591926	 98.490064	 98.388305	  98.28667	  98.18518	 98.083855	 97.982716	 97.881783	 97.781075	 97.680613	 97.580417	 97.480506	   97.3809	 97.281618	 97.182679	 97.084102	 96.985906	 96.888109	 96.790729	 96.693785	 96.597294	 96.501273	  96.40574	 96.310711	 96.216203	 96.122233	 96.028816	 95.935968	 95.843705	 95.752041	  95.66099	 95.570568	 95.480789	 95.391665	  95.30321	 95.215437	 95.128359	 95.041986	 94.956333	 94.871408	 94.787224	 94.703792	  94.62112	 94.539219	 94.458098	 94.377767	 94.298233	 94.219505	  94.14159	 94.064497	  93.98823	 93.912799	 93.838207	 93.764461	 93.691566	 93.619528	 93.548349	 93.478036	  93.40859	 93.340016	 93.272316	 93.205493	 93.139549	 93.074485	 93.010303	 92.947004	 92.884588	 92.823056	 92.762407	 92.702641	 92.643757	 92.585754	 92.528631	 92.472385	 92.417014	 92.362516	 92.308888	 92.256127	 92.204229	 92.153192	 92.103009	 92.053679	 92.005195	 91.957553	 91.910749	 91.864776	 91.819629	 91.775303	 91.731791	 91.689087	 91.647185	 91.606078	  91.56576	 91.526223	 91.487459	 91.449463	 91.412226	  91.37574	 91.339998	 91.304992	 91.270713	 91.237154	 91.204306	 91.172161	  91.14071	 91.109945	 91.079857	 91.050437	 91.021676	 90.993566	 90.966097	  90.93926	 90.913047	 90.887448	 90.862455	 90.838057	 90.814246	 90.791013	 90.768349	 90.746244	  90.72469	 90.703676	 90.683195	 90.663236	 90.643792	 90.624852	 90.606409	 90.588452	 90.570973	 90.553964	 90.537416	 90.521319	 90.505665	 90.490447	 90.475654	 90.461279	 90.447314	  90.43375	  90.42058	 90.407794	 90.395386	 90.383348	 90.371671	 90.360348	 90.349372	 90.338735	  90.32843	 90.318449	 90.308787	 90.299436	 90.290388	 90.281638	 90.273179	 90.265004	 90.257108	 90.249483	 90.242125	 90.235027	 90.228183	 90.221588	 90.215237	 90.209124	 90.203243	 90.197591	 90.192161	  90.18695	 90.181952	 90.177163	  90.17258	 90.168197	  90.16401	 90.160017	 90.156212	 90.152593	 90.149156	 90.145898	 90.142815	 90.139905	 90.137165	 90.134592	 90.132183	 90.129937	  90.12785	 90.125921	 90.124148	  90.12253	 90.121063	 90.119748	 90.118582	 90.117564	 90.116694	  90.11597	 90.115392	 90.114959	  90.11467	 90.114526	
        99	 98.887802	 98.775628	 98.663499	 98.551438	 98.439469	 98.327613	 98.215894	 98.104335	 97.992957	 97.881783	 97.770835	 97.660135	 97.549706	 97.439568	 97.329744	 97.220256	 97.111123	 97.002367	  96.89401	 96.786071	  96.67857	 96.571529	 96.464966	 96.358901	 96.253353	 96.148341	 96.043884	 95.939999	 95.836705	  95.73402	  95.63196	 95.530542	 95.429783	 95.329699	 95.230305	 95.131618	 95.033651	  94.93642	 94.839938	  94.74422	 94.649278	 94.555126	 94.461775	 94.369239	 94.277528	 94.186654	 94.096627	 94.007457	 93.919156	 93.831731	 93.745191	 93.659546	 93.574803	  93.49097	 93.408054	 93.326061	 93.244998	 93.164871	 93.085685	 93.007445	 92.930155	 92.853819	 92.778441	 92.704024	  92.63057	 92.558083	 92.486564	 92.416014	 92.346434	 92.277825	 92.210188	 92.143522	 92.077826	   92.0131	 91.949342	 91.886551	 91.824724	  91.76386	 91.703954	 91.645006	  91.58701	 91.529963	 91.473861	   91.4187	 91.364475	 91.311181	 91.258812	 91.207364	 91.156829	 91.107203	 91.058479	  91.01065	 90.963709	  90.91765	 90.872464	 90.828145	 90.784685	 90.742076	  90.70031	 90.659378	 90.619272	 90.579984	 90.541504	 90.503825	 90.466936	 90.430829	 90.395495	 90.360923	 90.327106	 90.294032	 90.261693	 90.230078	 90.199179	 90.168985	 90.139485	 90.110671	 90.082533	 90.055059	 90.028241	 90.002068	  89.97653	 89.951617	 89.927319	 89.903625	 89.880527	 89.858013	 89.836075	 89.814701	 89.793882	 89.773609	  89.75387	 89.734658	 89.715961	  89.69777	 89.680077	  89.66287	 89.646141	 89.629881	  89.61408	 89.598729	  89.58382	 89.569342	 89.555288	 89.541649	 89.528416	  89.51558	 89.503134	 89.491069	 89.479377	 89.468049	 89.457079	 89.446458	 89.436178	 89.426233	 89.416615	 89.407316	 89.398331	 89.389651	  89.38127	 89.373181	 89.365379	 89.357856	 89.350607	 89.343626	 89.336906	 89.330442	 89.324228	  89.31826	 89.312532	 89.307038	 89.301775	 89.296736	 89.291918	 89.287316	 89.282927	 89.278745	 89.274767	 89.270989	 89.267407	 89.264018	  89.26082	 89.257808	 89.254979	 89.252331	 89.249862	 89.247568	 89.245448	 89.243499	  89.24172	 89.240108	 89.238662	  89.23738	 89.236262	 89.235305	 89.234509	 89.233874	 89.233398	 89.233081	 89.232922	
        99	 98.877698	  98.75542	 98.633193	  98.51104	 98.388987	 98.267057	 98.145277	  98.02367	 97.902262	 97.781075	 97.660135	 97.539466	 97.419091	 97.299035	  97.17932	  97.05997	 96.941009	 96.822459	 96.704343	 96.586682	   96.4695	 96.352819	 96.236658	 96.121041	 96.005987	 95.891518	 95.777653	 95.664413	 95.551816	 95.439883	 95.328631	  95.21808	 95.108246	 94.999148	 94.890803	 94.783228	 94.676438	 94.570451	  94.46528	 94.360941	 94.257449	 94.154817	 94.053059	 93.952189	 93.852218	  93.75316	 93.655025	 93.557825	 93.461571	 93.366272	 93.271939	  93.17858	 93.086205	 92.994822	 92.904439	 92.815062	 92.726698	 92.639355	 92.553037	  92.46775	 92.383499	 92.300289	 92.218122	 92.137003	 92.056934	 91.977919	 91.899958	 91.823055	 91.747209	 91.672421	 91.598692	 91.526022	 91.454409	 91.383854	 91.314354	 91.245908	 91.178513	 91.112167	 91.046867	 90.982609	  90.91939	 90.857205	 90.796051	 90.735922	 90.676813	 90.618719	 90.561634	 90.505552	 90.450467	 90.396372	 90.343259	 90.291123	 90.239954	 90.189747	 90.140492	 90.092182	 90.044807	 89.998361	 89.952833	 89.908214	 89.864497	  89.82167	 89.779725	 89.738652	 89.698441	 89.659082	 89.620566	 89.582881	 89.546018	 89.509965	 89.474714	 89.440252	  89.40657	 89.373656	   89.3415	 89.310091	 89.279418	  89.24947	 89.220237	 89.191707	 89.163869	 89.136712	 89.110225	 89.084398	  89.05922	 89.034679	 89.010764	 88.987466	 88.964772	 88.942672	 88.921156	 88.900213	 88.879833	 88.860004	 88.840717	  88.82196	 88.803725	    88.786	 88.768776	 88.752043	 88.735791	  88.72001	  88.70469	 88.689822	 88.675397	 88.661406	 88.647839	 88.634687	 88.621941	 88.609594	 88.597635	 88.586058	 88.574853	 88.564012	 88.553527	 88.543392	 88.533596	 88.524135	 88.514999	 88.506182	 88.497677	 88.489477	 88.481575	 88.473965	 88.466639	 88.459593	 88.452821	 88.446315	  88.44007	 88.434082	 88.428344	 88.422852	   88.4176	 88.412584	 88.407799	 88.403241	 88.398904	 88.394786	 88.390882	 88.387188	 88.383701	 88.380418	 88.377335	 88.374448	 88.371757	 88.369257	 88.366945	 88.364821	 88.362881	 88.361124	 88.359548	 88.358151	 88.356931	 88.355889	 88.355021	 88.354328	  88.35381	 88.353464	 88.353291	
        99	 98.867618	 98.735263	 98.602961	 98.470741	 98.338628	  98.20665	 98.074832	 97.943203	 97.811788	 97.680613	 97.549706	 97.419091	 97.288795	 97.158844	 97.029262	 96.900076	  96.77131	  96.64299	 96.515138	 96.387781	 96.260941	 96.134642	 96.008908	 95.883762	 95.759226	 95.635322	 95.512073	 95.389499	 95.267623	 95.146464	 95.026043	  94.90638	 94.787494	 94.669405	  94.55213	 94.435689	 94.320098	 94.205375	 94.091536	 93.978597	 93.866575	 93.755485	 93.645341	 93.536157	 93.427947	 93.320724	 93.214501	  93.10929	 93.005103	  92.90195	 92.799842	 92.698789	   92.5988	 92.499886	 92.402053	 92.305309	 92.209663	 92.115121	 92.021689	 91.929373	 91.838178	  91.74811	 91.659171	 91.571366	 91.484699	 91.399171	 91.314785	 91.231543	 91.149446	 91.068494	 90.988689	 90.910029	 90.832514	 90.756144	 90.680916	 90.606828	 90.533879	 90.462065	 90.391383	 90.321829	 90.253399	  90.18609	 90.119895	 90.054811	  89.99083	 89.927948	 89.866158	 89.805454	 89.745829	 89.687275	 89.629785	 89.573351	 89.517966	  89.46362	 89.410306	 89.358014	 89.306735	 89.256461	  89.20718	 89.158885	 89.111564	 89.065207	 89.019806	 88.975347	 88.931822	  88.88922	 88.847528	 88.806738	 88.766836	 88.727813	 88.689656	 88.652354	 88.615895	 88.580269	 88.545463	 88.511465	 88.478264	 88.445848	 88.414205	 88.383323	 88.353191	 88.323796	 88.295127	 88.267171	 88.239917	 88.213354	 88.187468	 88.162249	 88.137685	 88.113764	 88.090475	 88.067806	 88.045746	 88.024282	 88.003405	 87.983103	 87.963365	  87.94418	 87.925536	 87.907424	 87.889832	  87.87275	 87.856168	 87.840075	 87.824461	 87.809316	 87.794631	 87.780395	 87.766599	 87.753234	  87.74029	 87.727758	 87.715629	 87.703895	 87.692547	 87.681575	 87.670973	 87.660732	 87.650843	 87.641299	 87.632093	 87.623217	 87.614664	 87.606426	 87.598498	 87.590871	  87.58354	 87.576498	 87.569739	 87.563257	 87.557046	 87.551101	 87.545417	 87.539987	 87.534808	 87.529873	  87.52518	 87.520722	 87.516496	 87.512498	 87.508724	  87.50517	 87.501832	 87.498708	 87.495795	 87.493088	 87.490587	 87.488287	 87.486188	 87.484286	  87.48258	 87.481067	 87.479748	 87.478619	  87.47768	  87.47693	 87.476368	 87.475994	 87.475807	
        99	 98.857565	 98.715158	  98.57281	 98.430548	 98.288402	 98.146401	 98.004574	 97.862948	 97.721553	 97.580417	 97.439568	 97.299035	 97.158844	 97.019024	 96.879602	 96.740605	 96.602061	 96.463995	 96.326434	 96.189405	 96.052933	 95.917043	 95.781761	  95.64711	 95.513117	 95.379804	 95.247195	 95.115313	 94.984181	 94.853821	 94.724255	 94.595505	 94.467591	 94.340533	 94.214353	 94.089068	 93.964699	 93.841264	  93.71878	 93.597265	 93.476736	 93.357209	   93.2387	 93.121225	 93.004797	 92.889432	 92.775142	 92.661941	 92.549841	 92.438855	 92.328993	 92.220266	 92.112684	 92.006258	 91.900995	 91.796905	 91.693995	 91.592273	 91.491746	  91.39242	 91.294299	 91.197391	 91.101698	 91.007225	 90.913976	 90.821953	 90.731159	 90.641595	 90.553263	 90.466164	 90.380298	 90.295665	 90.212264	 90.130094	 90.049153	 89.969439	  89.89095	 89.813682	 89.737632	 89.662796	  89.58917	 89.516749	 89.445527	   89.3755	 89.306661	 89.239003	 89.172521	 89.107207	 89.043054	 88.980053	 88.918197	 88.857478	 88.797887	 88.739414	 88.682051	 88.625788	 88.570615	 88.516522	 88.463499	 88.411536	 88.360622	 88.310745	 88.261895	 88.214061	  88.16723	 88.121392	 88.076535	 88.032647	 87.989715	 87.947728	 87.906673	 87.866538	 87.827311	 87.788979	  87.75153	 87.714951	 87.679228	 87.644351	 87.610305	 87.577078	 87.544657	  87.51303	 87.482183	 87.452105	 87.422781	   87.3942	 87.366349	 87.339215	 87.312785	 87.287048	  87.26199	 87.237599	 87.213864	 87.190771	 87.168308	 87.146464	 87.125227	 87.104585	 87.084525	 87.065037	  87.04611	  87.02773	 87.009889	 86.992574	 86.975774	  86.95948	 86.943679	 86.928362	 86.913519	 86.899138	 86.885211	 86.871728	 86.858678	 86.846053	 86.833842	 86.822038	  86.81063	 86.799611	 86.788972	 86.778703	 86.768798	 86.759248	 86.750045	 86.741182	 86.732651	 86.724445	 86.716557	  86.70898	 86.701708	 86.694734	 86.688052	 86.681655	 86.675539	 86.669697	 86.664124	 86.658815	 86.653765	 86.648969	 86.644422	  86.64012	  86.63606	 86.632236	 86.628645	 86.625284	 86.622149	 86.619237	 86.616545	 86.614071	 86.611812	 86.609766	  86.60793	 86.606303	 86.604883	 86.603668	 86.602658	 86.601852	 86.601247	 86.600845	 86.600643	
        99	  98.84754	 98.695111	 98.542744	  98.39047	  98.23832	 98.086325	 97.934515	 97.782922	 97.631576	 97.480506	 97.329744	  97.17932	 97.029262	 96.879602	 96.730367	 96.581588	 96.433292	  96.28551	 96.138268	 95.991594	 95.845517	 95.700063	  95.55526	 95.411133	 95.267709	 95.125013	 94.983071	 94.841907	 94.701546	 94.562011	 94.423326	 94.285514	 94.148598	 94.012598	 93.877537	 93.743435	 93.610313	  93.47819	 93.347085	 93.217018	 93.088006	 92.960067	 92.833217	 92.707474	 92.582852	 92.459367	 92.337034	 92.215866	 92.095876	 91.977079	 91.859484	 91.743105	 91.627952	 91.514035	 91.401364	 91.289948	 91.179796	 91.070914	 90.963312	 90.856995	 90.751969	 90.648239	 90.545812	  90.44469	 90.344878	 90.246378	 90.149194	 90.053327	 89.958778	 89.865549	  89.77364	  89.68305	 89.593779	 89.505826	 89.419188	 89.333864	 89.249851	 89.167145	 89.085742	  89.00564	 88.926832	 88.849313	 88.773079	 88.698123	 88.624439	  88.55202	 88.480859	 88.410948	 88.342279	 88.274845	 88.208636	 88.143643	 88.079857	 88.017269	 87.955869	 87.895646	  87.83659	  87.77869	 87.721936	 87.666315	 87.611818	 87.558431	 87.506143	 87.454942	 87.404815	 87.355751	 87.307737	  87.26076	 87.214806	 87.169864	  87.12592	 87.082961	 87.040973	 86.999943	 86.959858	 86.920704	 86.882468	 86.845135	 86.808693	 86.773128	 86.738425	 86.704572	 86.671554	 86.639359	 86.607971	 86.577379	 86.547567	 86.518524	 86.490234	 86.462685	 86.435864	 86.409756	  86.38435	 86.359632	 86.335589	 86.312207	 86.289475	  86.26738	 86.245909	 86.225049	  86.20479	 86.185117	  86.16602	 86.147486	 86.129504	 86.112062	  86.09515	 86.078755	 86.062867	 86.047474	 86.032567	 86.018135	 86.004167	 85.990653	 85.977583	 85.964948	 85.952737	 85.940942	 85.929554	 85.918563	 85.907961	 85.897738	 85.887888	 85.878401	  85.86927	 85.860486	 85.852043	 85.843933	 85.836149	 85.828684	 85.821532	 85.814685	 85.808138	 85.801885	  85.79592	 85.790237	 85.784832	 85.779698	 85.774831	 85.770227	  85.76588	 85.761787	 85.757943	 85.754346	  85.75099	 85.747873	 85.744992	 85.742344	 85.739926	 85.737736	 85.735771	 85.734029	 85.732509	 85.731209	 85.730128	 85.729264	 85.728617	 85.728187	 85.727971	
        99	 98.837546	 98.675125	  98.51277	 98.350514	  98.18839	 98.026431	  97.86467	  97.70314	 97.541872	   97.3809	 97.220256	  97.05997	 96.900076	 96.740605	 96.581588	 96.423056	 96.265039	 96.107569	 95.950675	 95.794387	 95.638734	 95.483745	 95.329449	 95.175875	 95.023049	 94.870999	 94.719752	 94.569335	 94.419772	 94.271091	 94.123315	 93.976469	 93.830578	 93.685663	 93.541748	 93.398856	 93.257007	 93.116223	 92.976524	 92.837931	 92.700462	 92.564136	 92.428971	 92.294985	 92.162194	 92.030614	 91.900262	 91.771151	 91.643296	 91.516711	 91.391408	   91.2674	 91.144698	 91.023314	 90.903257	 90.784537	 90.667164	 90.551146	  90.43649	 90.323203	 90.211292	 90.100763	 89.991621	 89.883871	 89.777516	 89.672559	 89.569004	 89.466853	 89.366106	 89.266766	 89.168832	 89.072304	 88.977181	 88.883462	 88.791145	 88.700228	 88.610707	  88.52258	 88.435841	 88.350488	 88.266514	 88.183914	 88.102682	 88.022813	 87.944299	 87.867133	 87.791307	 87.716813	 87.643643	 87.571788	 87.501238	 87.431985	 87.364018	 87.297328	 87.231902	 87.167732	 87.104804	 87.043109	 86.982634	 86.923368	 86.865297	 86.808411	 86.752695	 86.698138	 86.644726	 86.592445	 86.541284	 86.491227	 86.442261	 86.394373	 86.347548	 86.301773	 86.257032	 86.213313	   86.1706	  86.12888	 86.088137	 86.048357	 86.009526	 85.971629	 85.934652	  85.89858	 85.863398	 85.829092	 85.795647	 85.763049	 85.731283	 85.700336	 85.670192	 85.640837	 85.612257	 85.584439	 85.557367	 85.531028	 85.505409	 85.480495	 85.456273	 85.432729	 85.409851	 85.387624	 85.366036	 85.345073	 85.324724	 85.304976	 85.285815	  85.26723	 85.249209	 85.231739	  85.21481	 85.198408	 85.182524	 85.167145	 85.152261	 85.137862	 85.123935	 85.110472	 85.097461	 85.084893	 85.072758	 85.061046	 85.049749	 85.038857	  85.02836	 85.018252	 85.008522	 84.999162	 84.990166	 84.981524	  84.97323	 84.965276	 84.957654	 84.950359	 84.943383	  84.93672	 84.930364	 84.924309	 84.918549	 84.913078	 84.907893	 84.902986	 84.898355	 84.893993	 84.889898	 84.886064	 84.882489	 84.879168	 84.876098	 84.873276	   84.8707	 84.868366	 84.866272	 84.864416	 84.862796	 84.861411	 84.860259	 84.859339	 84.858649	  84.85819	 84.857961	
        99	 98.827584	 98.655204	 98.482893	 98.310688	 98.138623	 97.966733	 97.795053	 97.623617	 97.452461	 97.281618	 97.111123	 96.941009	  96.77131	 96.602061	 96.433292	 96.265039	 96.097333	 95.930207	 95.763692	 95.597821	 95.432623	 95.268131	 95.104374	 94.941382	 94.779185	 94.617811	  94.45729	 94.297649	 94.138916	 93.981118	  93.82428	  93.66843	 93.513592	 93.359791	 93.207052	 93.055397	  92.90485	 92.755434	 92.607169	 92.460077	 92.314179	 92.169493	  92.02604	 91.883838	 91.742905	 91.603257	 91.464911	 91.327883	 91.192188	 91.057841	 90.924854	 90.793242	 90.663016	 90.534189	  90.40677	 90.280771	   90.1562	 90.033068	 89.911381	 89.791148	 89.672375	 89.555068	 89.439234	 89.324876	 89.211999	 89.100607	 88.990702	 88.882287	 88.775363	 88.669931	 88.565991	 88.463544	 88.362589	 88.263123	 88.165145	 88.068653	 87.973643	 87.880111	 87.788054	 87.697467	 87.608344	 87.520679	 87.434467	   87.3497	 87.266371	 87.184473	 87.103997	 87.024936	 86.947279	 86.871018	 86.796142	 86.722643	 86.650508	 86.579728	 86.510291	 86.442185	 86.375399	 86.309921	 86.245738	 86.182837	 86.121206	 86.060831	 86.001699	 85.943796	 85.887109	 85.831623	 85.777324	 85.724198	 85.672229	 85.621405	 85.571709	 85.523126	 85.475643	 85.429242	  85.38391	 85.339632	  85.29639	 85.254172	 85.212959	 85.172739	 85.133494	  85.09521	 85.057871	 85.021461	 84.985965	 84.951368	 84.917655	  84.88481	 84.852817	 84.821662	  84.79133	 84.761806	 84.733074	  84.70512	  84.67793	 84.651488	 84.625781	 84.600794	 84.576512	 84.552922	  84.53001	 84.507763	 84.486166	 84.465206	 84.444871	 84.425146	  84.40602	 84.387479	 84.369511	 84.352104	 84.335246	 84.318924	 84.303128	 84.287845	 84.273064	 84.258775	 84.244967	 84.231628	 84.218749	 84.206319	 84.194329	 84.182769	 84.171629	 84.160901	 84.150574	 84.140641	 84.131093	 84.121921	 84.113118	 84.104676	 84.096587	 84.088845	 84.081441	  84.07437	 84.067624	 84.061197	 84.055084	 84.049278	 84.043774	 84.038567	 84.033652	 84.029023	 84.024676	 84.020608	 84.016813	 84.013288	  84.01003	 84.007035	 84.004301	 84.001824	 83.999601	 83.997632	 83.995913	 83.994443	  83.99322	 83.992243	 83.991512	 83.991024	 83.990781	
