Time step 89:
        99	        99	        99	        99	        99	        99	        99	        99	        99	        99	        99	        99	        99	        99	        99	        99	        99	        99	        99	        99	        99	        99	        99	        99	        99	        99	        99	        99	        99	        99	        99	        99	        99	        99	        99	        99	        99	        99	        99	        99	        99	        99	        99	        99	        99	        99	        99	        99	        99	        99	        99	        99	        99	        99	        99	        99	        99	        99	        99	        99	        99	        99	        99	        99	        99	        99	        99	        99	        99	        99	        99	        99	        99	        99	        99	        99	        99	        99	        99	        99	        99	        99	        99	        99	        99	        99	        99	        99	        99	        99	        99	        99	        99	        99	        99	        99	        99	        99	        99	        99	        99	        99	        99	        99	        99	        99	        99	        99	        99	        99	        99	        99	        99	        99	        99	        99	        99	        99	        99	        99	        99	        99	        99	        99	        99	        99	        99	        99	        99	        99	        99	        99	        99	        99	        99	        99	        99	        99	        99	        99	        99	        99	        99	        99	        99	        99	        99	        99	        99	        99	        99	        99	        99	        99	        99	        99	        99	        99	        99	        99	        99	        99	        99	        99	        99	        99	        99	        99	        99	        99	        99	        99	        99	        99	        99	        99	        99	        99	        99	        99	        99	        99	        99	        99	        99	        99	        99	        99	        99	        99	        99	        99	        99	        99	        99	        99	        99	        99	        99	        99	
        99	 98.992866	 98.985733	 98.978602	 98.971473	 98.964349	  98.95723	 98.950117	 98.943012	 98.935914	 98.928825	 98.921746	 98.914679	 98.907623	  98.90058	 98.893552	 98.886538	  98.87954	 98.872559	 98.865596	 98.858652	 98.851727	 98.844823	 98.837941	 98.831081	 98.824244	 98.817432	 98.810644	 98.803883	 98.797148	 98.790441	 98.783763	 98.777114	 98.770495	 98.763907	 98.757351	 98.750827	 98.744336	  98.73788	 98.731458	 98.725072	 98.718722	 98.712409	 98.706133	 98.699896	 98.693697	 98.687538	 98.681419	 98.675341	 98.669304	 98.663309	 98.657356	 98.651447	 98.645581	 98.639759	 98.633981	 98.628249	 98.622562	 98.616921	 98.611326	 98.605778	 98.600277	 98.594823	 98.589418	 98.584061	 98.578752	 98.573492	 98.568281	  98.56312	 98.558008	 98.552947	 98.547936	 98.542975	 98.538064	 98.533205	 98.528396	 98.523639	 98.518933	 98.514278	 98.509675	 98.505123	 98.500623	 98.496175	 98.491778	 98.487434	 98.483141	   98.4789	  98.47471	 98.470573	 98.466487	 98.462453	 98.458471	  98.45454	 98.450661	 98.446833	 98.443056	  98.43933	 98.435656	 98.432032	 98.428459	 98.424936	 98.421464	 98.418042	  98.41467	 98.411347	 98.408074	 98.404851	 98.401676	  98.39855	 98.395473	 98.392444	 98.389463	 98.386529	 98.383643	 98.380804	 98.378012	 98.375266	 98.372567	 98.369913	 98.367305	 98.364742	 98.362224	 98.359751	 98.357321	 98.354936	 98.352594	 98.350295	 98.348039	 98.345825	 98.343653	 98.341523	 98.339434	 98.337386	 98.335379	 98.333412	 98.331484	 98.329596	 98.327747	 98.325937	 98.324165	 98.322431	 98.320734	 98.319075	 98.317452	 98.315866	 98.314316	 98.312802	 98.311322	 98.309878	 98.308468	 98.307093	 98.305752	 98.304443	 98.303169	 98.301927	 98.300717	  98.29954	 98.298394	  98.29728	 98.296197	 98.295145	 98.294124	 98.293133	 98.292172	  98.29124	 98.290338	 98.289465	  98.28862	 98.287805	 98.287017	 98.286258	 98.285526	 98.284822	 98.284145	 98.283495	 98.282872	 98.282276	 98.281706	 98.281162	 98.280644	 98.280153	 98.279687	 98.279246	 98.278831	 98.278441	 98.278076	 98.277736	  98.27742	  98.27713	 98.276864	 98.276622	 98.276405	 98.276213	 98.276044	   98.2759	  98.27578	 98.275684	 98.275612	 98.275564	  98.27554	
        99	 98.985733	 98.971467	 98.957206	 98.942951	 98.928704	 98.914467	 98.900242	 98.886031	 98.871837	  98.85766	 98.843504	 98.829369	 98.815259	 98.801175	 98.787119	 98.773092	 98.759098	 98.745137	 98.731212	 98.717324	 98.703476	 98.689669	 98.675905	 98.662186	 98.648513	 98.634889	 98.621315	 98.607793	 98.594325	 98.580912	 98.567556	 98.554259	 98.541022	 98.527847	 98.514736	 98.501689	 98.488709	 98.475797	 98.462955	 98.450183	 98.437484	 98.424858	 98.412308	 98.399834	 98.387438	  98.37512	 98.362883	 98.350728	 98.338655	 98.326666	 98.314762	 98.302943	 98.291212	 98.279569	 98.268015	  98.25655	 98.245177	 98.233896	 98.222707	 98.211611	  98.20061	 98.189704	 98.178894	  98.16818	 98.157563	 98.147044	 98.136624	 98.126302	  98.11608	 98.105957	 98.095935	 98.086014	 98.076194	 98.066476	  98.05686	 98.047346	 98.037934	 98.028625	 98.019419	 98.010317	 98.001317	 97.992421	 97.983629	  97.97494	 97.966355	 97.957873	 97.949495	 97.941221	  97.93305	 97.924983	 97.917018	 97.909157	 97.901399	 97.893744	 97.886191	  97.87874	 97.871392	 97.864145	 97.856999	 97.849954	  97.84301	 97.836167	 97.829423	 97.822778	 97.816233	 97.809786	 97.803437	 97.797186	 97.791031	 97.784974	 97.779012	 97.773145	 97.767373	 97.761696	 97.756112	 97.750621	 97.745223	 97.739916	   97.7347	 97.729574	 97.724539	 97.719592	 97.714734	 97.709963	 97.705279	 97.700682	  97.69617	 97.691743	 97.687399	  97.68314	 97.678962	 97.674867	 97.670852	 97.666918	 97.663064	 97.659288	  97.65559	  97.65197	 97.648426	 97.644958	 97.641565	 97.638247	 97.635002	 97.631829	 97.628729	 97.625701	 97.622742	 97.619854	 97.617035	 97.614284	 97.611602	 97.608986	 97.606436	 97.603952	 97.601534	 97.599179	 97.596888	  97.59466	 97.592495	 97.590391	 97.588348	 97.586366	 97.584444	 97.582581	 97.580776	  97.57903	 97.577342	  97.57571	 97.574135	 97.572617	 97.571153	 97.569745	 97.568391	 97.567092	 97.565846	 97.564653	 97.563514	 97.562426	 97.561391	 97.560407	 97.559475	 97.558594	 97.557764	 97.556984	 97.556254	 97.555574	 97.554943	 97.554362	  97.55383	 97.553348	 97.552913	 97.552528	 97.552191	 97.551902	 97.551662	  97.55147	 97.551326	  97.55123	 97.551182	
        99	 98.978602	 98.957206	 98.935817	 98.914436	 98.893068	 98.871715	 98.850381	 98.829067	 98.807778	 98.786515	 98.765283	 98.744084	 98.722921	 98.701798	 98.680716	 98.659679	 98.638689	 98.617751	 98.596865	 98.576036	 98.555266	 98.534558	 98.513915	 98.493338	 98.472832	 98.452398	  98.43204	  98.41176	  98.39156	 98.371443	 98.351411	 98.331468	 98.311615	 98.291855	  98.27219	 98.252622	 98.233154	 98.213789	 98.194527	 98.175372	 98.156325	 98.137389	 98.118566	 98.099857	 98.081265	 98.062792	 98.044438	 98.026207	   98.0081	 97.990118	 97.972264	 97.954539	 97.936944	 97.919481	 97.902152	 97.884957	   97.8679	 97.850979	 97.834198	 97.817557	 97.801057	   97.7847	 97.768487	 97.752418	 97.736494	 97.720718	 97.705089	 97.689608	 97.674276	 97.659095	 97.644063	 97.629183	 97.614455	  97.59988	 97.585457	 97.571187	 97.557072	  97.54311	 97.529303	  97.51565	 97.502153	 97.488811	 97.475623	 97.462592	 97.449716	 97.436995	 97.424429	 97.412019	 97.399764	 97.387665	  97.37572	  97.36393	 97.352294	 97.340812	 97.329484	 97.318309	 97.307288	 97.296418	 97.285701	 97.275136	 97.264721	 97.254456	 97.244342	 97.234376	 97.224559	  97.21489	 97.205368	 97.195992	 97.186762	 97.177676	 97.168734	 97.159935	 97.151279	 97.142764	 97.134389	 97.126153	 97.118056	 97.110097	 97.102274	 97.094587	 97.087034	 97.079615	 97.072329	 97.065174	 97.058149	 97.051253	 97.044486	 97.037846	 97.031332	 97.024943	 97.018678	 97.012535	 97.006514	 97.000614	 96.994833	  96.98917	 96.983624	 96.978194	 96.972879	 96.967678	 96.962589	 96.957612	 96.952745	 96.947987	 96.943337	 96.938795	 96.934358	 96.930026	 96.925798	 96.921673	 96.917649	 96.913725	 96.909902	 96.906176	 96.902548	 96.899017	 96.895581	  96.89224	 96.888992	 96.885836	 96.882773	   96.8798	 96.876917	 96.874123	 96.871416	 96.868798	 96.866265	 96.863818	 96.861456	 96.859178	 96.856983	 96.854871	 96.852841	 96.850892	 96.849023	 96.847235	 96.845525	 96.843894	 96.842342	 96.840867	 96.839468	 96.838147	 96.836901	 96.835731	 96.834637	 96.833617	 96.832671	   96.8318	 96.831002	 96.830278	 96.829627	 96.829049	 96.828543	 96.828111	  96.82775	 96.827462	 96.827246	 96.827102	  96.82703	
        99	 98.971473	 98.942951	 98.914436	 98.885934	 98.857448	 98.828982	  98.80054	 98.772127	 98.743746	 98.715401	 98.687096	 98.658836	 98.630623	 98.602463	 98.574358	 98.546313	 98.518332	 98.490419	 98.462576	 98.434809	  98.40712	 98.379514	 98.351993	 98.324563	 98.297226	 98.269986	 98.242846	 98.215809	 98.188881	 98.162062	 98.135358	 98.108771	 98.082305	 98.055963	 98.029747	 98.003661	 97.977708	 97.951892	 97.926214	 97.900678	 97.875287	 97.850043	 97.824949	 97.800009	 97.775223	 97.750596	 97.726129	 97.701824	 97.677685	 97.653714	 97.629912	 97.606282	 97.582826	 97.559547	 97.536445	 97.513523	 97.490783	 97.468226	 97.445855	  97.42367	 97.401674	 97.379868	 97.358254	 97.336832	 97.315605	 97.294573	 97.273738	   97.2531	 97.232661	 97.212422	 97.192384	 97.172547	 97.152913	 97.133482	 97.114255	 97.095232	 97.076414	 97.057802	 97.039395	 97.021195	 97.003201	 96.985414	 96.967834	 96.950462	 96.933296	 96.916338	 96.899587	 96.883043	 96.866706	 96.850576	 96.834652	 96.818934	 96.803422	 96.788116	 96.773014	 96.758117	 96.743424	 96.728934	 96.714647	 96.700562	 96.686678	 96.672994	  96.65951	 96.646225	 96.633138	 96.620248	 96.607553	 96.595054	 96.582749	 96.570637	 96.558716	 96.546987	 96.535447	 96.524095	  96.51293	 96.501951	 96.491157	 96.480547	 96.470118	  96.45987	 96.449801	 96.439911	 96.430197	 96.420658	 96.411294	 96.402101	  96.39308	 96.384228	 96.375544	 96.367027	 96.358674	 96.350486	 96.342459	 96.334593	 96.326886	 96.319337	 96.311944	 96.304705	  96.29762	 96.290686	 96.283902	 96.277266	 96.270778	 96.264436	 96.258237	 96.252181	 96.246267	 96.240492	 96.234855	 96.229355	 96.223991	 96.218761	 96.213663	 96.208697	 96.203861	 96.199153	 96.194573	 96.190118	 96.185788	 96.181582	 96.177498	 96.173534	 96.169691	 96.165966	 96.162358	 96.158867	 96.155491	 96.152229	  96.14908	 96.146044	 96.143118	 96.140302	 96.137595	 96.134997	 96.132506	 96.130121	 96.127843	 96.125669	 96.123599	 96.121632	 96.119768	 96.118006	 96.116346	 96.114786	 96.113327	 96.111967	 96.110707	 96.109545	 96.108482	 96.107516	 96.106648	 96.105878	 96.105204	 96.104627	 96.104146	 96.103762	 96.103474	 96.103282	 96.103186	
        99	 98.964349	 98.928704	 98.893068	 98.857448	 98.821848	 98.786273	 98.750729	 98.715219	  98.67975	 98.644327	 98.608953	 98.573635	 98.538377	 98.503184	 98.468061	 98.433012	 98.398043	 98.363159	 98.328363	 98.293661	 98.259058	 98.224557	 98.190164	 98.155883	 98.121719	 98.087676	 98.053758	  98.01997	 97.986317	 97.952801	 97.919428	 97.886201	 97.853126	 97.820204	 97.787442	 97.754841	 97.722407	 97.690143	 97.658053	  97.62614	 97.594408	  97.56286	 97.531499	  97.50033	 97.469355	 97.438577	    97.408	 97.377626	 97.347459	 97.317501	 97.287755	 97.258224	  97.22891	 97.199816	 97.170945	 97.142299	  97.11388	  97.08569	 97.057732	 97.030007	 97.002518	 96.975266	 96.948254	 96.921483	 96.894954	  96.86867	 96.842631	  96.81684	 96.791297	 96.766003	 96.740961	  96.71617	 96.691633	 96.667349	  96.64332	 96.619546	 96.596029	 96.572769	 96.549765	  96.52702	 96.504533	 96.482304	 96.460334	 96.438622	  96.41717	 96.395977	 96.375042	 96.354367	  96.33395	 96.313791	 96.293891	 96.274248	 96.254862	 96.235733	  96.21686	 96.198243	  96.17988	 96.161772	 96.143916	 96.126314	 96.108962	 96.091861	  96.07501	 96.058407	 96.042052	 96.025943	 96.010078	 95.994458	 95.979079	 95.963942	 95.949045	 95.934386	 95.919964	 95.905777	 95.891824	 95.878104	 95.864614	 95.851353	  95.83832	 95.825513	  95.81293	  95.80057	  95.78843	 95.776509	 95.764806	 95.753318	 95.742043	 95.730981	 95.720128	 95.709484	 95.699046	 95.688812	 95.678781	  95.66895	 95.659319	 95.649884	 95.640645	 95.631598	 95.622743	 95.614078	   95.6056	 95.597307	 95.589199	 95.581272	 95.573526	 95.565958	 95.558566	 95.551349	 95.544305	 95.537431	 95.530728	 95.524191	 95.517821	 95.511614	  95.50557	 95.499687	 95.493962	 95.488395	 95.482984	 95.477727	 95.472623	  95.46767	 95.462867	 95.458211	 95.453703	  95.44934	 95.445121	 95.441044	 95.437109	 95.433314	 95.429657	 95.426138	 95.422756	 95.419508	 95.416395	 95.413415	 95.410567	  95.40785	 95.405263	 95.402806	 95.400476	 95.398275	   95.3962	  95.39425	 95.392427	 95.390727	 95.389152	   95.3877	 95.386371	 95.385165	  95.38408	 95.383117	 95.382275	 95.381554	 95.380953	 95.380473	 95.380113	 95.379873	 95.379753	
        99	  98.95723	 98.914467	 98.871715	 98.828982	 98.786273	 98.743594	 98.700952	 98.658352	 98.615801	 98.573303	 98.530866	 98.488495	 98.446197	 98.403976	 98.361839	 98.319792	  98.27784	 98.235989	 98.194245	 98.152614	   98.1111	 98.069711	  98.02845	 97.987324	 97.946337	 97.905496	 97.864805	  97.82427	 97.783896	 97.743688	 97.703651	 97.663789	 97.624109	 97.584613	 97.545308	 97.506198	 97.467288	 97.428581	 97.390082	 97.351797	 97.313728	  97.27588	 97.238257	 97.200864	 97.163703	  97.12678	 97.090096	 97.053657	 97.017466	 96.981526	  96.94584	 96.910412	 96.875245	 96.840341	 96.805705	 96.771338	 96.737244	 96.703425	 96.669884	 96.636623	 96.603645	 96.570952	 96.538545	 96.506428	 96.474602	 96.443069	 96.411831	 96.380889	 96.350245	 96.319901	 96.289858	 96.260117	  96.23068	 96.201547	 96.172719	 96.144199	 96.115985	  96.08808	 96.060483	 96.033196	 96.006218	  95.97955	 95.953193	 95.927146	  95.90141	 95.875985	  95.85087	 95.826066	 95.801572	 95.777388	 95.753513	 95.729948	 95.706691	 95.683742	 95.661101	 95.638766	 95.616736	 95.595012	 95.573591	 95.552473	 95.531657	 95.511141	 95.490925	 95.471007	 95.451385	 95.432059	 95.413027	 95.394287	 95.375838	 95.357678	 95.339806	  95.32222	 95.304918	 95.287898	 95.271159	 95.254699	 95.238515	 95.222607	 95.206971	 95.191607	 95.176511	 95.161682	 95.147118	 95.132817	 95.118777	 95.104994	 95.091469	 95.078197	 95.065177	 95.052407	 95.039885	 95.027608	 95.015573	  95.00378	 94.992225	 94.980907	 94.969822	 94.958969	 94.948346	  94.93795	 94.927779	 94.917831	 94.908103	 94.898594	   94.8893	 94.880221	 94.871353	 94.862695	 94.854244	 94.845998	 94.837956	 94.830114	 94.822471	 94.815025	 94.807774	 94.800716	 94.793849	  94.78717	 94.780678	 94.774372	 94.768248	 94.762306	 94.756544	 94.750959	  94.74555	 94.740316	 94.735254	 94.730364	 94.725643	 94.721089	 94.716703	 94.712481	 94.708423	 94.704528	 94.700793	 94.697218	 94.693801	 94.690541	 94.687438	  94.68449	 94.681695	 94.679054	 94.676564	 94.674226	 94.672038	 94.669999	 94.668109	 94.666368	 94.664773	 94.663326	 94.662024	 94.660869	 94.659859	 94.658994	 94.658273	 94.657697	 94.657266	 94.656978	 94.656834	
        99	 98.950117	 98.900242	 98.850381	  98.80054	 98.750729	 98.700952	 98.651218	 98.601533	 98.551905	  98.50234	 98.452845	 98.403428	 98.354095	 98.304852	 98.255708	 98.206668	 98.157739	 98.108928	 98.060242	 98.011687	 97.963269	 97.914996	 97.866873	 97.818907	 97.771104	 97.723471	 97.676013	 97.628737	 97.581648	 97.534753	 97.488057	 97.441566	 97.395287	 97.349223	 97.303381	 97.257767	 97.212385	 97.167241	  97.12234	 97.077687	 97.033287	 96.989145	 96.945265	 96.901653	 96.858312	 96.815248	 96.772464	 96.729965	 96.687754	 96.645837	 96.604216	 96.562896	 96.521881	 96.481173	 96.440776	 96.400694	  96.36093	 96.321486	 96.282367	 96.243574	 96.205112	 96.166981	 96.129185	 96.091727	 96.054608	  96.01783	 95.981397	 95.945309	 95.909569	 95.874179	 95.839139	 95.804452	 95.770119	 95.736141	 95.702519	 95.669255	  95.63635	 95.603804	 95.571617	 95.539792	 95.508327	 95.477225	 95.446484	 95.416106	 95.386089	 95.356436	 95.327144	 95.298215	 95.269647	 95.241441	 95.213596	 95.186111	 95.158987	 95.132221	 95.105814	 95.079765	 95.054072	 95.028734	 95.003751	 94.979121	 94.954843	 94.930916	 94.907337	 94.884106	 94.861222	 94.838681	 94.816484	 94.794627	  94.77311	  94.75193	 94.731086	 94.710575	 94.690395	 94.670545	 94.651022	 94.631824	  94.61295	 94.594395	 94.576159	  94.55824	 94.540633	 94.523339	 94.506353	 94.489673	 94.473297	 94.457223	 94.441448	 94.425969	 94.410784	  94.39589	 94.381285	 94.366966	 94.352931	 94.339176	 94.325699	 94.312498	  94.29957	 94.286913	 94.274523	 94.262398	 94.250535	 94.238932	 94.227587	 94.216496	 94.205657	 94.195068	 94.184725	 94.174627	 94.164771	 94.155154	 94.145774	 94.136628	 94.127714	  94.11903	 94.110573	 94.102341	 94.094331	 94.086542	 94.078971	 94.071615	 94.064473	 94.057543	 94.050822	 94.044309	    94.038	 94.031895	 94.025992	 94.020288	 94.014782	 94.009472	 94.004355	 93.999432	 93.994699	 93.990155	 93.985799	  93.98163	 93.977645	 93.973843	 93.970224	 93.966785	 93.963526	 93.960445	 93.957541	 93.954814	 93.952262	 93.949885	 93.947681	 93.945649	  93.94379	 93.942101	 93.940584	 93.939236	 93.938058	 93.937049	 93.936209	 93.935537	 93.935033	 93.934698	  93.93453	
        99	 98.943012	 98.886031	 98.829067	 98.772127	 98.715219	 98.658352	 98.601533	 98.544771	 98.488073	 98.431447	 98.374902	 98.318445	 98.262084	 98.205827	 98.149682	 98.093656	 98.037757	 97.981993	 97.926371	 97.870899	 97.815585	 97.760435	 97.705457	 97.650658	 97.596046	 97.541627	 97.487409	 97.433398	 97.379601	 97.326026	 97.272678	 97.219564	 97.166692	 97.114066	 97.061694	 97.009582	 96.957735	 96.906161	 96.854863	 96.803849	 96.753125	 96.702694	 96.652564	 96.602739	 96.553224	 96.504025	 96.455147	 96.406593	  96.35837	 96.310482	 96.262932	 96.215726	 96.168867	  96.12236	 96.076209	 96.030417	 95.984989	 95.939926	 95.895234	 95.850916	 95.806974	 95.763412	 95.720232	 95.677437	  95.63503	 95.593014	 95.551391	 95.510162	 95.469331	 95.428899	 95.388868	  95.34924	 95.310016	 95.271198	 95.232787	 95.194784	 95.157191	 95.120008	 95.083237	 95.046878	 95.010931	 94.975398	 94.940278	 94.905572	  94.87128	 94.837402	 94.803938	 94.770888	  94.73825	 94.706026	 94.674215	 94.642815	 94.611827	 94.581248	  94.55108	 94.521319	 94.491966	 94.463019	 94.434477	 94.406339	 94.378602	 94.351266	 94.324329	 94.297789	 94.271644	 94.245893	 94.220533	 94.195563	 94.170981	 94.146784	  94.12297	 94.099537	 94.076483	 94.053805	 94.031501	 94.009569	 93.988005	 93.966808	 93.945974	 93.925502	 93.905387	 93.885629	 93.866223	 93.847168	 93.828459	 93.810095	 93.792073	 93.774389	 93.757041	 93.740025	  93.72334	 93.706981	 93.690946	 93.675232	 93.659835	 93.644754	 93.629984	 93.615524	 93.601369	 93.587516	 93.573964	 93.560709	 93.547747	 93.535076	 93.522693	 93.510595	 93.498779	 93.487243	 93.475982	 93.464995	 93.454279	  93.44383	 93.433647	 93.423726	 93.414064	 93.404659	 93.395509	  93.38661	  93.37796	 93.369557	 93.361398	  93.35348	 93.345802	  93.33836	 93.331153	 93.324179	 93.317434	 93.310918	 93.304627	  93.29856	 93.292715	  93.28709	 93.281683	 93.276493	 93.271516	 93.266752	   93.2622	 93.257857	 93.253722	 93.249793	 93.246069	  93.24255	 93.239233	 93.236117	 93.233202	 93.230485	 93.227967	 93.225646	 93.223522	 93.221593	 93.219859	  93.21832	 93.216974	 93.215821	 93.214861	 93.214094	 93.213518	 93.213135	 93.212943	
        99	 98.935914	 98.871837	 98.807778	 98.743746	  98.67975	 98.615801	 98.551905	 98.488073	 98.424313	 98.360635	 98.297047	 98.233559	 98.170178	 98.106914	 98.043776	 97.980772	 97.917911	 97.855202	 97.792653	 97.730272	 97.668068	 97.606049	 97.544224	   97.4826	 97.421186	 97.359989	 97.299018	  97.23828	 97.177783	 97.117535	 97.057543	 96.997814	 96.938356	 96.879177	 96.820282	 96.761679	 96.703375	 96.645377	  96.58769	 96.530323	  96.47328	 96.416569	 96.360195	 96.304164	 96.248483	 96.193156	  96.13819	 96.083589	  96.02936	 95.975507	 95.922035	 95.868949	 95.816255	 95.763955	 95.712056	 95.660561	 95.609474	   95.5588	 95.508541	 95.458703	 95.409288	   95.3603	 95.311742	 95.263618	 95.215929	  95.16868	 95.121872	 95.075509	 95.029592	 94.984125	 94.939108	 94.894544	 94.850435	 94.806782	 94.763587	 94.720851	 94.678576	 94.636762	 94.595411	 94.554524	   94.5141	 94.474141	 94.434647	 94.395619	 94.357056	 94.318958	 94.281326	 94.244159	 94.207457	  94.17122	 94.135446	 94.100135	 94.065287	 94.030901	 93.996974	 93.963507	 93.930499	 93.897946	 93.865849	 93.834206	 93.803015	 93.772274	 93.741982	 93.712137	 93.682736	 93.653777	 93.625259	 93.597179	 93.569535	 93.542324	 93.515545	 93.489193	 93.463268	 93.437766	 93.412684	 93.388019	  93.36377	 93.339933	 93.316504	 93.293482	 93.270862	 93.248643	  93.22682	 93.205391	 93.184353	 93.163702	 93.143435	 93.123548	 93.104039	 93.084905	 93.066141	 93.047745	 93.029713	 93.012041	 92.994727	 92.977768	 92.961158	 92.944897	 92.928979	 92.913401	 92.898161	 92.883254	 92.868678	 92.854429	 92.840504	   92.8269	 92.813612	 92.800639	 92.787976	  92.77562	 92.763569	 92.751819	 92.740368	 92.729211	 92.718346	 92.707769	 92.697479	 92.687472	 92.677745	 92.668295	  92.65912	 92.650216	 92.641581	 92.633213	 92.625108	 92.617265	 92.609681	 92.602353	 92.595279	 92.588456	 92.581883	 92.575558	 92.569477	  92.56364	 92.558044	 92.552687	 92.547567	 92.542683	 92.538033	 92.533615	 92.529428	  92.52547	 92.521739	 92.518236	 92.514957	 92.511902	 92.509071	 92.506461	 92.504072	 92.501903	 92.499953	 92.498222	 92.496708	 92.495412	 92.494332	 92.493469	 92.492822	 92.492391	 92.492175	
        99	 98.928825	  98.85766	 98.786515	 98.715401	 98.644327	 98.573303	  98.50234	 98.431447	 98.360635	 98.289913	 98.219292	 98.148781	 98.078389	 98.008128	 97.938006	 97.868033	 97.798219	 97.728573	 97.659105	 97.589824	 97.520739	 97.451861	 97.383197	 97.314756	 97.246549	 97.178583	 97.110868	 97.043412	 96.976223	 96.909311	 96.842683	 96.776347	 96.710313	 96.644587	 96.579177	 96.514092	 96.449339	 96.384926	 96.320859	 96.257145	 96.193793	 96.130809	 96.068199	 96.005971	  95.94413	 95.882684	 95.821637	 95.760997	  95.70077	  95.64096	 95.581573	 95.522616	 95.464092	 95.406008	 95.348368	 95.291177	 95.234439	  95.17816	 95.122342	 95.066991	  95.01211	 94.957703	 94.903774	 94.850327	 94.797363	 94.744888	 94.692903	 94.641411	 94.590415	 94.539918	 94.489922	 94.440429	  94.39144	 94.342959	 94.294986	 94.247523	 94.200572	 94.154133	 94.108208	 94.062798	 94.017903	 93.973524	 93.929662	 93.886316	 93.843487	 93.801176	 93.759381	 93.718103	 93.677341	 93.637096	 93.597365	 93.558149	 93.519446	 93.481256	 93.443577	 93.406408	 93.369748	 93.333595	 93.297948	 93.262804	 93.228163	 93.194022	 93.160379	 93.127232	 93.094579	 93.062418	 93.030745	 92.999559	 92.968857	 92.938637	 92.908895	 92.879629	 92.850835	 92.822512	 92.794656	 92.767264	 92.740332	 92.713858	 92.687838	 92.662269	 92.637148	  92.61247	 92.588234	 92.564435	 92.541069	 92.518133	 92.495625	 92.473539	 92.451872	 92.430621	 92.409781	  92.38935	 92.369324	 92.349698	 92.330469	 92.311633	 92.293186	 92.275126	 92.257447	 92.240147	 92.223221	 92.206665	 92.190477	 92.174652	 92.159186	 92.144077	  92.12932	 92.114911	 92.100847	 92.087125	 92.073741	 92.060692	 92.047973	 92.035582	 92.023515	 92.011769	 92.000341	 91.989227	 91.978424	 91.967928	 91.957738	  91.94785	  91.93826	 91.928966	 91.919965	 91.911254	 91.902831	 91.894692	 91.886836	 91.879259	 91.871959	 91.864933	  91.85818	 91.851697	 91.845482	 91.839532	 91.833846	 91.828422	 91.823258	 91.818351	 91.813701	 91.809305	 91.805162	 91.801271	 91.797629	 91.794237	 91.791092	 91.788193	  91.78554	 91.783131	 91.780966	 91.779043	 91.777362	 91.775922	 91.774723	 91.773765	 91.773046	 91.772567	 91.772328	
        99	 98.921746	 98.843504	 98.765283	 98.687096	 98.608953	 98.530866	 98.452845	 98.374902	 98.297047	 98.219292	 98.141647	 98.064123	 97.986731	 97.909481	 97.832385	 97.755453	 97.678696	 97.602123	 97.525746	 97.449575	  97.37362	 97.297891	 97.222398	 97.147151	  97.07216	 96.997435	 96.922985	  96.84882	 96.774949	 96.701382	 96.628127	 96.555194	 96.482592	  96.41033	 96.338415	 96.266857	 96.195664	 96.124844	 96.054405	 95.984355	 95.914703	 95.845454	 95.776618	   95.7082	 95.640209	 95.572652	 95.505534	 95.438863	 95.372646	 95.306887	 95.241595	 95.176773	  95.11243	 95.048569	 94.985196	 94.922317	 94.859936	 94.798059	 94.736691	 94.675835	 94.615496	 94.555678	 94.496385	 94.437622	 94.379391	 94.321697	 94.264541	 94.207929	 94.151861	 94.096342	 94.041373	 93.986958	 93.933097	 93.879794	  93.82705	 93.774867	 93.723246	 93.672189	 93.621696	  93.57177	  93.52241	 93.473617	 93.425392	 93.377736	 93.330648	 93.284128	 93.238177	 93.192793	 93.147978	 93.103729	 93.060047	 93.016931	 92.974379	  92.93239	 92.890964	 92.850099	 92.809792	 92.770044	 92.730851	 92.692213	 92.654127	  92.61659	 92.579601	 92.543158	 92.507257	 92.471897	 92.437074	 92.402787	 92.369031	 92.335805	 92.303105	 92.270929	 92.239272	 92.208132	 92.177505	 92.147388	 92.117778	 92.088671	 92.060063	 92.031951	 92.004332	   91.9772	 91.950553	 91.924387	 91.898698	 91.873481	 91.848734	 91.824451	 91.800629	 91.777265	 91.754353	  91.73189	 91.709871	 91.688293	 91.667152	 91.646443	 91.626162	 91.606305	 91.586868	 91.567847	 91.549238	 91.531036	 91.513237	 91.495838	 91.478835	 91.462223	 91.445998	 91.430156	 91.414694	 91.399607	 91.384892	 91.370545	 91.356561	 91.342938	 91.329671	 91.316757	 91.304192	 91.291972	 91.280094	 91.268556	 91.257352	  91.24648	 91.235936	 91.225718	 91.215822	 91.206245	 91.196984	 91.188036	 91.179398	 91.171067	 91.163041	 91.155317	 91.147892	 91.140764	 91.133931	  91.12739	 91.121138	 91.115175	 91.109496	 91.104102	 91.098989	 91.094156	 91.089601	 91.085323	 91.081319	  91.07759	 91.074132	 91.070945	 91.068028	 91.065379	 91.062998	 91.060884	 91.059036	 91.057453	 91.056135	 91.055081	 91.054291	 91.053765	 91.053502	
        99	 98.914679	 98.829369	 98.744084	 98.658836	 98.573635	 98.488495	 98.403428	 98.318445	 98.233559	 98.148781	 98.064123	 97.979597	 97.895215	 97.810989	  97.72693	 97.643049	  97.55936	 97.475871	 97.392596	 97.309545	  97.22673	 97.144161	  97.06185	 96.979807	 96.898043	 96.816569	 96.735395	 96.654531	 96.573989	 96.493777	 96.413907	 96.334387	 96.255227	 96.176438	 96.098028	 96.020008	 95.942384	 95.865168	 95.788368	 95.711991	 95.636047	 95.560545	 95.485491	 95.410895	 95.336763	 95.263104	 95.189924	 95.117232	 95.045033	 94.973336	 94.902146	 94.831471	 94.761315	 94.691687	  94.62259	 94.554032	 94.486018	 94.418552	 94.351641	 94.285288	   94.2195	  94.15428	 94.089632	 94.025561	 93.962071	 93.899166	 93.836848	 93.775122	 93.713991	 93.653458	 93.593524	 93.534194	 93.475469	 93.417352	 93.359844	 93.302948	 93.246665	 93.190996	 93.135943	 93.081508	  93.02769	  92.97449	  92.92191	 92.869949	 92.818608	 92.767887	 92.717785	 92.668303	  92.61944	 92.571195	 92.523568	 92.476557	 92.430162	 92.384381	 92.339213	 92.294657	 92.250711	 92.207372	  92.16464	 92.122512	 92.080986	 92.040059	 91.999729	 91.959994	 91.920851	 91.882297	  91.84433	 91.806946	 91.770141	 91.733914	 91.698261	 91.663178	 91.628662	  91.59471	 91.561317	  91.52848	 91.496196	  91.46446	 91.433268	 91.402617	 91.372503	 91.342921	 91.313868	 91.285338	 91.257328	 91.229834	 91.202852	 91.176376	 91.150403	 91.124928	 91.099947	 91.075455	 91.051448	 91.027921	  91.00487	 90.982291	 90.960178	 90.938528	 90.917336	 90.896596	 90.876306	  90.85646	 90.837055	 90.818084	 90.799545	 90.781432	 90.763742	  90.74647	 90.729611	 90.713162	 90.697117	 90.681474	 90.666228	 90.651374	 90.636909	 90.622828	 90.609128	 90.595805	 90.582855	 90.570274	 90.558058	 90.546204	 90.534708	 90.523567	 90.512777	 90.502335	 90.492238	 90.482481	 90.473063	  90.46398	  90.45523	 90.446808	 90.438713	 90.430941	  90.42349	 90.416358	 90.409542	  90.40304	 90.396849	 90.390967	 90.385393	 90.380123	 90.375157	 90.370492	 90.366127	  90.36206	  90.35829	 90.354816	 90.351635	 90.348747	 90.346151	 90.343846	 90.341831	 90.340106	 90.338668	 90.337519	 90.336658	 90.336084	 90.335797	
        99	 98.907623	 98.815259	 98.722921	 98.630623	 98.538377	 98.446197	 98.354095	 98.262084	 98.170178	 98.078389	 97.986731	 97.895215	 97.803855	 97.712664	 97.621654	 97.530837	 97.440226	 97.349834	 97.259672	 97.169754	  97.08009	 96.990693	 96.901575	 96.812748	 96.724222	 96.636011	 96.548124	 96.460574	 96.373371	 96.286526	  96.20005	 96.113955	 96.028249	 95.942945	 95.858051	 95.773578	 95.689536	 95.605934	 95.522783	  95.44009	 95.357867	  95.27612	  95.19486	 95.114095	 95.033833	 94.954082	 94.874851	 94.796147	 94.717979	 94.640352	 94.563276	 94.486756	 94.410799	 94.335412	 94.260602	 94.186374	 94.112736	 94.039691	 93.967246	 93.895407	 93.824178	 93.753564	 93.683571	 93.614202	 93.545461	 93.477354	 93.409883	 93.343053	 93.276867	 93.211327	 93.146438	 93.082201	  93.01862	 92.955697	 92.893433	 92.831832	 92.770895	 92.710623	 92.651017	  92.59208	 92.533811	 92.476213	 92.419284	 92.363027	  92.30744	 92.252524	  92.19828	 92.144706	 92.091802	 92.039567	 91.988001	 91.937103	 91.886872	 91.837305	 91.788402	 91.740161	 91.692581	 91.645658	 91.599392	  91.55378	  91.50882	 91.464509	 91.420844	 91.377823	 91.335444	 91.293701	 91.252594	 91.212118	 91.172271	 91.133048	 91.094446	 91.056462	 91.019092	 90.982332	 90.946178	 90.910626	 90.875671	 90.841311	  90.80754	 90.774355	  90.74175	 90.709722	 90.678266	 90.647377	 90.617051	 90.587283	 90.558069	 90.529404	 90.501283	 90.473702	 90.446655	 90.420137	 90.394145	 90.368673	 90.343716	 90.319269	 90.295328	 90.271887	 90.248942	 90.226488	  90.20452	 90.183033	 90.162023	 90.141484	 90.121411	 90.101801	 90.082648	 90.063947	 90.045694	 90.027885	 90.010514	 89.993577	 89.977069	 89.960987	 89.945326	 89.930081	 89.915248	 89.900823	 89.886802	 89.873181	 89.859955	 89.847121	 89.834674	 89.822612	 89.810929	 89.799624	 89.788691	 89.778128	 89.767931	 89.758097	 89.748623	 89.739505	  89.73074	 89.722326	 89.714259	 89.706537	 89.699157	 89.692117	 89.685414	 89.679046	 89.673011	 89.667305	 89.661928	 89.656878	 89.652152	 89.647749	 89.643667	 89.639905	 89.636462	 89.633335	 89.630524	 89.628029	 89.625847	 89.623979	 89.622423	 89.621179	 89.620246	 89.619624	 89.619314	
        99	  98.90058	 98.801175	 98.701798	 98.602463	 98.503184	 98.403976	 98.304852	 98.205827	 98.106914	 98.008128	 97.909481	 97.810989	 97.712664	  97.61452	 97.516572	 97.418831	 97.321313	 97.224029	 97.126994	  97.03022	  96.93372	 96.837508	 96.741596	 96.645997	 96.550722	 96.455785	 96.361199	 96.266974	 96.173122	 96.079657	 95.986589	 95.893929	  95.80169	 95.709882	 95.618516	 95.527603	 95.437154	 95.347179	 95.257688	 95.168691	 95.080199	  94.99222	 94.904765	 94.817842	 94.731461	 94.645631	 94.560359	 94.475655	 94.391527	 94.307983	  94.22503	 94.142676	 94.060929	 93.979795	 93.899281	 93.819395	 93.740142	 93.661528	 93.583561	 93.506244	 93.429585	 93.353588	 93.278258	 93.203601	  93.12962	  93.05632	 92.983706	  92.91178	 92.840548	 92.770012	 92.700175	 92.631042	 92.562613	 92.494893	 92.427883	 92.361585	 92.296002	 92.231135	 92.166985	 92.103555	 92.040844	 91.978854	 91.917586	 91.857039	 91.797214	 91.738112	 91.679732	 91.622074	 91.565136	  91.50892	 91.453423	 91.398644	 91.344583	 91.291237	 91.238606	 91.186688	  91.13548	  91.08498	 91.035187	 90.986098	  90.93771	  90.89002	 90.843027	 90.796726	 90.751115	 90.706191	  90.66195	 90.618388	 90.575503	  90.53329	 90.491745	 90.450865	 90.410646	 90.371083	 90.332173	  90.29391	 90.256291	 90.219311	 90.182966	  90.14725	  90.11216	  90.07769	 90.043835	 90.010592	 89.977954	 89.945917	 89.914476	 89.883625	  89.85336	 89.823676	 89.794567	 89.766028	 89.738054	  89.71064	  89.68378	  89.65747	 89.631704	 89.606476	 89.581782	 89.557616	 89.533973	 89.510848	 89.488235	 89.466131	 89.444528	 89.423422	 89.402809	 89.382683	 89.363038	 89.343871	 89.325176	 89.306947	 89.289182	 89.271873	 89.255018	 89.238611	 89.222647	 89.207123	 89.192033	 89.177373	 89.163138	 89.149326	  89.13593	 89.122948	 89.110376	 89.098208	 89.086442	 89.075074	 89.064099	 89.053516	 89.043319	 89.033506	 89.024073	 89.015017	 89.006335	 88.998025	 88.990082	 88.982506	 88.975292	 88.968438	 88.961942	 88.955802	 88.950015	  88.94458	 88.939493	 88.934755	 88.930362	 88.926313	 88.922607	 88.919242	 88.916217	 88.913531	 88.911183	 88.909172	 88.907498	 88.906159	 88.905155	 88.904486	 88.904151	
        99	 98.893552	 98.787119	 98.680716	 98.574358	 98.468061	 98.361839	 98.255708	 98.149682	 98.043776	 97.938006	 97.832385	  97.72693	 97.621654	 97.516572	 97.411698	 97.307048	 97.202635	 97.098474	 96.994579	 96.890963	 96.787642	 96.684627	 96.581935	 96.479576	 96.377567	 96.275918	 96.174644	 96.073758	 95.973272	 95.873198	 95.773551	 95.674341	  95.57558	 95.477282	 95.379456	 95.282116	 95.185273	 95.088936	 94.993119	  94.89783	 94.803082	 94.708884	 94.615246	 94.522178	  94.42969	 94.337791	 94.246492	 94.155799	 94.065724	 93.976273	 93.887456	  93.79928	 93.711753	 93.624883	 93.538678	 93.453143	 93.368287	 93.284116	 93.200637	 93.117854	 93.035776	 92.954406	 92.873751	 92.793815	 92.714604	 92.636122	 92.558374	 92.481364	 92.405095	 92.329573	 92.254799	 92.180778	 92.107512	 92.035004	 91.963256	 91.892272	 91.822052	 91.752599	 91.683914	 91.615999	 91.548855	 91.482483	 91.416883	 91.352056	 91.288002	 91.224721	 91.162214	 91.100479	 91.039517	 90.979326	 90.919905	 90.861254	 90.803371	 90.746254	 90.689902	 90.634313	 90.579485	 90.525415	 90.472102	 90.419542	 90.367733	 90.316672	 90.266356	 90.216782	 90.167947	 90.119847	 90.072478	 90.025836	 89.979919	 89.934722	  89.89024	  89.84647	 89.803408	 89.761048	 89.719387	 89.678419	  89.63814	 89.598546	 89.559631	 89.521391	 89.483819	 89.446913	 89.410665	 89.375071	 89.340126	 89.305824	  89.27216	 89.239128	 89.206724	 89.174941	 89.143774	 89.113218	 89.083266	 89.053914	 89.025155	 88.996985	 88.969397	 88.942385	 88.915946	 88.890071	 88.864757	 88.839997	 88.815786	 88.792118	 88.768988	 88.746391	  88.72432	 88.702771	 88.681738	 88.661215	 88.641198	 88.621681	  88.60266	 88.584128	 88.566081	 88.548514	 88.531422	 88.514799	 88.498642	 88.482946	 88.467706	 88.452916	 88.438574	 88.424674	 88.411213	 88.398185	 88.385587	 88.373415	 88.361665	 88.350333	 88.339415	 88.328908	 88.318808	 88.309112	 88.299817	 88.290919	 88.282415	 88.274303	 88.266579	  88.25924	 88.252285	 88.245711	 88.239515	 88.233695	  88.22825	 88.223176	 88.218472	 88.214137	 88.210169	 88.206566	 88.203328	 88.200452	 88.197938	 88.195785	 88.193992	 88.192558	 88.191483	 88.190767	 88.190409	
        99	 98.886538	 98.773092	 98.659679	 98.546313	 98.433012	 98.319792	 98.206668	 98.093656	 97.980772	 97.868033	 97.755453	 97.643049	 97.530837	 97.418831	 97.307048	 97.195503	  97.08421	 96.973186	 96.862445	 96.752003	 96.641873	 96.532072	 96.422613	  96.31351	 96.204779	 96.096433	 95.988487	 95.880953	 95.773846	 95.667179	 95.560966	 95.455219	 95.349951	 95.245176	 95.140905	 95.037152	 94.933927	 94.831244	 94.729113	 94.627546	 94.526555	  94.42615	 94.326342	 94.227142	 94.128561	 94.030607	 93.933292	 93.836624	 93.740613	 93.645269	   93.5506	 93.456614	  93.36332	 93.270727	 93.178841	 93.087671	 92.997224	 92.907507	 92.818527	 92.730291	 92.642804	 92.556073	 92.470103	 92.384901	 92.300471	 92.216818	 92.133947	 92.051863	 91.970569	 91.890071	  91.81037	 91.731472	 91.653378	 91.576093	 91.499618	 91.423956	  91.34911	 91.275081	 91.201871	 91.129481	 91.057913	 90.987167	 90.917245	 90.848147	 90.779873	 90.712423	 90.645797	 90.579994	 90.515015	 90.450858	 90.387523	 90.325007	  90.26331	  90.20243	 90.142365	 90.083113	 90.024672	  89.96704	 89.910214	 89.854191	 89.798969	 89.744544	 89.690913	 89.638072	 89.586019	  89.53475	  89.48426	 89.434545	 89.385603	 89.337427	 89.290015	 89.243361	 89.197461	  89.15231	 89.107904	 89.064237	 89.021305	 88.979102	 88.937623	 88.896862	 88.856816	 88.817477	 88.778841	 88.740902	 88.703654	 88.667092	  88.63121	 88.596003	 88.561463	 88.527586	 88.494366	 88.461796	 88.429871	 88.398584	 88.367931	 88.337904	 88.308499	 88.279708	 88.251526	 88.223947	 88.196964	 88.170573	 88.144767	  88.11954	 88.094886	 88.070799	 88.047274	 88.024305	 88.001886	 87.980012	 87.958676	 87.937873	 87.917598	 87.897845	 87.878609	 87.859885	 87.841666	 87.823949	 87.806727	 87.789997	 87.773752	 87.757989	 87.742701	 87.727886	 87.713537	 87.699651	 87.686223	 87.673249	 87.660725	 87.648646	 87.637009	 87.625809	 87.615044	 87.604709	 87.594802	 87.585317	 87.576253	 87.567606	 87.559373	 87.551552	 87.544138	 87.537131	 87.530527	 87.524323	 87.518519	 87.513111	 87.508097	 87.503477	 87.499247	 87.495407	 87.491955	 87.488889	  87.48621	 87.483915	 87.482004	 87.480476	  87.47933	 87.478567	 87.478185	
        99	  98.87954	 98.759098	 98.638689	 98.518332	 98.398043	  98.27784	 98.157739	 98.037757	 97.917911	 97.798219	 97.678696	  97.55936	 97.440226	 97.321313	 97.202635	  97.08421	 96.966054	 96.848182	 96.730611	 96.613357	 96.496436	 96.379862	 96.263652	 96.147821	 96.032384	 95.917356	 95.802752	 95.688586	 95.574873	 95.461627	 95.348863	 95.236594	 95.124835	 95.013597	 94.902896	 94.792743	 94.683152	 94.574135	 94.465706	 94.357875	 94.250655	 94.144057	 94.038094	 93.932776	 93.828114	  93.72412	 93.620802	 93.518173	 93.416241	 93.315016	 93.214508	 93.114725	 93.015678	 92.917374	 92.819821	 92.723028	 92.627003	 92.531753	 92.437285	 92.343606	 92.250724	 92.158643	 92.067372	 91.976914	 91.887277	 91.798465	 91.710483	 91.623336	 91.537029	 91.451566	  91.36695	 91.283185	 91.200275	 91.118223	 91.037032	 90.956704	 90.877241	 90.798646	 90.720921	 90.644067	 90.568085	 90.492976	 90.418741	 90.345381	 90.272896	 90.201286	 90.130551	  90.06069	 89.991704	  89.92359	 89.856348	 89.789976	 89.724474	 89.659839	  89.59607	 89.533164	 89.471119	 89.409932	 89.349601	 89.290123	 89.231495	 89.173713	 89.116774	 89.060675	 89.005412	  88.95098	 88.897376	 88.844596	 88.792634	 88.741488	 88.691151	  88.64162	 88.592889	 88.544954	 88.497809	 88.451449	 88.405868	 88.361062	 88.317025	 88.273751	 88.231235	  88.18947	 88.148451	 88.108172	 88.068627	  88.02981	 87.991715	 87.954336	 87.917666	   87.8817	  87.84643	 87.811852	 87.777958	 87.744742	 87.712198	 87.680319	   87.6491	 87.618533	 87.588613	 87.559333	 87.530687	 87.502668	  87.47527	 87.448487	 87.422313	 87.396741	 87.371765	 87.347379	 87.323577	 87.300354	 87.277702	 87.255616	 87.234091	  87.21312	 87.192697	 87.172818	 87.153476	 87.134666	 87.116382	  87.09862	 87.081373	 87.064637	 87.048407	 87.032678	 87.017444	 87.002702	 86.988446	 86.974671	 86.961375	 86.948551	 86.936196	 86.924306	 86.912877	 86.901905	 86.891386	 86.881316	 86.871693	 86.862513	 86.853772	 86.845468	 86.837598	 86.830158	 86.823147	 86.816561	 86.810398	 86.804657	 86.799334	 86.794428	 86.789938	 86.785861	 86.782196	 86.778941	 86.776097	  86.77366	 86.771631	 86.770009	 86.768793	 86.767982	 86.767577	
