Time step 32:
        99	        99	        99	        99	        99	        99	        99	        99	        99	        99	        99	        99	        99	        99	        99	        99	        99	        99	        99	        99	        99	        99	        99	        99	        99	        99	        99	        99	        99	        99	        99	        99	        99	        99	        99	        99	        99	        99	        99	        99	        99	        99	        99	        99	        99	        99	        99	        99	        99	        99	        99	        99	        99	        99	        99	        99	        99	        99	        99	        99	        99	        99	        99	        99	        99	        99	        99	        99	        99	        99	        99	        99	        99	        99	        99	        99	        99	        99	        99	        99	        99	        99	        99	        99	        99	        99	        99	        99	        99	        99	        99	        99	        99	        99	        99	        99	        99	        99	        99	        99	        99	        99	        99	        99	        99	        99	        99	        99	        99	        99	        99	        99	        99	        99	        99	        99	        99	        99	        99	        99	        99	        99	        99	        99	        99	        99	        99	        99	        99	        99	        99	        99	        99	        99	        99	        99	        99	        99	        99	        99	        99	        99	        99	        99	        99	        99	        99	        99	        99	        99	        99	        99	        99	        99	        99	        99	        99	        99	        99	        99	        99	        99	        99	        99	        99	        99	        99	        99	        99	        99	        99	        99	        99	        99	        99	        99	        99	        99	        99	        99	        99	        99	        99	        99	        99	        99	        99	        99	        99	        99	        99	        99	        99	        99	        99	        99	        99	        99	        99	        99	
        99	 98.980158	 98.960325	 98.940506	 98.920712	 98.900948	 98.881224	 98.861546	 98.841922	  98.82236	 98.802868	 98.783452	  98.76412	  98.74488	 98.725738	 98.706702	 98.687778	 98.668973	 98.650294	 98.631747	 98.613338	 98.595075	 98.576962	 98.559005	 98.541211	 98.523584	 98.506131	 98.488856	 98.471763	 98.454859	 98.438147	 98.421631	 98.405317	 98.389207	 98.373305	 98.357615	 98.342141	 98.326885	  98.31185	 98.297038	 98.282453	 98.268097	  98.25397	 98.240076	 98.226416	  98.21299	 98.199801	  98.18685	 98.174136	  98.16166	 98.149424	 98.137427	 98.125668	 98.114149	 98.102868	 98.091824	 98.081018	 98.070448	 98.060113	 98.050012	 98.040143	 98.030505	 98.021096	 98.011915	 98.002959	 97.994227	 97.985715	 97.977422	 97.969346	 97.961484	 97.953832	 97.946389	 97.939152	 97.932117	 97.925282	 97.918644	 97.912199	 97.905945	 97.899878	 97.893995	 97.888292	 97.882766	 97.877414	 97.872233	 97.867218	 97.862367	 97.857676	 97.853142	  97.84876	 97.844528	 97.840442	 97.836499	 97.832694	 97.829025	 97.825489	 97.822081	 97.818798	 97.815638	 97.812596	 97.809669	 97.806855	 97.804149	 97.801549	 97.799052	 97.796654	 97.794352	 97.792144	 97.790026	 97.787996	 97.786051	 97.784187	 97.782403	 97.780695	  97.77906	 97.777497	 97.776003	 97.774575	 97.773211	 97.771908	 97.770665	 97.769479	 97.768347	 97.767269	 97.766241	 97.765261	 97.764329	 97.763441	 97.762596	 97.761793	 97.761029	 97.760303	 97.759613	 97.758958	 97.758336	 97.757746	 97.757187	 97.756656	 97.756153	 97.755677	 97.755226	 97.754799	 97.754395	 97.754012	 97.753651	 97.753309	 97.752987	 97.752682	 97.752394	 97.752123	 97.751866	 97.751625	 97.751397	 97.751183	 97.750981	 97.750791	 97.750612	 97.750444	 97.750286	 97.750137	 97.749997	 97.749866	 97.749743	 97.749628	  97.74952	 97.749418	 97.749323	 97.749234	 97.749151	 97.749073	    97.749	 97.748932	 97.748868	 97.748809	 97.748754	 97.748702	 97.748654	  97.74861	 97.748568	  97.74853	 97.748494	 97.748461	 97.748431	 97.748402	 97.748377	 97.748353	 97.748331	 97.748311	 97.748293	 97.748276	 97.748262	 97.748248	 97.748237	 97.748226	 97.748218	  97.74821	 97.748204	 97.748199	 97.748195	 97.748193	 97.748192	
        99	 98.960325	 98.920665	 98.881036	 98.841454	 98.801935	 98.762494	 98.723146	 98.683906	  98.64479	 98.605813	  98.56699	 98.528334	 98.489861	 98.451585	  98.41352	 98.375679	 98.338077	 98.300726	 98.263639	 98.226829	 98.190309	  98.15409	 98.118184	 98.082603	 98.047357	 98.012457	 97.977913	 97.943735	 97.909933	 97.876515	 97.843491	 97.810868	 97.778654	 97.746857	 97.715484	 97.684541	 97.654035	 97.623971	 97.594354	  97.56519	 97.536482	 97.508235	 97.480452	 97.453136	 97.426291	 97.399918	  97.37402	 97.348597	 97.323652	 97.299184	 97.275194	 97.251682	 97.228647	 97.206089	 97.184007	 97.162399	 97.141263	 97.120597	 97.100398	 97.080665	 97.061393	 97.042579	  97.02422	 97.006312	  96.98885	  96.97183	 96.955248	 96.939099	 96.923377	 96.908077	 96.893194	 96.878722	 96.864656	 96.850989	 96.837715	 96.824828	 96.812322	  96.80019	 96.788425	 96.777022	 96.765973	 96.755272	 96.744911	 96.734884	 96.725184	 96.715803	 96.706736	 96.697975	 96.689512	 96.681342	 96.673456	 96.665849	 96.658513	 96.651441	 96.644626	 96.638062	 96.631742	  96.62566	 96.619808	  96.61418	  96.60877	 96.603571	 96.598577	 96.593783	  96.58918	 96.584765	  96.58053	 96.576471	  96.57258	 96.568854	 96.565286	  96.56187	 96.558602	 96.555477	 96.552489	 96.549634	 96.546906	 96.544302	 96.541815	 96.539443	 96.537181	 96.535024	 96.532968	 96.531009	 96.529145	 96.527369	  96.52568	 96.524074	 96.522546	 96.521095	 96.519716	 96.518406	 96.517163	 96.515983	 96.514864	 96.513803	 96.512798	 96.511845	 96.510943	 96.510089	 96.509281	 96.508516	 96.507794	 96.507111	 96.506465	 96.505856	  96.50528	 96.504737	 96.504225	 96.503743	 96.503287	 96.502859	 96.502455	 96.502075	 96.501717	 96.501381	 96.501064	 96.500767	 96.500488	 96.500226	  96.49998	 96.499749	 96.499533	  96.49933	  96.49914	 96.498962	 96.498795	 96.498639	 96.498494	 96.498358	  96.49823	 96.498112	 96.498001	 96.497898	 96.497802	 96.497713	  96.49763	 96.497553	 96.497482	 96.497416	 96.497355	 96.497299	 96.497247	 96.497199	 96.497156	 96.497116	 96.497079	 96.497047	 96.497017	 96.496991	 96.496967	 96.496947	 96.496929	 96.496914	 96.496901	 96.496892	 96.496884	 96.496879	 96.496877	
        99	 98.940506	 98.881036	 98.821613	  98.76226	    98.703	 98.643858	 98.584855	 98.526015	 98.467361	 98.408914	 98.350698	 98.292734	 98.235043	 98.177648	 98.120569	 98.063827	 98.007442	 97.951433	 97.895822	 97.840625	 97.785863	 97.731552	 97.677711	 97.624357	 97.571505	 97.519172	 97.467373	 97.416123	 97.365437	 97.315326	 97.265806	 97.216888	 97.168583	 97.120904	  97.07386	 97.027461	 96.981716	 96.936635	 96.892224	 96.848492	 96.805444	 96.763087	 96.721427	 96.680467	 96.640213	 96.600666	 96.561831	  96.52371	 96.486304	 96.449614	 96.413641	 96.378384	 96.343844	 96.310018	 96.276906	 96.244504	  96.21281	 96.181822	 96.151534	 96.121943	 96.093045	 96.064834	 96.037304	  96.01045	 95.984266	 95.958745	  95.93388	 95.909664	 95.886089	 95.863147	  95.84083	 95.819129	 95.798036	 95.777542	 95.757638	 95.738314	 95.719561	 95.701369	 95.683728	 95.666629	 95.650061	 95.634014	 95.618478	 95.603442	 95.588897	 95.574831	 95.561235	 95.548097	 95.535407	 95.523156	 95.511331	 95.499924	 95.488923	 95.478319	   95.4681	 95.458258	 95.448781	  95.43966	 95.430885	 95.422446	 95.414334	 95.406538	  95.39905	  95.39186	 95.384959	 95.378338	 95.371988	 95.365901	 95.360067	  95.35448	 95.349129	 95.344007	 95.339107	 95.334421	  95.32994	 95.325659	 95.321569	 95.317663	 95.313935	 95.310378	 95.306985	 95.303751	 95.300668	 95.297731	 95.294935	 95.292273	  95.28974	 95.287331	 95.285041	 95.282864	 95.280796	 95.278832	 95.276968	 95.275199	 95.273521	  95.27193	 95.270423	 95.268994	 95.267642	 95.266361	 95.265149	 95.264003	 95.262919	 95.261895	 95.260927	 95.260013	 95.259151	 95.258336	 95.257569	 95.256844	 95.256162	 95.255519	 95.254914	 95.254344	 95.253807	 95.253303	 95.252829	 95.252383	 95.251964	 95.251571	 95.251202	 95.250856	 95.250532	 95.250227	 95.249942	 95.249675	 95.249426	 95.249192	 95.248974	  95.24877	 95.248579	 95.248401	 95.248236	 95.248081	 95.247937	 95.247804	 95.247679	 95.247564	 95.247457	 95.247358	 95.247266	 95.247182	 95.247104	 95.247033	 95.246967	 95.246908	 95.246853	 95.246804	  95.24676	  95.24672	 95.246685	 95.246654	 95.246628	 95.246605	 95.246586	 95.246571	  95.24656	 95.246553	 95.246549	
        99	 98.920712	 98.841454	  98.76226	 98.683159	 98.604183	 98.525362	 98.446728	 98.368311	 98.290141	 98.212248	 98.134662	 98.057412	 97.980527	 97.904035	 97.827964	 97.752343	 97.677197	 97.602554	 97.528439	 97.454878	 97.381895	 97.309514	 97.237759	 97.166653	 97.096216	 97.026471	 96.957437	 96.889136	 96.821584	 96.754802	 96.688805	 96.623611	 96.559234	 96.495691	 96.432994	 96.371157	 96.310193	 96.250112	 96.190925	 96.132642	 96.075272	 96.018822	   95.9633	 95.908712	 95.855064	  95.80236	 95.750604	 95.699799	 95.649947	 95.601049	 95.553107	  95.50612	 95.460087	 95.415007	 95.370878	 95.327695	 95.285456	 95.244157	 95.203792	 95.164356	 95.125842	 95.088245	 95.051556	 95.015767	 94.980872	 94.946859	 94.913721	 94.881448	 94.850028	 94.819453	 94.789711	  94.76079	 94.732679	 94.705366	 94.678839	 94.653086	 94.628093	 94.603848	 94.580338	  94.55755	 94.535469	 94.514083	 94.493378	  94.47334	 94.453955	 94.435209	 94.417088	 94.399579	 94.382668	  94.36634	 94.350581	 94.335378	 94.320718	 94.306585	 94.292967	 94.279849	 94.267219	 94.255064	 94.243369	 94.232122	 94.221311	 94.210921	 94.200942	  94.19136	 94.182163	 94.173339	 94.164876	 94.156763	 94.148989	 94.141542	 94.134411	 94.127585	 94.121055	 94.114809	 94.108838	 94.103132	 94.097681	 94.092476	 94.087507	 94.082767	 94.078245	 94.073934	 94.069826	 94.065913	 94.062186	 94.058638	 94.055263	 94.052052	    94.049	 94.046099	 94.043342	 94.040725	 94.038241	 94.035883	 94.033647	 94.031527	 94.029518	 94.027614	 94.025811	 94.024104	 94.022489	 94.020962	 94.019518	 94.018152	 94.016863	 94.015645	 94.014495	  94.01341	 94.012387	 94.011422	 94.010512	 94.009655	 94.008848	 94.008089	 94.007374	 94.006702	  94.00607	 94.005476	 94.004918	 94.004394	 94.003902	 94.003441	 94.003008	 94.002603	 94.002223	 94.001867	 94.001535	 94.001223	 94.000932	  94.00066	 94.000406	 94.000169	 93.999948	 93.999743	 93.999551	 93.999373	 93.999207	 93.999053	 93.998911	 93.998779	 93.998657	 93.998544	 93.998441	 93.998345	 93.998258	 93.998179	 93.998106	  93.99804	 93.997981	 93.997929	 93.997882	 93.997841	 93.997805	 93.997775	  93.99775	 93.997731	 93.997716	 93.997706	 93.997701	
        99	 98.900948	 98.801935	    98.703	 98.604183	 98.505521	 98.407054	 98.308819	 98.210856	 98.113201	 98.015892	 97.918967	 97.822461	 97.726412	 97.630853	 97.535821	 97.441351	 97.347474	 97.254225	 97.161637	 97.069739	 96.978565	 96.888142	 96.798501	  96.70967	 96.621677	 96.534547	 96.448306	 96.362979	  96.27859	 96.195161	 96.112714	 96.031269	 95.950846	 95.871464	 95.793139	 95.715889	 95.639728	 95.564672	 95.490732	 95.417921	  95.34625	  95.27573	 95.206369	 95.138174	 95.071154	 95.005313	 94.940656	 94.877187	 94.814909	 94.753823	 94.693931	 94.635232	 94.577725	 94.521408	 94.466279	 94.412332	 94.359565	 94.307971	 94.257545	 94.208279	 94.160166	 94.113196	 94.067362	 94.022653	 93.979059	 93.936569	 93.895171	 93.854853	 93.815602	 93.777405	 93.740249	 93.704119	 93.669002	 93.634881	 93.601742	 93.569569	 93.538347	 93.508059	 93.478689	  93.45022	 93.422635	 93.395918	 93.370052	 93.345019	 93.320802	 93.297384	 93.274747	 93.252873	 93.231746	 93.211348	 93.191662	  93.17267	 93.154354	 93.136699	 93.119686	 93.103299	 93.087521	 93.072336	 93.057726	 93.043676	 93.030169	  93.01719	 93.004723	 92.992753	 92.981263	  92.97024	 92.959668	 92.949533	 92.939821	 92.930517	 92.921609	 92.913082	 92.904924	 92.897121	 92.889662	 92.882533	 92.875723	 92.869221	 92.863014	 92.857091	 92.851443	 92.846058	 92.840926	 92.836036	 92.831381	 92.826949	 92.822732	 92.818721	 92.814908	 92.811284	  92.80784	 92.804571	 92.801467	 92.798522	 92.795728	  92.79308	  92.79057	 92.788191	 92.785939	 92.783807	  92.78179	 92.779881	 92.778077	 92.776372	  92.77476	 92.773239	 92.771802	 92.770447	 92.769168	 92.767963	 92.766827	 92.765756	 92.764748	 92.763799	 92.762907	 92.762067	 92.761277	 92.760535	 92.759838	 92.759184	 92.758569	 92.757993	 92.757453	 92.756946	 92.756472	 92.756027	 92.755611	 92.755222	 92.754859	 92.754519	 92.754202	 92.753906	  92.75363	 92.753373	 92.753133	 92.752911	 92.752704	 92.752512	 92.752334	 92.752169	 92.752016	 92.751876	 92.751746	 92.751627	 92.751518	 92.751419	 92.751328	 92.751246	 92.751173	 92.751107	 92.751048	 92.750997	 92.750953	 92.750915	 92.750884	 92.750859	 92.750841	 92.750829	 92.750823	
        99	 98.881224	 98.762494	 98.643858	 98.525362	 98.407054	 98.288978	 98.171182	  98.05371	 97.936609	 97.819923	 97.703697	 97.587974	 97.472797	  97.35821	 97.244254	 97.130971	 97.018401	 96.906583	 96.795557	  96.68536	 96.576029	   96.4676	 96.360109	 96.253589	 96.148073	 96.043592	 95.940178	  95.83786	 95.736666	 95.636624	 95.537759	 95.440095	 95.343658	 95.248467	 95.154546	 95.061912	 94.970586	 94.880582	 94.791919	 94.704609	 94.618666	 94.534103	 94.450929	 94.369155	 94.288789	 94.209836	 94.132304	 94.056196	 93.981517	 93.908267	 93.836448	  93.76606	 93.697102	  93.62957	 93.563462	 93.498774	 93.435499	 93.373631	 93.313163	 93.254087	 93.196392	  93.14007	 93.085108	 93.031496	 92.979221	  92.92827	 92.878628	 92.830281	 92.783214	 92.737411	 92.692856	 92.649532	 92.607421	 92.566506	 92.526768	 92.488188	 92.450748	 92.414429	  92.37921	 92.345072	 92.311995	 92.279958	 92.248941	 92.218923	 92.189883	 92.161801	 92.134657	 92.108428	 92.083093	 92.058634	 92.035027	 92.012253	  91.99029	 91.969119	 91.948718	 91.929068	 91.910148	 91.891939	  91.87442	 91.857572	 91.841376	 91.825812	 91.810862	 91.796508	 91.782731	 91.769512	 91.756835	 91.744682	 91.733035	 91.721879	 91.711197	 91.700972	 91.691189	 91.681833	 91.672888	  91.66434	 91.656174	 91.648377	 91.640934	 91.633832	 91.627059	 91.620601	 91.614447	 91.608584	 91.603001	 91.597687	 91.592631	 91.587821	 91.583248	 91.578902	 91.574774	 91.570853	 91.567131	   91.5636	  91.56025	 91.557074	 91.554064	 91.551212	 91.548511	 91.545955	 91.543535	 91.541247	 91.539083	 91.537038	 91.535106	 91.533282	 91.531559	 91.529934	 91.528401	 91.526955	 91.525593	 91.524309	 91.523101	 91.521963	 91.520892	 91.519885	 91.518938	 91.518048	 91.517212	 91.516428	 91.515691	    91.515	 91.514352	 91.513744	 91.513175	 91.512643	 91.512144	 91.511678	 91.511242	 91.510834	 91.510454	 91.510099	 91.509768	  91.50946	 91.509173	 91.508906	 91.508657	 91.508427	 91.508214	 91.508016	 91.507833	 91.507665	 91.507509	 91.507367	 91.507236	 91.507117	 91.507008	  91.50691	 91.506821	 91.506742	 91.506672	 91.506611	 91.506558	 91.506513	 91.506475	 91.506446	 91.506424	 91.506409	 91.506402	
        99	 98.861546	 98.723146	 98.584855	 98.446728	 98.308819	 98.171182	  98.03387	 97.896937	 97.760435	 97.624418	 97.488936	 97.354041	 97.219783	 97.086212	 96.953377	 96.821326	 96.690106	 96.559763	 96.430343	 96.301889	 96.174445	 96.048053	 95.922753	 95.798586	 95.675589	 95.553799	 95.433252	 95.313983	 95.196024	 95.079407	 94.964163	 94.850319	 94.737905	 94.626944	 94.517462	 94.409482	 94.303025	 94.198111	 94.094758	 93.992984	 93.892803	  93.79423	 93.697277	 93.601955	 93.508274	 93.416241	 93.325864	 93.237147	 93.150095	  93.06471	 92.980993	 92.898944	 92.818561	 92.739841	 92.662781	 92.587376	 92.513618	   92.4415	 92.371015	 92.302151	 92.234898	 92.169244	 92.105177	 92.042683	 91.981748	 91.922355	 91.864489	 91.808132	 91.753268	 91.699877	  91.64794	 91.597438	 91.548351	 91.500657	 91.454335	 91.409364	 91.365722	 91.323385	 91.282332	 91.242538	 91.203981	 91.166636	  91.13048	 91.095489	 91.061639	 91.028905	 90.997263	 90.966688	 90.937157	 90.908645	 90.881127	  90.85458	 90.828979	   90.8043	  90.78052	 90.757614	  90.73556	 90.714333	 90.693912	 90.674273	 90.655393	 90.637251	 90.619825	 90.603092	 90.587032	 90.571624	 90.556847	  90.54268	 90.529104	   90.5161	 90.503648	 90.491729	 90.480325	 90.469419	 90.458992	 90.449028	 90.439509	  90.43042	 90.421744	 90.413466	  90.40557	 90.398043	 90.390869	 90.384035	 90.377527	 90.371332	 90.365438	 90.359832	 90.354501	 90.349436	 90.344623	 90.340053	 90.335714	 90.331598	 90.327693	 90.323991	 90.320482	 90.317157	 90.314009	 90.311029	 90.308209	 90.305542	  90.30302	 90.300636	 90.298384	 90.296257	 90.294249	 90.292354	 90.290567	 90.288882	 90.287294	 90.285798	 90.284389	 90.283063	 90.281814	 90.280641	 90.279537	   90.2785	 90.277525	  90.27661	 90.275752	 90.274946	 90.274191	 90.273483	  90.27282	 90.272199	 90.271617	 90.271074	 90.270565	 90.270091	 90.269647	 90.269233	 90.268848	 90.268488	 90.268154	 90.267842	 90.267553	 90.267285	 90.267036	 90.266805	 90.266592	 90.266396	 90.266215	 90.266048	 90.265896	 90.265757	 90.265631	 90.265516	 90.265413	 90.265321	 90.265239	 90.265167	 90.265105	 90.265053	 90.265009	 90.264975	 90.264949	 90.264932	 90.264924	
        99	 98.841922	 98.683906	 98.526015	 98.368311	 98.210856	  98.05371	 97.896937	 97.740596	 97.584747	 97.429452	 97.274767	 97.120753	 96.967466	 96.814964	 96.663302	 96.512534	 96.362716	 96.213899	 96.066136	 95.919476	 95.773969	 95.629663	 95.486604	 95.344838	 95.204408	 95.065356	 94.927724	  94.79155	 94.656873	 94.523727	 94.392149	  94.26217	 94.133823	 94.007135	 93.882136	 93.758852	 93.637306	 93.517522	 93.399521	 93.283321	 93.168941	 93.056397	 92.945703	  92.83687	 92.729911	 92.624835	 92.521648	 92.420358	 92.320967	  92.22348	 92.127898	 92.034219	 91.942443	 91.852567	 91.764585	 91.678491	  91.59428	 91.511941	 91.431465	  91.35284	 91.276056	 91.201097	  91.12795	 91.056598	 90.987026	 90.919215	 90.853147	 90.788803	 90.726163	 90.665204	 90.605906	 90.548247	 90.492202	 90.437748	 90.384861	 90.333516	 90.283688	 90.235351	 90.188479	 90.143045	 90.099023	 90.056385	 90.015105	 89.975155	 89.936506	 89.899133	 89.863006	 89.828098	 89.794381	 89.761828	  89.73041	   89.7001	 89.670871	 89.642694	 89.615543	 89.589391	 89.564211	 89.539976	  89.51666	 89.494238	 89.472682	 89.451969	 89.432073	 89.412968	 89.394632	  89.37704	 89.360168	 89.343994	 89.328494	 89.313646	 89.299429	 89.285821	 89.272802	 89.260349	 89.248445	 89.237068	   89.2262	 89.215823	 89.205917	 89.196465	 89.187451	 89.178857	 89.170666	 89.162863	 89.155433	 89.148361	 89.141631	  89.13523	 89.129144	  89.12336	 89.117865	 89.112647	 89.107694	 89.102994	 89.098536	 89.094309	 89.090303	 89.086507	 89.082913	  89.07951	  89.07629	 89.073245	 89.070365	 89.067644	 89.065072	 89.062644	 89.060352	 89.058189	 89.056148	 89.054224	 89.052411	 89.050703	 89.049094	  89.04758	 89.046155	 89.044814	 89.043554	  89.04237	 89.041258	 89.040213	 89.039233	 89.038313	 89.037451	 89.036642	 89.035885	 89.035176	 89.034512	 89.033892	 89.033311	 89.032769	 89.032263	 89.031791	  89.03135	  89.03094	 89.030558	 89.030202	 89.029872	 89.029566	 89.029281	 89.029018	 89.028775	 89.028551	 89.028344	 89.028154	  89.02798	 89.027822	 89.027677	 89.027546	 89.027429	 89.027323	  89.02723	 89.027148	 89.027077	 89.027017	 89.026968	 89.026929	 89.026899	  89.02688	  89.02687	
        99	  98.82236	  98.64479	 98.467361	 98.290141	 98.113201	 97.936609	 97.760435	 97.584747	 97.409613	   97.2351	 97.061274	 96.888201	 96.715945	 96.544571	 96.374141	 96.204716	 96.036358	 95.869126	 95.703077	 95.538268	 95.374755	 95.212592	  95.05183	  94.89252	 94.734712	 94.578453	 94.423789	 94.270764	 94.119421	 93.969799	 93.821938	 93.675875	 93.531645	  93.38928	 93.248813	 93.110272	 92.973685	 92.839078	 92.706474	 92.575895	 92.447361	  92.32089	 92.196497	 92.074198	 91.954003	 91.835923	 91.719967	 91.606142	 91.494453	 91.384902	 91.277491	  91.17222	 91.069087	 90.968088	 90.869219	 90.772472	 90.677839	 90.585311	 90.494876	 90.406522	 90.320236	 90.236001	 90.153802	 90.073621	 89.995439	 89.919237	 89.844993	 89.772687	 89.702295	 89.633793	 89.567157	 89.502362	 89.439382	 89.378189	 89.318758	 89.261059	 89.205065	 89.150746	 89.098074	 89.047018	 88.997548	 88.949634	 88.903245	 88.858351	  88.81492	 88.772922	 88.732324	 88.693097	 88.655208	 88.618626	  88.58332	 88.549259	 88.516413	 88.484749	 88.454239	  88.42485	 88.396554	  88.36932	 88.343119	 88.317922	 88.293699	 88.270423	 88.248064	 88.226596	  88.20599	 88.186221	 88.167261	 88.149085	 88.131668	 88.114983	 88.099006	 88.083714	 88.069083	  88.05509	 88.041713	 88.028928	 88.016715	 88.005053	 87.993922	 87.983301	 87.973171	 87.963513	 87.954309	 87.945541	 87.937191	 87.929243	 87.921681	 87.914488	 87.907649	 87.901149	 87.894974	  87.88911	 87.883544	 87.878262	 87.873253	 87.868503	 87.864001	 87.859736	 87.855696	 87.851873	 87.848255	 87.844832	 87.841596	 87.838538	 87.835648	  87.83292	 87.830344	 87.827913	  87.82562	 87.823458	  87.82142	 87.819501	 87.817693	 87.815991	  87.81439	 87.812884	 87.811467	 87.810137	 87.808887	 87.807713	 87.806611	 87.805578	 87.804608	   87.8037	 87.802849	 87.802052	 87.801307	 87.800609	 87.799957	 87.799348	 87.798779	 87.798248	 87.797753	 87.797292	 87.796862	 87.796463	 87.796092	 87.795748	 87.795428	 87.795133	 87.794859	 87.794607	 87.794375	 87.794162	 87.793966	 87.793788	 87.793625	 87.793478	 87.793346	 87.793228	 87.793123	 87.793031	 87.792952	 87.792884	 87.792828	 87.792784	 87.792751	 87.792729	 87.792718	
        99	 98.802868	 98.605813	 98.408914	 98.212248	 98.015892	 97.819923	 97.624418	 97.429452	   97.2351	 97.041437	 96.848537	 96.656473	 96.465315	 96.275136	 96.086005	  95.89799	 95.711158	 95.525575	 95.341305	 95.158412	 94.976957	 94.796999	 94.618597	 94.441806	 94.266682	 94.093276	 93.921641	 93.751825	 93.583874	 93.417834	 93.253749	 93.091658	 92.931601	 92.773615	 92.617734	 92.463991	 92.312417	 92.163039	 92.015885	 91.870978	  91.72834	 91.587991	 91.449948	 91.314228	 91.180844	 91.049808	 90.921128	 90.794813	 90.670868	 90.549296	 90.430099	 90.313277	 90.198827	 90.086746	 89.977027	 89.869664	 89.764647	 89.661966	 89.561608	 89.463559	 89.367804	 89.274326	 89.183107	 89.094128	 89.007367	 88.922804	 88.840413	 88.760173	 88.682056	 88.606038	  88.53209	 88.460185	 88.390294	 88.322387	 88.256434	 88.192404	 88.130266	 88.069987	 88.011534	 87.954876	 87.899978	 87.846806	 87.795327	 87.745507	  87.69731	 87.650703	 87.605651	 87.562119	 87.520072	 87.479476	 87.440296	 87.402498	 87.366047	  87.33091	 87.297051	 87.264438	 87.233037	 87.202815	 87.173739	 87.145776	 87.118896	 87.093065	 87.068253	 87.044429	 87.021562	 86.999624	 86.978584	 86.958413	 86.939084	 86.920568	 86.902839	 86.885869	 86.869633	 86.854104	 86.839258	 86.825071	 86.811518	 86.798577	 86.786224	 86.774437	 86.763196	 86.752478	 86.742264	 86.732534	 86.723268	 86.714448	 86.706055	 86.698073	 86.690484	 86.683271	 86.676418	 86.669911	 86.663734	 86.657873	 86.652313	 86.647042	 86.642046	 86.637313	 86.632831	 86.628587	 86.624572	 86.620774	 86.617183	 86.613789	 86.610583	 86.607555	 86.604696	 86.601998	 86.599454	 86.597055	 86.594793	 86.592663	 86.590657	 86.588768	 86.586991	  86.58532	 86.583748	 86.582272	 86.580884	 86.579582	 86.578359	 86.577212	 86.576137	 86.575129	 86.574184	   86.5733	 86.572473	 86.571699	 86.570975	 86.570299	 86.569667	 86.569078	 86.568529	 86.568017	 86.567541	 86.567098	 86.566686	 86.566304	 86.565949	 86.565621	 86.565318	 86.565038	  86.56478	 86.564544	 86.564327	 86.564129	 86.563949	 86.563785	 86.563639	 86.563507	 86.563391	 86.563289	 86.563201	 86.563126	 86.563064	 86.563015	 86.562979	 86.562954	 86.562942	
        99	 98.783452	  98.56699	 98.350698	 98.134662	 97.918967	 97.703697	 97.488936	 97.274767	 97.061274	 96.848537	 96.636638	 96.425657	 96.215673	 96.006763	 95.799004	 95.592471	 95.387237	 95.183376	 94.980958	 94.780052	 94.580725	 94.383043	 94.187069	 93.992867	 93.800494	  93.61001	  93.42147	 93.234929	 93.050437	 92.868044	 92.687797	 92.509742	 92.333921	 92.160375	 91.989141	 91.820256	 91.653753	 91.489663	 91.328015	 91.168836	 91.012149	 90.857977	 90.706339	 90.557252	 90.410731	 90.266789	 90.125436	  89.98668	 89.850527	 89.716981	 89.586044	 89.457716	 89.331994	 89.208874	 89.088349	 88.970412	 88.855052	 88.742257	 88.632015	 88.524309	 88.419123	 88.316439	 88.216236	 88.118493	 88.023187	 87.930294	  87.83979	 87.751646	 87.665836	  87.58233	 87.501099	 87.422112	 87.345338	 87.270742	 87.198294	 87.127958	 87.059699	 86.993483	 86.929274	 86.867035	  86.80673	 86.748321	 86.691772	 86.637045	 86.584102	 86.532904	 86.483415	 86.435595	 86.389407	 86.344813	 86.301774	 86.260253	 86.220212	 86.181614	  86.14442	 86.108595	 86.074102	 86.040903	 86.008963	 85.978247	 85.948718	 85.920344	 85.893088	 85.866917	 85.841799	   85.8177	 85.794587	  85.77243	 85.751197	 85.730858	 85.711382	 85.692741	 85.674906	 85.657848	  85.64154	 85.625955	 85.611067	 85.596851	 85.583282	 85.570334	 85.557986	 85.546212	 85.534992	 85.524304	 85.514125	 85.504436	 85.495217	 85.486449	 85.478112	 85.470189	 85.462662	 85.455513	 85.448728	 85.442289	 85.436182	 85.430392	 85.424904	 85.419705	 85.414781	  85.41012	 85.405709	 85.401537	 85.397592	 85.393864	 85.390342	 85.387015	 85.383875	 85.380912	 85.378117	 85.375481	 85.372997	 85.370657	 85.368453	 85.366379	 85.364427	 85.362591	 85.360864	 85.359242	 85.357718	 85.356287	 85.354944	 85.353685	 85.352503	 85.351396	 85.350358	 85.349387	 85.348478	 85.347628	 85.346833	  85.34609	 85.345397	  85.34475	 85.344146	 85.343584	 85.343061	 85.342574	 85.342121	 85.341701	 85.341312	 85.340952	 85.340619	 85.340311	 85.340028	 85.339768	  85.33953	 85.339312	 85.339114	 85.338935	 85.338774	  85.33863	 85.338502	  85.33839	 85.338293	 85.338211	 85.338143	 85.338089	 85.338049	 85.338022	 85.338009	
        99	  98.76412	 98.528334	 98.292734	 98.057412	 97.822461	 97.587974	 97.354041	 97.120753	 96.888201	 96.656473	 96.425657	 96.195841	 95.967111	 95.739552	 95.513246	 95.288275	  95.06472	  94.84266	 94.622172	  94.40333	 94.186209	  93.97088	 93.757411	 93.545872	 93.336326	 93.128837	 92.923466	 92.720271	  92.51931	 92.320634	 92.124297	 91.930346	 91.738829	  91.54979	  91.36327	 91.179309	 90.997942	 90.819203	 90.643125	 90.469736	 90.299061	 90.131126	 89.965951	 89.803555	 89.643953	 89.487161	 89.333189	 89.182046	 89.033739	 88.888271	 88.745646	 88.605861	 88.468916	 88.334804	  88.20352	 88.075055	 87.949396	 87.826532	 87.706448	 87.589127	 87.474551	   87.3627	 87.253552	 87.147083	 87.043269	 86.942084	   86.8435	 86.747487	 86.654017	 86.563056	 86.474574	 86.388536	 86.304907	 86.223653	 86.144737	 86.068121	 85.993769	 85.921642	 85.851701	 85.783906	 85.718217	 85.654594	 85.592997	 85.533384	 85.475714	 85.419947	 85.366039	 85.313951	 85.263639	 85.215064	 85.168183	 85.122956	  85.07934	 85.037296	 84.996782	 84.957759	 84.920186	 84.884023	 84.849232	 84.815774	  84.78361	 84.752702	 84.723013	 84.694506	 84.667145	 84.640895	 84.615719	 84.591584	 84.568455	   84.5463	 84.525086	 84.504781	 84.485353	 84.466772	 84.449008	 84.432032	 84.415816	 84.400331	  84.38555	 84.371446	 84.357995	 84.345171	 84.332949	 84.321307	 84.310219	 84.299666	 84.289624	 84.280072	 84.270991	 84.262361	 84.254162	 84.246375	 84.238984	 84.231971	 84.225318	 84.219011	 84.213033	  84.20737	 84.202006	 84.196929	 84.192125	  84.18758	 84.183284	 84.179222	 84.175386	 84.171762	 84.168342	 84.165114	 84.162069	 84.159198	 84.156493	 84.153944	 84.151543	 84.149284	 84.147157	 84.145157	 84.143277	  84.14151	  84.13985	 84.138291	 84.136828	 84.135456	 84.134169	 84.132963	 84.131833	 84.130775	 84.129785	 84.128859	 84.127993	 84.127184	 84.126428	 84.125723	 84.125066	 84.124454	 84.123884	 84.123353	 84.122861	 84.122403	 84.121979	 84.121587	 84.121224	 84.120889	 84.120581	 84.120297	 84.120038	 84.119801	 84.119585	  84.11939	 84.119214	 84.119057	 84.118918	 84.118796	  84.11869	 84.118601	 84.118527	 84.118468	 84.118425	 84.118396	 84.118381	
        99	  98.74488	 98.489861	 98.235043	 97.980527	 97.726412	 97.472797	 97.219783	 96.967466	 96.715945	 96.465315	 96.215673	 95.967111	 95.719724	 95.473603	 95.228837	 94.985516	 94.743727	 94.503554	 94.265081	 94.028389	 93.793557	 93.560664	 93.329783	 93.100989	  92.87435	 92.649937	 92.427814	 92.208046	 91.990692	  91.77581	 91.563458	 91.353688	 91.146549	  90.94209	 90.740356	 90.541389	 90.345228	 90.151911	  89.96147	 89.773937	 89.589342	 89.407708	  89.22906	 89.053417	 88.880798	 88.711216	 88.544685	 88.381214	 88.220809	 88.063476	 87.909217	  87.75803	 87.609915	 87.464864	 87.322871	 87.183927	 87.048019	 86.915133	 86.785254	 86.658364	 86.534442	 86.413467	 86.295416	 86.180262	 86.067981	 85.958542	 85.851916	 85.748072	 85.646978	 85.548598	 85.452898	 85.359842	 85.269392	  85.18151	 85.096156	 85.013292	 84.932875	 84.854864	 84.779218	 84.705893	 84.634846	 84.566034	 84.499412	 84.434937	 84.372563	 84.312246	 84.253942	 84.197605	  84.14319	 84.090652	 84.039947	 83.991031	 83.943858	 83.898384	 83.854566	 83.812359	 83.771721	 83.732609	  83.69498	 83.658793	 83.624005	 83.590576	 83.558465	 83.527633	 83.498041	 83.469649	  83.44242	 83.416316	 83.391301	 83.367339	 83.344394	 83.322432	  83.30142	 83.281323	 83.262111	  83.24375	 83.226211	 83.209462	 83.193476	 83.178222	 83.163674	 83.149804	 83.136585	 83.123992	 83.112001	 83.100586	 83.089725	 83.079395	 83.069573	 83.060239	 83.051371	 83.042949	 83.034955	  83.02737	 83.020175	 83.013353	 83.006887	 83.000762	 82.994961	  82.98947	 82.984274	 82.979359	 82.974711	 82.970319	 82.966169	  82.96225	  82.95855	 82.955059	 82.951766	 82.948662	 82.945735	 82.942978	 82.940382	 82.937938	 82.935638	 82.933475	 82.931441	  82.92953	 82.927735	 82.926049	 82.924467	 82.922982	 82.921591	 82.920286	 82.919064	  82.91792	 82.916849	 82.915847	  82.91491	 82.914035	 82.913218	 82.912456	 82.911745	 82.911083	 82.910466	 82.909893	  82.90936	 82.908865	 82.908406	 82.907982	 82.907589	 82.907227	 82.906894	 82.906587	 82.906307	  82.90605	 82.905817	 82.905606	 82.905416	 82.905246	 82.905096	 82.904964	 82.904849	 82.904753	 82.904673	 82.904609	 82.904562	  82.90453	 82.904515	
        99	 98.725738	 98.451585	 98.177648	 97.904035	 97.630853	  97.35821	 97.086212	 96.814964	 96.544571	 96.275136	 96.006763	 95.739552	 95.473603	 95.209015	 94.945884	 94.684307	 94.424376	 94.166182	 93.909816	 93.655365	 93.402914	 93.152546	 92.904343	 92.658382	 92.414739	 92.173487	 91.934699	 91.698441	 91.464778	 91.233775	 91.005489	 90.779979	 90.557299	   90.3375	 90.120629	 89.906734	 89.695855	 89.488032	 89.283303	   89.0817	 88.883253	 88.687992	  88.49594	 88.307118	 88.121547	 87.939242	 87.760215	 87.584479	 87.412039	 87.242901	 87.077068	 86.914538	 86.755309	 86.599375	 86.446728	 86.297359	 86.151253	 86.008397	 85.868773	 85.732362	 85.599142	 85.469091	 85.342182	 85.218389	 85.097682	 84.980032	 84.865407	 84.753771	 84.645091	  84.53933	 84.436449	 84.336411	 84.239175	 84.144699	 84.052941	 83.963859	 83.877409	 83.793545	 83.712223	 83.633396	 83.557019	 83.483044	 83.411423	  83.34211	 83.275056	 83.210214	 83.147535	 83.086971	 83.028473	 82.971993	 82.917484	 82.864897	 82.814185	 82.765299	 82.718193	  82.67282	 82.629133	 82.587086	 82.546634	 82.507731	 82.470333	 82.434396	 82.399876	 82.366731	 82.334918	 82.304396	 82.275123	 82.247061	 82.220169	 82.194409	 82.169743	 82.146134	 82.123544	  82.10194	 82.081286	 82.061548	 82.042692	 82.024687	 82.007501	 81.991103	 81.975463	 81.960552	 81.946342	 81.932805	 81.919913	 81.907642	 81.895966	 81.884861	 81.874302	 81.864267	 81.854734	 81.845681	 81.837087	 81.828932	 81.821197	 81.813864	 81.806913	 81.800328	 81.794092	 81.788189	 81.782603	 81.777319	 81.772323	 81.767601	  81.76314	 81.758927	 81.754949	 81.751196	 81.747656	 81.744318	 81.741173	 81.738209	 81.735418	  81.73279	 81.730318	 81.727992	 81.725806	 81.723752	 81.721822	 81.720009	 81.718308	 81.716713	 81.715216	 81.713814	   81.7125	  81.71127	 81.710119	 81.709042	 81.708035	 81.707094	 81.706216	 81.705396	 81.704632	  81.70392	 81.703257	 81.702641	 81.702068	 81.701536	 81.701043	 81.700586	 81.700164	 81.699775	 81.699417	 81.699087	 81.698786	  81.69851	 81.698259	 81.698033	 81.697828	 81.697646	 81.697484	 81.697342	 81.697219	 81.697115	 81.697029	 81.696961	  81.69691	 81.696876	 81.696859	
        99	 98.706702	  98.41352	 98.120569	 97.827964	 97.535821	 97.244254	 96.953377	 96.663302	 96.374141	 96.086005	 95.799004	 95.513246	 95.228837	 94.945884	  94.66449	 94.384757	 94.106784	 93.830669	 93.556509	 93.284397	 93.014423	 92.746678	 92.481246	 92.218213	 91.957659	 91.699663	   91.4443	 91.191643	 90.941762	 90.694725	 90.450594	 90.209432	 89.971296	  89.73624	 89.504317	 89.275575	 89.050059	 88.827811	 88.608872	 88.393275	 88.181055	 87.972241	 87.766858	 87.564931	 87.366479	  87.17152	 86.980068	 86.792133	 86.607724	 86.426847	 86.249503	 86.075692	 85.905411	 85.738654	 85.575412	 85.415675	 85.259428	 85.106657	 84.957341	 84.811462	 84.668995	 84.529917	 84.394199	 84.261814	 84.132729	 84.006913	 83.884332	 83.764948	 83.648724	 83.535622	 83.425601	 83.318619	 83.214633	   83.1136	 83.015474	 82.920208	 82.827757	 82.738073	 82.651106	 82.566808	 82.485129	 82.406019	 82.329428	 82.255304	 82.183596	 82.114253	 82.047223	 81.982455	 81.919897	 81.859498	 81.801205	 81.744968	 81.690735	 81.638457	 81.588081	 81.539558	 81.492839	 81.447874	 81.404614	 81.363011	 81.323017	 81.284586	  81.24767	 81.212224	 81.178203	 81.145562	 81.114258	 81.084248	  81.05549	 81.027942	 81.001563	 80.976315	 80.952158	 80.929054	 80.906967	 80.885858	 80.865694	 80.846439	  80.82806	 80.810524	 80.793799	 80.777853	 80.762656	 80.748179	 80.734393	  80.72127	 80.708784	 80.696908	 80.685616	 80.674885	  80.66469	 80.655008	 80.645818	 80.637097	 80.628825	 80.620983	  80.61355	 80.606508	 80.599839	 80.593526	 80.587552	 80.581901	 80.576558	 80.571509	 80.566738	 80.562232	 80.557979	 80.553966	  80.55018	  80.54661	 80.543246	 80.540076	 80.537092	 80.534282	 80.531638	 80.529151	 80.526813	 80.524616	 80.522552	 80.520614	 80.518795	 80.517088	 80.515488	 80.513988	 80.512583	 80.511268	 80.510037	 80.508885	 80.507808	 80.506802	 80.505863	 80.504987	 80.504169	 80.503408	 80.502699	  80.50204	 80.501427	 80.500858	 80.500331	 80.499843	 80.499392	 80.498975	 80.498592	  80.49824	 80.497917	 80.497622	 80.497354	 80.497112	 80.496893	 80.496698	 80.496525	 80.496373	 80.496242	  80.49613	 80.496038	 80.495966	 80.495911	 80.495875	 80.495857	
        99	 98.687778	 98.375679	 98.063827	 97.752343	 97.441351	 97.130971	 96.821326	 96.512534	 96.204716	  95.89799	 95.592471	 95.288275	 94.985516	 94.684307	 94.384757	 94.086975	 93.791066	 93.497137	 93.205287	 92.915617	 92.628225	 92.343204	 92.060647	 91.780642	 91.503277	 91.228634	 90.956795	 90.687836	 90.421833	 90.158856	 89.898974	 89.642252	  89.38875	 89.138529	 88.891641	  88.64814	 88.408074	 88.171487	 87.938421	 87.708914	 87.483001	 87.260713	 87.042079	 86.827123	 86.615867	 86.408329	 86.204524	 86.004463	 85.808156	 85.615608	 85.426822	 85.241796	 85.060528	 84.883012	 84.709238	 84.539194	 84.372866	 84.210237	 84.051288	 83.895996	 83.744338	 83.596286	 83.451812	 83.310884	 83.173471	 83.039537	 82.909046	 82.781959	 82.658237	 82.537837	 82.420717	 82.306833	 82.196138	 82.088586	 81.984128	 81.882716	   81.7843	 81.688829	 81.596251	 81.506514	 81.419565	 81.335351	 81.253818	 81.174911	 81.098577	  81.02476	 80.953405	 80.884458	 80.817864	 80.753567	 80.691513	 80.631648	 80.573916	 80.518264	 80.464638	 80.412985	 80.363251	 80.315385	 80.269334	 80.225046	 80.182472	 80.141561	 80.102263	  80.06453	 80.028314	 79.993567	 79.960244	 79.928297	 79.897683	 79.868358	 79.840278	   79.8134	 79.787685	  79.76309	 79.739577	 79.717107	 79.695642	 79.675145	  79.65558	 79.636912	 79.619108	 79.602133	 79.585956	 79.570545	 79.555869	   79.5419	 79.528608	 79.515965	 79.503945	 79.492521	 79.481668	 79.471362	 79.461579	 79.452295	  79.44349	 79.435141	 79.427229	 79.419732	 79.412633	 79.405913	 79.399553	 79.393538	 79.387851	 79.382475	 79.377396	   79.3726	 79.368073	   79.3638	  79.35977	  79.35597	 79.352389	 79.349015	 79.345837	 79.342846	 79.340032	 79.337385	 79.334896	 79.332557	  79.33036	 79.328297	  79.32636	 79.324544	  79.32284	 79.321244	 79.319748	 79.318348	 79.317037	 79.315811	 79.314665	 79.313594	 79.312594	 79.311661	 79.310791	 79.309981	 79.309226	 79.308524	 79.307872	 79.307266	 79.306705	 79.306185	 79.305705	 79.305262	 79.304854	 79.304479	 79.304135	 79.303822	 79.303536	 79.303278	 79.303046	 79.302838	 79.302653	 79.302492	 79.302352	 79.302233	 79.302136	 79.302058	    79.302	 79.301961	 79.301942	
        99	 98.668973	 98.338077	 98.007442	 97.677197	 97.347474	 97.018401	 96.690106	 96.362716	 96.036358	 95.711158	 95.387237	  95.06472	 94.743727	 94.424376	 94.106784	 93.791066	 93.477336	 93.165703	 92.856275	 92.549159	 92.244457	  91.94227	 91.642694	 91.345825	 91.051754	  90.76057	 90.472358	   90.1872	 89.905176	  89.62636	 89.350825	 89.078641	 88.809871	 88.544579	 88.282822	 88.024655	 87.770129	 87.519293	 87.272189	 87.028859	  86.78934	 86.553664	 86.321862	 86.093959	 85.869979	 85.649941	 85.433861	 85.221751	 85.013621	 84.809476	 84.609319	 84.413149	 84.220964	 84.032755	 83.848515	 83.668229	 83.491884	  83.31946	 83.150938	 82.986293	   82.8255	 82.668531	 82.515355	  82.36594	  82.22025	  82.07825	 81.939899	 81.805158	 81.673984	 81.546333	 81.422159	 81.301415	 81.184053	 81.070023	 80.959274	 80.851754	 80.747411	 80.646189	 80.548035	 80.452894	 80.360708	 80.271422	 80.184978	 80.101318	 80.020386	 79.942123	 79.866471	 79.793371	 79.722766	 79.654597	 79.588806	 79.525334	 79.464126	 79.405122	 79.348266	 79.293502	 79.240773	 79.190023	 79.141199	 79.094244	 79.049105	  79.00573	 78.964066	  78.92406	 78.885663	 78.848823	 78.813492	 78.779622	 78.747164	 78.716072	 78.686301	 78.657805	  78.63054	 78.604464	 78.579535	 78.555712	 78.532954	 78.511222	 78.490479	 78.470687	  78.45181	 78.433813	 78.416661	 78.400322	 78.384763	 78.369952	 78.355859	 78.342455	 78.329711	 78.317599	 78.306093	 78.295166	 78.284793	 78.274951	 78.265615	 78.256763	 78.248374	 78.240426	 78.232899	 78.225774	 78.219032	 78.212654	 78.206624	 78.200925	 78.195541	 78.190455	 78.185655	 78.181125	 78.176853	 78.172824	 78.169027	  78.16545	 78.162081	  78.15891	 78.155926	 78.153119	  78.15048	    78.148	 78.145671	 78.143483	  78.14143	 78.139504	 78.137698	 78.136006	  78.13442	 78.132935	 78.131545	 78.130246	 78.129031	 78.127895	 78.126835	 78.125846	 78.124924	 78.124064	 78.123264	  78.12252	 78.121828	 78.121186	 78.120591	  78.12004	 78.119531	 78.119061	 78.118628	 78.118231	 78.117867	 78.117534	 78.117232	 78.116958	 78.116711	 78.116491	 78.116296	 78.116124	 78.115976	  78.11585	 78.115747	 78.115664	 78.115603	 78.115562	 78.115542	
